current_episode_id,current_domain,current_research_area,cross_domain_count,timestamp,rank_1_episode_id,rank_1_similarity,rank_1_domain,rank_1_research_area,rank_1_is_cross_domain,rank_1_vector_reconstruction,rank_2_episode_id,rank_2_similarity,rank_2_domain,rank_2_research_area,rank_2_is_cross_domain,rank_2_vector_reconstruction,rank_3_episode_id,rank_3_similarity,rank_3_domain,rank_3_research_area,rank_3_is_cross_domain,rank_3_vector_reconstruction,rank_4_episode_id,rank_4_similarity,rank_4_domain,rank_4_research_area,rank_4_is_cross_domain,rank_4_vector_reconstruction,rank_5_episode_id,rank_5_similarity,rank_5_domain,rank_5_research_area,rank_5_is_cross_domain,rank_5_vector_reconstruction,rank_6_episode_id,rank_6_similarity,rank_6_domain,rank_6_research_area,rank_6_is_cross_domain,rank_6_vector_reconstruction,rank_7_episode_id,rank_7_similarity,rank_7_domain,rank_7_research_area,rank_7_is_cross_domain,rank_7_vector_reconstruction,rank_8_episode_id,rank_8_similarity,rank_8_domain,rank_8_research_area,rank_8_is_cross_domain,rank_8_vector_reconstruction,rank_9_episode_id,rank_9_similarity,rank_9_domain,rank_9_research_area,rank_9_is_cross_domain,rank_9_vector_reconstruction,rank_10_episode_id,rank_10_similarity,rank_10_domain,rank_10_research_area,rank_10_is_cross_domain,rank_10_vector_reconstruction
3,natural language processing,Reinforcement Learning,2,2025-06-18T13:58:57.599675,1.0,2.097750663757324,autonomous systems,unknown,True,"Episode_1: 中間抽象度, 集約的 (dims: [55, 373, 124, 359, 302])",,,,,,,,,,,,,,,,,,,,,,,,,,,,,,,,,,,,,,,,,,,,,,,,,,,,,,
3,natural language processing,Reinforcement Learning,2,2025-06-18T13:58:57.599675,,,,,,,0.0,1.9134697914123535,medical diagnosis,unknown,True,"Episode_0: 中間抽象度, 集約的 (dims: [13, 282, 58, 91, 281])",,,,,,,,,,,,,,,,,,,,,,,,,,,,,,,,,,,,,,,,,,,,,,,,
4,computer vision,Graph Neural Networks,3,2025-06-18T13:58:57.643227,2.0,2.161757230758667,natural language processing,unknown,True,"Episode_2: 中間抽象度, 集約的 (dims: [36, 182, 77, 235, 202])",,,,,,,,,,,,,,,,,,,,,,,,,,,,,,,,,,,,,,,,,,,,,,,,,,,,,,
4,computer vision,Graph Neural Networks,3,2025-06-18T13:58:57.643227,,,,,,,1.0,2.1379761695861816,autonomous systems,unknown,True,"Episode_1: 中間抽象度, 集約的 (dims: [55, 373, 124, 359, 302])",,,,,,,,,,,,,,,,,,,,,,,,,,,,,,,,,,,,,,,,,,,,,,,,
4,computer vision,Graph Neural Networks,3,2025-06-18T13:58:57.643227,,,,,,,,,,,,,0.0,1.894721269607544,medical diagnosis,unknown,True,"Episode_0: 中間抽象度, 集約的 (dims: [13, 282, 58, 91, 281])",,,,,,,,,,,,,,,,,,,,,,,,,,,,,,,,,,,,,,,,,,
5,robotics,Federated Learning,4,2025-06-18T13:58:57.687191,2.0,2.1402599811553955,natural language processing,unknown,True,"Episode_2: 中間抽象度, 集約的 (dims: [36, 182, 77, 235, 202])",,,,,,,,,,,,,,,,,,,,,,,,,,,,,,,,,,,,,,,,,,,,,,,,,,,,,,
5,robotics,Federated Learning,4,2025-06-18T13:58:57.687191,,,,,,,1.0,2.1070594787597656,autonomous systems,unknown,True,"Episode_1: 中間抽象度, 集約的 (dims: [55, 373, 124, 359, 302])",,,,,,,,,,,,,,,,,,,,,,,,,,,,,,,,,,,,,,,,,,,,,,,,
5,robotics,Federated Learning,4,2025-06-18T13:58:57.687191,,,,,,,,,,,,,3.0,1.9577245712280273,computer vision,unknown,True,"Episode_3: 中間抽象度, 集約的 (dims: [360, 184, 305, 266, 71])",,,,,,,,,,,,,,,,,,,,,,,,,,,,,,,,,,,,,,,,,,
5,robotics,Federated Learning,4,2025-06-18T13:58:57.687191,,,,,,,,,,,,,,,,,,,0.0,1.8845016956329346,medical diagnosis,unknown,True,"Episode_0: 中間抽象度, 集約的 (dims: [13, 282, 58, 91, 281])",,,,,,,,,,,,,,,,,,,,,,,,,,,,,,,,,,,,
6,cybersecurity,Explainable AI,5,2025-06-18T13:58:57.731993,2.0,2.1805639266967773,natural language processing,unknown,True,"Episode_2: 中間抽象度, 集約的 (dims: [36, 182, 77, 235, 202])",,,,,,,,,,,,,,,,,,,,,,,,,,,,,,,,,,,,,,,,,,,,,,,,,,,,,,
6,cybersecurity,Explainable AI,5,2025-06-18T13:58:57.731993,,,,,,,4.0,2.1417787075042725,robotics,unknown,True,"Episode_4: 中間抽象度, 集約的 (dims: [309, 42, 374, 377, 1])",,,,,,,,,,,,,,,,,,,,,,,,,,,,,,,,,,,,,,,,,,,,,,,,
6,cybersecurity,Explainable AI,5,2025-06-18T13:58:57.731993,,,,,,,,,,,,,1.0,2.128526449203491,autonomous systems,unknown,True,"Episode_1: 中間抽象度, 集約的 (dims: [55, 373, 124, 359, 302])",,,,,,,,,,,,,,,,,,,,,,,,,,,,,,,,,,,,,,,,,,
6,cybersecurity,Explainable AI,5,2025-06-18T13:58:57.731993,,,,,,,,,,,,,,,,,,,3.0,1.979767918586731,computer vision,unknown,True,"Episode_3: 中間抽象度, 集約的 (dims: [360, 184, 305, 266, 71])",,,,,,,,,,,,,,,,,,,,,,,,,,,,,,,,,,,,
6,cybersecurity,Explainable AI,5,2025-06-18T13:58:57.731993,,,,,,,,,,,,,,,,,,,,,,,,,0.0,1.911033272743225,medical diagnosis,unknown,True,"Episode_0: 中間抽象度, 集約的 (dims: [13, 282, 58, 91, 281])",,,,,,,,,,,,,,,,,,,,,,,,,,,,,,
7,climate modeling,Multimodal Learning,6,2025-06-18T13:58:57.776045,2.0,2.1812820434570312,natural language processing,unknown,True,"Episode_2: 中間抽象度, 集約的 (dims: [36, 182, 77, 235, 202])",,,,,,,,,,,,,,,,,,,,,,,,,,,,,,,,,,,,,,,,,,,,,,,,,,,,,,
7,climate modeling,Multimodal Learning,6,2025-06-18T13:58:57.776045,,,,,,,4.0,2.1485981941223145,robotics,unknown,True,"Episode_4: 中間抽象度, 集約的 (dims: [309, 42, 374, 377, 1])",,,,,,,,,,,,,,,,,,,,,,,,,,,,,,,,,,,,,,,,,,,,,,,,
7,climate modeling,Multimodal Learning,6,2025-06-18T13:58:57.776045,,,,,,,,,,,,,1.0,2.108290672302246,autonomous systems,unknown,True,"Episode_1: 中間抽象度, 集約的 (dims: [55, 373, 124, 359, 302])",,,,,,,,,,,,,,,,,,,,,,,,,,,,,,,,,,,,,,,,,,
7,climate modeling,Multimodal Learning,6,2025-06-18T13:58:57.776045,,,,,,,,,,,,,,,,,,,3.0,1.9836041927337646,computer vision,unknown,True,"Episode_3: 中間抽象度, 集約的 (dims: [360, 184, 305, 266, 71])",,,,,,,,,,,,,,,,,,,,,,,,,,,,,,,,,,,,
7,climate modeling,Multimodal Learning,6,2025-06-18T13:58:57.776045,,,,,,,,,,,,,,,,,,,,,,,,,0.0,1.943310022354126,medical diagnosis,unknown,True,"Episode_0: 中間抽象度, 集約的 (dims: [13, 282, 58, 91, 281])",,,,,,,,,,,,,,,,,,,,,,,,,,,,,,
7,climate modeling,Multimodal Learning,6,2025-06-18T13:58:57.776045,,,,,,,,,,,,,,,,,,,,,,,,,,,,,,,5.0,1.9013603925704956,cybersecurity,unknown,True,"Episode_5: 中間抽象度, 集約的 (dims: [106, 62, 379, 367, 71])",,,,,,,,,,,,,,,,,,,,,,,,
8,drug discovery,Few-shot Learning,7,2025-06-18T13:58:57.820925,2.0,2.151909828186035,natural language processing,unknown,True,"Episode_2: 中間抽象度, 集約的 (dims: [36, 182, 77, 235, 202])",,,,,,,,,,,,,,,,,,,,,,,,,,,,,,,,,,,,,,,,,,,,,,,,,,,,,,
8,drug discovery,Few-shot Learning,7,2025-06-18T13:58:57.820925,,,,,,,4.0,2.1483004093170166,robotics,unknown,True,"Episode_4: 中間抽象度, 集約的 (dims: [309, 42, 374, 377, 1])",,,,,,,,,,,,,,,,,,,,,,,,,,,,,,,,,,,,,,,,,,,,,,,,
8,drug discovery,Few-shot Learning,7,2025-06-18T13:58:57.820925,,,,,,,,,,,,,1.0,2.1474339962005615,autonomous systems,unknown,True,"Episode_1: 中間抽象度, 集約的 (dims: [55, 373, 124, 359, 302])",,,,,,,,,,,,,,,,,,,,,,,,,,,,,,,,,,,,,,,,,,
8,drug discovery,Few-shot Learning,7,2025-06-18T13:58:57.820925,,,,,,,,,,,,,,,,,,,6.0,2.142786979675293,climate modeling,unknown,True,"Episode_6: 中間抽象度, 集約的 (dims: [285, 367, 267, 188, 181])",,,,,,,,,,,,,,,,,,,,,,,,,,,,,,,,,,,,
8,drug discovery,Few-shot Learning,7,2025-06-18T13:58:57.820925,,,,,,,,,,,,,,,,,,,,,,,,,3.0,1.9675366878509521,computer vision,unknown,True,"Episode_3: 中間抽象度, 集約的 (dims: [360, 184, 305, 266, 71])",,,,,,,,,,,,,,,,,,,,,,,,,,,,,,
8,drug discovery,Few-shot Learning,7,2025-06-18T13:58:57.820925,,,,,,,,,,,,,,,,,,,,,,,,,,,,,,,5.0,1.9423749446868896,cybersecurity,unknown,True,"Episode_5: 中間抽象度, 集約的 (dims: [106, 62, 379, 367, 71])",,,,,,,,,,,,,,,,,,,,,,,,
8,drug discovery,Few-shot Learning,7,2025-06-18T13:58:57.820925,,,,,,,,,,,,,,,,,,,,,,,,,,,,,,,,,,,,,0.0,1.9221811294555664,medical diagnosis,unknown,True,"Episode_0: 中間抽象度, 集約的 (dims: [13, 282, 58, 91, 281])",,,,,,,,,,,,,,,,,,
9,financial prediction,Transfer Learning,8,2025-06-18T13:58:57.864847,2.0,2.1775684356689453,natural language processing,unknown,True,"Episode_2: 中間抽象度, 集約的 (dims: [36, 182, 77, 235, 202])",,,,,,,,,,,,,,,,,,,,,,,,,,,,,,,,,,,,,,,,,,,,,,,,,,,,,,
9,financial prediction,Transfer Learning,8,2025-06-18T13:58:57.864847,,,,,,,6.0,2.1628549098968506,climate modeling,unknown,True,"Episode_6: 中間抽象度, 集約的 (dims: [285, 367, 267, 188, 181])",,,,,,,,,,,,,,,,,,,,,,,,,,,,,,,,,,,,,,,,,,,,,,,,
9,financial prediction,Transfer Learning,8,2025-06-18T13:58:57.864847,,,,,,,,,,,,,4.0,2.149130344390869,robotics,unknown,True,"Episode_4: 中間抽象度, 集約的 (dims: [309, 42, 374, 377, 1])",,,,,,,,,,,,,,,,,,,,,,,,,,,,,,,,,,,,,,,,,,
9,financial prediction,Transfer Learning,8,2025-06-18T13:58:57.864847,,,,,,,,,,,,,,,,,,,1.0,2.129271984100342,autonomous systems,unknown,True,"Episode_1: 中間抽象度, 集約的 (dims: [55, 373, 124, 359, 302])",,,,,,,,,,,,,,,,,,,,,,,,,,,,,,,,,,,,
9,financial prediction,Transfer Learning,8,2025-06-18T13:58:57.864847,,,,,,,,,,,,,,,,,,,,,,,,,7.0,2.110011100769043,drug discovery,unknown,True,"Episode_7: 中間抽象度, 集約的 (dims: [183, 158, 326, 305, 201])",,,,,,,,,,,,,,,,,,,,,,,,,,,,,,
9,financial prediction,Transfer Learning,8,2025-06-18T13:58:57.864847,,,,,,,,,,,,,,,,,,,,,,,,,,,,,,,3.0,1.9944021701812744,computer vision,unknown,True,"Episode_3: 中間抽象度, 集約的 (dims: [360, 184, 305, 266, 71])",,,,,,,,,,,,,,,,,,,,,,,,
9,financial prediction,Transfer Learning,8,2025-06-18T13:58:57.864847,,,,,,,,,,,,,,,,,,,,,,,,,,,,,,,,,,,,,5.0,1.927770733833313,cybersecurity,unknown,True,"Episode_5: 中間抽象度, 集約的 (dims: [106, 62, 379, 367, 71])",,,,,,,,,,,,,,,,,,
9,financial prediction,Transfer Learning,8,2025-06-18T13:58:57.864847,,,,,,,,,,,,,,,,,,,,,,,,,,,,,,,,,,,,,,,,,,,0.0,1.9256962537765503,medical diagnosis,unknown,True,"Episode_0: 中間抽象度, 集約的 (dims: [13, 282, 58, 91, 281])",,,,,,,,,,,,
10,educational technology,Adversarial Machine Learning,9,2025-06-18T13:58:57.910201,2.0,2.192437171936035,natural language processing,unknown,True,"Episode_2: 中間抽象度, 集約的 (dims: [36, 182, 77, 235, 202])",,,,,,,,,,,,,,,,,,,,,,,,,,,,,,,,,,,,,,,,,,,,,,,,,,,,,,
10,educational technology,Adversarial Machine Learning,9,2025-06-18T13:58:57.910201,,,,,,,1.0,2.156604766845703,autonomous systems,unknown,True,"Episode_1: 中間抽象度, 集約的 (dims: [55, 373, 124, 359, 302])",,,,,,,,,,,,,,,,,,,,,,,,,,,,,,,,,,,,,,,,,,,,,,,,
10,educational technology,Adversarial Machine Learning,9,2025-06-18T13:58:57.910201,,,,,,,,,,,,,4.0,2.146873712539673,robotics,unknown,True,"Episode_4: 中間抽象度, 集約的 (dims: [309, 42, 374, 377, 1])",,,,,,,,,,,,,,,,,,,,,,,,,,,,,,,,,,,,,,,,,,
10,educational technology,Adversarial Machine Learning,9,2025-06-18T13:58:57.910201,,,,,,,,,,,,,,,,,,,6.0,2.1457207202911377,climate modeling,unknown,True,"Episode_6: 中間抽象度, 集約的 (dims: [285, 367, 267, 188, 181])",,,,,,,,,,,,,,,,,,,,,,,,,,,,,,,,,,,,
10,educational technology,Adversarial Machine Learning,9,2025-06-18T13:58:57.910201,,,,,,,,,,,,,,,,,,,,,,,,,7.0,2.1283345222473145,drug discovery,unknown,True,"Episode_7: 中間抽象度, 集約的 (dims: [183, 158, 326, 305, 201])",,,,,,,,,,,,,,,,,,,,,,,,,,,,,,
10,educational technology,Adversarial Machine Learning,9,2025-06-18T13:58:57.910201,,,,,,,,,,,,,,,,,,,,,,,,,,,,,,,8.0,2.120443820953369,financial prediction,unknown,True,"Episode_8: 中間抽象度, 集約的 (dims: [263, 116, 146, 202, 67])",,,,,,,,,,,,,,,,,,,,,,,,
10,educational technology,Adversarial Machine Learning,9,2025-06-18T13:58:57.910201,,,,,,,,,,,,,,,,,,,,,,,,,,,,,,,,,,,,,3.0,2.0219197273254395,computer vision,unknown,True,"Episode_3: 中間抽象度, 集約的 (dims: [360, 184, 305, 266, 71])",,,,,,,,,,,,,,,,,,
10,educational technology,Adversarial Machine Learning,9,2025-06-18T13:58:57.910201,,,,,,,,,,,,,,,,,,,,,,,,,,,,,,,,,,,,,,,,,,,5.0,1.932023525238037,cybersecurity,unknown,True,"Episode_5: 中間抽象度, 集約的 (dims: [106, 62, 379, 367, 71])",,,,,,,,,,,,
10,educational technology,Adversarial Machine Learning,9,2025-06-18T13:58:57.910201,,,,,,,,,,,,,,,,,,,,,,,,,,,,,,,,,,,,,,,,,,,,,,,,,0.0,1.928670048713684,medical diagnosis,unknown,True,"Episode_0: 中間抽象度, 集約的 (dims: [13, 282, 58, 91, 281])",,,,,,
11,medical diagnosis,Large Language Models,9,2025-06-18T13:58:57.956060,6.0,2.147756814956665,climate modeling,unknown,True,"Episode_6: 中間抽象度, 集約的 (dims: [285, 367, 267, 188, 181])",,,,,,,,,,,,,,,,,,,,,,,,,,,,,,,,,,,,,,,,,,,,,,,,,,,,,,
11,medical diagnosis,Large Language Models,9,2025-06-18T13:58:57.956060,,,,,,,2.0,2.1421144008636475,natural language processing,unknown,True,"Episode_2: 中間抽象度, 集約的 (dims: [36, 182, 77, 235, 202])",,,,,,,,,,,,,,,,,,,,,,,,,,,,,,,,,,,,,,,,,,,,,,,,
11,medical diagnosis,Large Language Models,9,2025-06-18T13:58:57.956060,,,,,,,,,,,,,7.0,2.1229538917541504,drug discovery,unknown,True,"Episode_7: 中間抽象度, 集約的 (dims: [183, 158, 326, 305, 201])",,,,,,,,,,,,,,,,,,,,,,,,,,,,,,,,,,,,,,,,,,
11,medical diagnosis,Large Language Models,9,2025-06-18T13:58:57.956060,,,,,,,,,,,,,,,,,,,4.0,2.118234157562256,robotics,unknown,True,"Episode_4: 中間抽象度, 集約的 (dims: [309, 42, 374, 377, 1])",,,,,,,,,,,,,,,,,,,,,,,,,,,,,,,,,,,,
11,medical diagnosis,Large Language Models,9,2025-06-18T13:58:57.956060,,,,,,,,,,,,,,,,,,,,,,,,,8.0,2.1106667518615723,financial prediction,unknown,True,"Episode_8: 中間抽象度, 集約的 (dims: [263, 116, 146, 202, 67])",,,,,,,,,,,,,,,,,,,,,,,,,,,,,,
11,medical diagnosis,Large Language Models,9,2025-06-18T13:58:57.956060,,,,,,,,,,,,,,,,,,,,,,,,,,,,,,,1.0,2.0963714122772217,autonomous systems,unknown,True,"Episode_1: 中間抽象度, 集約的 (dims: [55, 373, 124, 359, 302])",,,,,,,,,,,,,,,,,,,,,,,,
11,medical diagnosis,Large Language Models,9,2025-06-18T13:58:57.956060,,,,,,,,,,,,,,,,,,,,,,,,,,,,,,,,,,,,,9.0,1.9743666648864746,educational technology,unknown,True,"Episode_9: 中間抽象度, 集約的 (dims: [304, 34, 109, 141, 249])",,,,,,,,,,,,,,,,,,
11,medical diagnosis,Large Language Models,9,2025-06-18T13:58:57.956060,,,,,,,,,,,,,,,,,,,,,,,,,,,,,,,,,,,,,,,,,,,3.0,1.9703150987625122,computer vision,unknown,True,"Episode_3: 中間抽象度, 集約的 (dims: [360, 184, 305, 266, 71])",,,,,,,,,,,,
11,medical diagnosis,Large Language Models,9,2025-06-18T13:58:57.956060,,,,,,,,,,,,,,,,,,,,,,,,,,,,,,,,,,,,,,,,,,,,,,,,,5.0,1.893110990524292,cybersecurity,unknown,True,"Episode_5: 中間抽象度, 集約的 (dims: [106, 62, 379, 367, 71])",,,,,,
11,medical diagnosis,Large Language Models,9,2025-06-18T13:58:57.956060,,,,,,,,,,,,,,,,,,,,,,,,,,,,,,,,,,,,,,,,,,,,,,,,,,,,,,,0.0,1.8874430656433105,medical diagnosis,unknown,False,"Episode_0: 中間抽象度, 集約的 (dims: [13, 282, 58, 91, 281])"
12,autonomous systems,Computer Vision,9,2025-06-18T13:58:57.999092,2.0,2.1492538452148438,natural language processing,unknown,True,"Episode_2: 中間抽象度, 集約的 (dims: [36, 182, 77, 235, 202])",,,,,,,,,,,,,,,,,,,,,,,,,,,,,,,,,,,,,,,,,,,,,,,,,,,,,,
12,autonomous systems,Computer Vision,9,2025-06-18T13:58:57.999092,,,,,,,6.0,2.1198205947875977,climate modeling,unknown,True,"Episode_6: 中間抽象度, 集約的 (dims: [285, 367, 267, 188, 181])",,,,,,,,,,,,,,,,,,,,,,,,,,,,,,,,,,,,,,,,,,,,,,,,
12,autonomous systems,Computer Vision,9,2025-06-18T13:58:57.999092,,,,,,,,,,,,,4.0,2.1099066734313965,robotics,unknown,True,"Episode_4: 中間抽象度, 集約的 (dims: [309, 42, 374, 377, 1])",,,,,,,,,,,,,,,,,,,,,,,,,,,,,,,,,,,,,,,,,,
12,autonomous systems,Computer Vision,9,2025-06-18T13:58:57.999092,,,,,,,,,,,,,,,,,,,8.0,2.1097590923309326,financial prediction,unknown,True,"Episode_8: 中間抽象度, 集約的 (dims: [263, 116, 146, 202, 67])",,,,,,,,,,,,,,,,,,,,,,,,,,,,,,,,,,,,
12,autonomous systems,Computer Vision,9,2025-06-18T13:58:57.999092,,,,,,,,,,,,,,,,,,,,,,,,,1.0,2.0971803665161133,autonomous systems,unknown,False,"Episode_1: 中間抽象度, 集約的 (dims: [55, 373, 124, 359, 302])",,,,,,,,,,,,,,,,,,,,,,,,,,,,,,
12,autonomous systems,Computer Vision,9,2025-06-18T13:58:57.999092,,,,,,,,,,,,,,,,,,,,,,,,,,,,,,,7.0,2.044607162475586,drug discovery,unknown,True,"Episode_7: 中間抽象度, 集約的 (dims: [183, 158, 326, 305, 201])",,,,,,,,,,,,,,,,,,,,,,,,
12,autonomous systems,Computer Vision,9,2025-06-18T13:58:57.999092,,,,,,,,,,,,,,,,,,,,,,,,,,,,,,,,,,,,,9.0,2.015488624572754,educational technology,unknown,True,"Episode_9: 中間抽象度, 集約的 (dims: [304, 34, 109, 141, 249])",,,,,,,,,,,,,,,,,,
12,autonomous systems,Computer Vision,9,2025-06-18T13:58:57.999092,,,,,,,,,,,,,,,,,,,,,,,,,,,,,,,,,,,,,,,,,,,3.0,1.9687590599060059,computer vision,unknown,True,"Episode_3: 中間抽象度, 集約的 (dims: [360, 184, 305, 266, 71])",,,,,,,,,,,,
12,autonomous systems,Computer Vision,9,2025-06-18T13:58:57.999092,,,,,,,,,,,,,,,,,,,,,,,,,,,,,,,,,,,,,,,,,,,,,,,,,5.0,1.913588047027588,cybersecurity,unknown,True,"Episode_5: 中間抽象度, 集約的 (dims: [106, 62, 379, 367, 71])",,,,,,
12,autonomous systems,Computer Vision,9,2025-06-18T13:58:57.999092,,,,,,,,,,,,,,,,,,,,,,,,,,,,,,,,,,,,,,,,,,,,,,,,,,,,,,,0.0,1.8768787384033203,medical diagnosis,unknown,True,"Episode_0: 中間抽象度, 集約的 (dims: [13, 282, 58, 91, 281])"
13,natural language processing,Reinforcement Learning,9,2025-06-18T13:58:58.042730,2.0,2.180974006652832,natural language processing,unknown,False,"Episode_2: 中間抽象度, 集約的 (dims: [36, 182, 77, 235, 202])",,,,,,,,,,,,,,,,,,,,,,,,,,,,,,,,,,,,,,,,,,,,,,,,,,,,,,
13,natural language processing,Reinforcement Learning,9,2025-06-18T13:58:58.042730,,,,,,,6.0,2.1489059925079346,climate modeling,unknown,True,"Episode_6: 中間抽象度, 集約的 (dims: [285, 367, 267, 188, 181])",,,,,,,,,,,,,,,,,,,,,,,,,,,,,,,,,,,,,,,,,,,,,,,,
13,natural language processing,Reinforcement Learning,9,2025-06-18T13:58:58.042730,,,,,,,,,,,,,4.0,2.1394855976104736,robotics,unknown,True,"Episode_4: 中間抽象度, 集約的 (dims: [309, 42, 374, 377, 1])",,,,,,,,,,,,,,,,,,,,,,,,,,,,,,,,,,,,,,,,,,
13,natural language processing,Reinforcement Learning,9,2025-06-18T13:58:58.042730,,,,,,,,,,,,,,,,,,,8.0,2.118954658508301,financial prediction,unknown,True,"Episode_8: 中間抽象度, 集約的 (dims: [263, 116, 146, 202, 67])",,,,,,,,,,,,,,,,,,,,,,,,,,,,,,,,,,,,
13,natural language processing,Reinforcement Learning,9,2025-06-18T13:58:58.042730,,,,,,,,,,,,,,,,,,,,,,,,,1.0,2.097750663757324,autonomous systems,unknown,True,"Episode_1: 中間抽象度, 集約的 (dims: [55, 373, 124, 359, 302])",,,,,,,,,,,,,,,,,,,,,,,,,,,,,,
13,natural language processing,Reinforcement Learning,9,2025-06-18T13:58:58.042730,,,,,,,,,,,,,,,,,,,,,,,,,,,,,,,11.0,2.097750663757324,autonomous systems,unknown,True,"Episode_11: 中間抽象度, 集約的 (dims: [55, 373, 124, 359, 302])",,,,,,,,,,,,,,,,,,,,,,,,
13,natural language processing,Reinforcement Learning,9,2025-06-18T13:58:58.042730,,,,,,,,,,,,,,,,,,,,,,,,,,,,,,,,,,,,,7.0,2.08524489402771,drug discovery,unknown,True,"Episode_7: 中間抽象度, 集約的 (dims: [183, 158, 326, 305, 201])",,,,,,,,,,,,,,,,,,
13,natural language processing,Reinforcement Learning,9,2025-06-18T13:58:58.042730,,,,,,,,,,,,,,,,,,,,,,,,,,,,,,,,,,,,,,,,,,,9.0,2.0178463459014893,educational technology,unknown,True,"Episode_9: 中間抽象度, 集約的 (dims: [304, 34, 109, 141, 249])",,,,,,,,,,,,
13,natural language processing,Reinforcement Learning,9,2025-06-18T13:58:58.042730,,,,,,,,,,,,,,,,,,,,,,,,,,,,,,,,,,,,,,,,,,,,,,,,,3.0,1.9338160753250122,computer vision,unknown,True,"Episode_3: 中間抽象度, 集約的 (dims: [360, 184, 305, 266, 71])",,,,,,
13,natural language processing,Reinforcement Learning,9,2025-06-18T13:58:58.042730,,,,,,,,,,,,,,,,,,,,,,,,,,,,,,,,,,,,,,,,,,,,,,,,,,,,,,,0.0,1.9134697914123535,medical diagnosis,unknown,True,"Episode_0: 中間抽象度, 集約的 (dims: [13, 282, 58, 91, 281])"
14,computer vision,Graph Neural Networks,9,2025-06-18T13:58:58.086592,2.0,2.161757230758667,natural language processing,unknown,True,"Episode_2: 中間抽象度, 集約的 (dims: [36, 182, 77, 235, 202])",,,,,,,,,,,,,,,,,,,,,,,,,,,,,,,,,,,,,,,,,,,,,,,,,,,,,,
14,computer vision,Graph Neural Networks,9,2025-06-18T13:58:58.086592,,,,,,,12.0,2.161757230758667,natural language processing,unknown,True,"Episode_12: 中間抽象度, 集約的 (dims: [36, 182, 77, 235, 202])",,,,,,,,,,,,,,,,,,,,,,,,,,,,,,,,,,,,,,,,,,,,,,,,
14,computer vision,Graph Neural Networks,9,2025-06-18T13:58:58.086592,,,,,,,,,,,,,8.0,2.1489033699035645,financial prediction,unknown,True,"Episode_8: 中間抽象度, 集約的 (dims: [263, 116, 146, 202, 67])",,,,,,,,,,,,,,,,,,,,,,,,,,,,,,,,,,,,,,,,,,
14,computer vision,Graph Neural Networks,9,2025-06-18T13:58:58.086592,,,,,,,,,,,,,,,,,,,7.0,2.143275499343872,drug discovery,unknown,True,"Episode_7: 中間抽象度, 集約的 (dims: [183, 158, 326, 305, 201])",,,,,,,,,,,,,,,,,,,,,,,,,,,,,,,,,,,,
14,computer vision,Graph Neural Networks,9,2025-06-18T13:58:58.086592,,,,,,,,,,,,,,,,,,,,,,,,,4.0,2.1380836963653564,robotics,unknown,True,"Episode_4: 中間抽象度, 集約的 (dims: [309, 42, 374, 377, 1])",,,,,,,,,,,,,,,,,,,,,,,,,,,,,,
14,computer vision,Graph Neural Networks,9,2025-06-18T13:58:58.086592,,,,,,,,,,,,,,,,,,,,,,,,,,,,,,,1.0,2.1379761695861816,autonomous systems,unknown,True,"Episode_1: 中間抽象度, 集約的 (dims: [55, 373, 124, 359, 302])",,,,,,,,,,,,,,,,,,,,,,,,
14,computer vision,Graph Neural Networks,9,2025-06-18T13:58:58.086592,,,,,,,,,,,,,,,,,,,,,,,,,,,,,,,,,,,,,11.0,2.1379761695861816,autonomous systems,unknown,True,"Episode_11: 中間抽象度, 集約的 (dims: [55, 373, 124, 359, 302])",,,,,,,,,,,,,,,,,,
14,computer vision,Graph Neural Networks,9,2025-06-18T13:58:58.086592,,,,,,,,,,,,,,,,,,,,,,,,,,,,,,,,,,,,,,,,,,,6.0,2.1187946796417236,climate modeling,unknown,True,"Episode_6: 中間抽象度, 集約的 (dims: [285, 367, 267, 188, 181])",,,,,,,,,,,,
14,computer vision,Graph Neural Networks,9,2025-06-18T13:58:58.086592,,,,,,,,,,,,,,,,,,,,,,,,,,,,,,,,,,,,,,,,,,,,,,,,,9.0,2.0182883739471436,educational technology,unknown,True,"Episode_9: 中間抽象度, 集約的 (dims: [304, 34, 109, 141, 249])",,,,,,
14,computer vision,Graph Neural Networks,9,2025-06-18T13:58:58.086592,,,,,,,,,,,,,,,,,,,,,,,,,,,,,,,,,,,,,,,,,,,,,,,,,,,,,,,3.0,2.0034995079040527,computer vision,unknown,False,"Episode_3: 中間抽象度, 集約的 (dims: [360, 184, 305, 266, 71])"
15,robotics,Federated Learning,9,2025-06-18T13:58:58.129945,2.0,2.1402599811553955,natural language processing,unknown,True,"Episode_2: 中間抽象度, 集約的 (dims: [36, 182, 77, 235, 202])",,,,,,,,,,,,,,,,,,,,,,,,,,,,,,,,,,,,,,,,,,,,,,,,,,,,,,
15,robotics,Federated Learning,9,2025-06-18T13:58:58.129945,,,,,,,12.0,2.1402599811553955,natural language processing,unknown,True,"Episode_12: 中間抽象度, 集約的 (dims: [36, 182, 77, 235, 202])",,,,,,,,,,,,,,,,,,,,,,,,,,,,,,,,,,,,,,,,,,,,,,,,
15,robotics,Federated Learning,9,2025-06-18T13:58:58.129945,,,,,,,,,,,,,6.0,2.1261472702026367,climate modeling,unknown,True,"Episode_6: 中間抽象度, 集約的 (dims: [285, 367, 267, 188, 181])",,,,,,,,,,,,,,,,,,,,,,,,,,,,,,,,,,,,,,,,,,
15,robotics,Federated Learning,9,2025-06-18T13:58:58.129945,,,,,,,,,,,,,,,,,,,8.0,2.10750675201416,financial prediction,unknown,True,"Episode_8: 中間抽象度, 集約的 (dims: [263, 116, 146, 202, 67])",,,,,,,,,,,,,,,,,,,,,,,,,,,,,,,,,,,,
15,robotics,Federated Learning,9,2025-06-18T13:58:58.129945,,,,,,,,,,,,,,,,,,,,,,,,,1.0,2.1070594787597656,autonomous systems,unknown,True,"Episode_1: 中間抽象度, 集約的 (dims: [55, 373, 124, 359, 302])",,,,,,,,,,,,,,,,,,,,,,,,,,,,,,
15,robotics,Federated Learning,9,2025-06-18T13:58:58.129945,,,,,,,,,,,,,,,,,,,,,,,,,,,,,,,11.0,2.1070594787597656,autonomous systems,unknown,True,"Episode_11: 中間抽象度, 集約的 (dims: [55, 373, 124, 359, 302])",,,,,,,,,,,,,,,,,,,,,,,,
15,robotics,Federated Learning,9,2025-06-18T13:58:58.129945,,,,,,,,,,,,,,,,,,,,,,,,,,,,,,,,,,,,,4.0,2.102534532546997,robotics,unknown,False,"Episode_4: 中間抽象度, 集約的 (dims: [309, 42, 374, 377, 1])",,,,,,,,,,,,,,,,,,
15,robotics,Federated Learning,9,2025-06-18T13:58:58.129945,,,,,,,,,,,,,,,,,,,,,,,,,,,,,,,,,,,,,,,,,,,7.0,2.0994014739990234,drug discovery,unknown,True,"Episode_7: 中間抽象度, 集約的 (dims: [183, 158, 326, 305, 201])",,,,,,,,,,,,
15,robotics,Federated Learning,9,2025-06-18T13:58:58.129945,,,,,,,,,,,,,,,,,,,,,,,,,,,,,,,,,,,,,,,,,,,,,,,,,9.0,2.004298210144043,educational technology,unknown,True,"Episode_9: 中間抽象度, 集約的 (dims: [304, 34, 109, 141, 249])",,,,,,
15,robotics,Federated Learning,9,2025-06-18T13:58:58.129945,,,,,,,,,,,,,,,,,,,,,,,,,,,,,,,,,,,,,,,,,,,,,,,,,,,,,,,3.0,1.9577245712280273,computer vision,unknown,True,"Episode_3: 中間抽象度, 集約的 (dims: [360, 184, 305, 266, 71])"
16,cybersecurity,Explainable AI,10,2025-06-18T13:58:58.174573,2.0,2.1805639266967773,natural language processing,unknown,True,"Episode_2: 中間抽象度, 集約的 (dims: [36, 182, 77, 235, 202])",,,,,,,,,,,,,,,,,,,,,,,,,,,,,,,,,,,,,,,,,,,,,,,,,,,,,,
16,cybersecurity,Explainable AI,10,2025-06-18T13:58:58.174573,,,,,,,12.0,2.1805639266967773,natural language processing,unknown,True,"Episode_12: 中間抽象度, 集約的 (dims: [36, 182, 77, 235, 202])",,,,,,,,,,,,,,,,,,,,,,,,,,,,,,,,,,,,,,,,,,,,,,,,
16,cybersecurity,Explainable AI,10,2025-06-18T13:58:58.174573,,,,,,,,,,,,,4.0,2.1417787075042725,robotics,unknown,True,"Episode_4: 中間抽象度, 集約的 (dims: [309, 42, 374, 377, 1])",,,,,,,,,,,,,,,,,,,,,,,,,,,,,,,,,,,,,,,,,,
16,cybersecurity,Explainable AI,10,2025-06-18T13:58:58.174573,,,,,,,,,,,,,,,,,,,14.0,2.1417787075042725,robotics,unknown,True,"Episode_14: 中間抽象度, 集約的 (dims: [309, 42, 374, 377, 1])",,,,,,,,,,,,,,,,,,,,,,,,,,,,,,,,,,,,
16,cybersecurity,Explainable AI,10,2025-06-18T13:58:58.174573,,,,,,,,,,,,,,,,,,,,,,,,,6.0,2.1379876136779785,climate modeling,unknown,True,"Episode_6: 中間抽象度, 集約的 (dims: [285, 367, 267, 188, 181])",,,,,,,,,,,,,,,,,,,,,,,,,,,,,,
16,cybersecurity,Explainable AI,10,2025-06-18T13:58:58.174573,,,,,,,,,,,,,,,,,,,,,,,,,,,,,,,1.0,2.128526449203491,autonomous systems,unknown,True,"Episode_1: 中間抽象度, 集約的 (dims: [55, 373, 124, 359, 302])",,,,,,,,,,,,,,,,,,,,,,,,
16,cybersecurity,Explainable AI,10,2025-06-18T13:58:58.174573,,,,,,,,,,,,,,,,,,,,,,,,,,,,,,,,,,,,,11.0,2.128526449203491,autonomous systems,unknown,True,"Episode_11: 中間抽象度, 集約的 (dims: [55, 373, 124, 359, 302])",,,,,,,,,,,,,,,,,,
16,cybersecurity,Explainable AI,10,2025-06-18T13:58:58.174573,,,,,,,,,,,,,,,,,,,,,,,,,,,,,,,,,,,,,,,,,,,8.0,2.1093363761901855,financial prediction,unknown,True,"Episode_8: 中間抽象度, 集約的 (dims: [263, 116, 146, 202, 67])",,,,,,,,,,,,
16,cybersecurity,Explainable AI,10,2025-06-18T13:58:58.174573,,,,,,,,,,,,,,,,,,,,,,,,,,,,,,,,,,,,,,,,,,,,,,,,,7.0,2.099086046218872,drug discovery,unknown,True,"Episode_7: 中間抽象度, 集約的 (dims: [183, 158, 326, 305, 201])",,,,,,
16,cybersecurity,Explainable AI,10,2025-06-18T13:58:58.174573,,,,,,,,,,,,,,,,,,,,,,,,,,,,,,,,,,,,,,,,,,,,,,,,,,,,,,,9.0,2.020212173461914,educational technology,unknown,True,"Episode_9: 中間抽象度, 集約的 (dims: [304, 34, 109, 141, 249])"
17,climate modeling,Multimodal Learning,9,2025-06-18T13:58:58.218981,2.0,2.1812820434570312,natural language processing,unknown,True,"Episode_2: 中間抽象度, 集約的 (dims: [36, 182, 77, 235, 202])",,,,,,,,,,,,,,,,,,,,,,,,,,,,,,,,,,,,,,,,,,,,,,,,,,,,,,
17,climate modeling,Multimodal Learning,9,2025-06-18T13:58:58.218981,,,,,,,12.0,2.1812820434570312,natural language processing,unknown,True,"Episode_12: 中間抽象度, 集約的 (dims: [36, 182, 77, 235, 202])",,,,,,,,,,,,,,,,,,,,,,,,,,,,,,,,,,,,,,,,,,,,,,,,
17,climate modeling,Multimodal Learning,9,2025-06-18T13:58:58.218981,,,,,,,,,,,,,4.0,2.1485981941223145,robotics,unknown,True,"Episode_4: 中間抽象度, 集約的 (dims: [309, 42, 374, 377, 1])",,,,,,,,,,,,,,,,,,,,,,,,,,,,,,,,,,,,,,,,,,
17,climate modeling,Multimodal Learning,9,2025-06-18T13:58:58.218981,,,,,,,,,,,,,,,,,,,14.0,2.1485981941223145,robotics,unknown,True,"Episode_14: 中間抽象度, 集約的 (dims: [309, 42, 374, 377, 1])",,,,,,,,,,,,,,,,,,,,,,,,,,,,,,,,,,,,
17,climate modeling,Multimodal Learning,9,2025-06-18T13:58:58.218981,,,,,,,,,,,,,,,,,,,,,,,,,6.0,2.1294806003570557,climate modeling,unknown,False,"Episode_6: 中間抽象度, 集約的 (dims: [285, 367, 267, 188, 181])",,,,,,,,,,,,,,,,,,,,,,,,,,,,,,
17,climate modeling,Multimodal Learning,9,2025-06-18T13:58:58.218981,,,,,,,,,,,,,,,,,,,,,,,,,,,,,,,8.0,2.1094937324523926,financial prediction,unknown,True,"Episode_8: 中間抽象度, 集約的 (dims: [263, 116, 146, 202, 67])",,,,,,,,,,,,,,,,,,,,,,,,
17,climate modeling,Multimodal Learning,9,2025-06-18T13:58:58.218981,,,,,,,,,,,,,,,,,,,,,,,,,,,,,,,,,,,,,1.0,2.108290672302246,autonomous systems,unknown,True,"Episode_1: 中間抽象度, 集約的 (dims: [55, 373, 124, 359, 302])",,,,,,,,,,,,,,,,,,
17,climate modeling,Multimodal Learning,9,2025-06-18T13:58:58.218981,,,,,,,,,,,,,,,,,,,,,,,,,,,,,,,,,,,,,,,,,,,11.0,2.108290672302246,autonomous systems,unknown,True,"Episode_11: 中間抽象度, 集約的 (dims: [55, 373, 124, 359, 302])",,,,,,,,,,,,
17,climate modeling,Multimodal Learning,9,2025-06-18T13:58:58.218981,,,,,,,,,,,,,,,,,,,,,,,,,,,,,,,,,,,,,,,,,,,,,,,,,7.0,2.0756945610046387,drug discovery,unknown,True,"Episode_7: 中間抽象度, 集約的 (dims: [183, 158, 326, 305, 201])",,,,,,
17,climate modeling,Multimodal Learning,9,2025-06-18T13:58:58.218981,,,,,,,,,,,,,,,,,,,,,,,,,,,,,,,,,,,,,,,,,,,,,,,,,,,,,,,9.0,2.0297534465789795,educational technology,unknown,True,"Episode_9: 中間抽象度, 集約的 (dims: [304, 34, 109, 141, 249])"
18,drug discovery,Few-shot Learning,9,2025-06-18T13:58:58.263673,2.0,2.151909828186035,natural language processing,unknown,True,"Episode_2: 中間抽象度, 集約的 (dims: [36, 182, 77, 235, 202])",,,,,,,,,,,,,,,,,,,,,,,,,,,,,,,,,,,,,,,,,,,,,,,,,,,,,,
18,drug discovery,Few-shot Learning,9,2025-06-18T13:58:58.263673,,,,,,,12.0,2.151909828186035,natural language processing,unknown,True,"Episode_12: 中間抽象度, 集約的 (dims: [36, 182, 77, 235, 202])",,,,,,,,,,,,,,,,,,,,,,,,,,,,,,,,,,,,,,,,,,,,,,,,
18,drug discovery,Few-shot Learning,9,2025-06-18T13:58:58.263673,,,,,,,,,,,,,4.0,2.1483004093170166,robotics,unknown,True,"Episode_4: 中間抽象度, 集約的 (dims: [309, 42, 374, 377, 1])",,,,,,,,,,,,,,,,,,,,,,,,,,,,,,,,,,,,,,,,,,
18,drug discovery,Few-shot Learning,9,2025-06-18T13:58:58.263673,,,,,,,,,,,,,,,,,,,14.0,2.1483004093170166,robotics,unknown,True,"Episode_14: 中間抽象度, 集約的 (dims: [309, 42, 374, 377, 1])",,,,,,,,,,,,,,,,,,,,,,,,,,,,,,,,,,,,
18,drug discovery,Few-shot Learning,9,2025-06-18T13:58:58.263673,,,,,,,,,,,,,,,,,,,,,,,,,1.0,2.1474339962005615,autonomous systems,unknown,True,"Episode_1: 中間抽象度, 集約的 (dims: [55, 373, 124, 359, 302])",,,,,,,,,,,,,,,,,,,,,,,,,,,,,,
18,drug discovery,Few-shot Learning,9,2025-06-18T13:58:58.263673,,,,,,,,,,,,,,,,,,,,,,,,,,,,,,,11.0,2.1474339962005615,autonomous systems,unknown,True,"Episode_11: 中間抽象度, 集約的 (dims: [55, 373, 124, 359, 302])",,,,,,,,,,,,,,,,,,,,,,,,
18,drug discovery,Few-shot Learning,9,2025-06-18T13:58:58.263673,,,,,,,,,,,,,,,,,,,,,,,,,,,,,,,,,,,,,6.0,2.142786979675293,climate modeling,unknown,True,"Episode_6: 中間抽象度, 集約的 (dims: [285, 367, 267, 188, 181])",,,,,,,,,,,,,,,,,,
18,drug discovery,Few-shot Learning,9,2025-06-18T13:58:58.263673,,,,,,,,,,,,,,,,,,,,,,,,,,,,,,,,,,,,,,,,,,,16.0,2.142786979675293,climate modeling,unknown,True,"Episode_16: 中間抽象度, 集約的 (dims: [285, 367, 267, 188, 181])",,,,,,,,,,,,
18,drug discovery,Few-shot Learning,9,2025-06-18T13:58:58.263673,,,,,,,,,,,,,,,,,,,,,,,,,,,,,,,,,,,,,,,,,,,,,,,,,7.0,2.0994677543640137,drug discovery,unknown,False,"Episode_7: 中間抽象度, 集約的 (dims: [183, 158, 326, 305, 201])",,,,,,
18,drug discovery,Few-shot Learning,9,2025-06-18T13:58:58.263673,,,,,,,,,,,,,,,,,,,,,,,,,,,,,,,,,,,,,,,,,,,,,,,,,,,,,,,8.0,2.085165023803711,financial prediction,unknown,True,"Episode_8: 中間抽象度, 集約的 (dims: [263, 116, 146, 202, 67])"
19,financial prediction,Transfer Learning,9,2025-06-18T13:58:58.307731,2.0,2.1775684356689453,natural language processing,unknown,True,"Episode_2: 中間抽象度, 集約的 (dims: [36, 182, 77, 235, 202])",,,,,,,,,,,,,,,,,,,,,,,,,,,,,,,,,,,,,,,,,,,,,,,,,,,,,,
19,financial prediction,Transfer Learning,9,2025-06-18T13:58:58.307731,,,,,,,12.0,2.1775684356689453,natural language processing,unknown,True,"Episode_12: 中間抽象度, 集約的 (dims: [36, 182, 77, 235, 202])",,,,,,,,,,,,,,,,,,,,,,,,,,,,,,,,,,,,,,,,,,,,,,,,
19,financial prediction,Transfer Learning,9,2025-06-18T13:58:58.307731,,,,,,,,,,,,,6.0,2.1628549098968506,climate modeling,unknown,True,"Episode_6: 中間抽象度, 集約的 (dims: [285, 367, 267, 188, 181])",,,,,,,,,,,,,,,,,,,,,,,,,,,,,,,,,,,,,,,,,,
19,financial prediction,Transfer Learning,9,2025-06-18T13:58:58.307731,,,,,,,,,,,,,,,,,,,16.0,2.1628549098968506,climate modeling,unknown,True,"Episode_16: 中間抽象度, 集約的 (dims: [285, 367, 267, 188, 181])",,,,,,,,,,,,,,,,,,,,,,,,,,,,,,,,,,,,
19,financial prediction,Transfer Learning,9,2025-06-18T13:58:58.307731,,,,,,,,,,,,,,,,,,,,,,,,,8.0,2.1599748134613037,financial prediction,unknown,False,"Episode_8: 中間抽象度, 集約的 (dims: [263, 116, 146, 202, 67])",,,,,,,,,,,,,,,,,,,,,,,,,,,,,,
19,financial prediction,Transfer Learning,9,2025-06-18T13:58:58.307731,,,,,,,,,,,,,,,,,,,,,,,,,,,,,,,4.0,2.149130344390869,robotics,unknown,True,"Episode_4: 中間抽象度, 集約的 (dims: [309, 42, 374, 377, 1])",,,,,,,,,,,,,,,,,,,,,,,,
19,financial prediction,Transfer Learning,9,2025-06-18T13:58:58.307731,,,,,,,,,,,,,,,,,,,,,,,,,,,,,,,,,,,,,14.0,2.149130344390869,robotics,unknown,True,"Episode_14: 中間抽象度, 集約的 (dims: [309, 42, 374, 377, 1])",,,,,,,,,,,,,,,,,,
19,financial prediction,Transfer Learning,9,2025-06-18T13:58:58.307731,,,,,,,,,,,,,,,,,,,,,,,,,,,,,,,,,,,,,,,,,,,1.0,2.129271984100342,autonomous systems,unknown,True,"Episode_1: 中間抽象度, 集約的 (dims: [55, 373, 124, 359, 302])",,,,,,,,,,,,
19,financial prediction,Transfer Learning,9,2025-06-18T13:58:58.307731,,,,,,,,,,,,,,,,,,,,,,,,,,,,,,,,,,,,,,,,,,,,,,,,,11.0,2.129271984100342,autonomous systems,unknown,True,"Episode_11: 中間抽象度, 集約的 (dims: [55, 373, 124, 359, 302])",,,,,,
19,financial prediction,Transfer Learning,9,2025-06-18T13:58:58.307731,,,,,,,,,,,,,,,,,,,,,,,,,,,,,,,,,,,,,,,,,,,,,,,,,,,,,,,7.0,2.110011100769043,drug discovery,unknown,True,"Episode_7: 中間抽象度, 集約的 (dims: [183, 158, 326, 305, 201])"
20,educational technology,Adversarial Machine Learning,10,2025-06-18T13:58:58.352424,2.0,2.192437171936035,natural language processing,unknown,True,"Episode_2: 中間抽象度, 集約的 (dims: [36, 182, 77, 235, 202])",,,,,,,,,,,,,,,,,,,,,,,,,,,,,,,,,,,,,,,,,,,,,,,,,,,,,,
20,educational technology,Adversarial Machine Learning,10,2025-06-18T13:58:58.352424,,,,,,,12.0,2.192437171936035,natural language processing,unknown,True,"Episode_12: 中間抽象度, 集約的 (dims: [36, 182, 77, 235, 202])",,,,,,,,,,,,,,,,,,,,,,,,,,,,,,,,,,,,,,,,,,,,,,,,
20,educational technology,Adversarial Machine Learning,10,2025-06-18T13:58:58.352424,,,,,,,,,,,,,1.0,2.156604766845703,autonomous systems,unknown,True,"Episode_1: 中間抽象度, 集約的 (dims: [55, 373, 124, 359, 302])",,,,,,,,,,,,,,,,,,,,,,,,,,,,,,,,,,,,,,,,,,
20,educational technology,Adversarial Machine Learning,10,2025-06-18T13:58:58.352424,,,,,,,,,,,,,,,,,,,11.0,2.156604766845703,autonomous systems,unknown,True,"Episode_11: 中間抽象度, 集約的 (dims: [55, 373, 124, 359, 302])",,,,,,,,,,,,,,,,,,,,,,,,,,,,,,,,,,,,
20,educational technology,Adversarial Machine Learning,10,2025-06-18T13:58:58.352424,,,,,,,,,,,,,,,,,,,,,,,,,4.0,2.146873712539673,robotics,unknown,True,"Episode_4: 中間抽象度, 集約的 (dims: [309, 42, 374, 377, 1])",,,,,,,,,,,,,,,,,,,,,,,,,,,,,,
20,educational technology,Adversarial Machine Learning,10,2025-06-18T13:58:58.352424,,,,,,,,,,,,,,,,,,,,,,,,,,,,,,,14.0,2.146873712539673,robotics,unknown,True,"Episode_14: 中間抽象度, 集約的 (dims: [309, 42, 374, 377, 1])",,,,,,,,,,,,,,,,,,,,,,,,
20,educational technology,Adversarial Machine Learning,10,2025-06-18T13:58:58.352424,,,,,,,,,,,,,,,,,,,,,,,,,,,,,,,,,,,,,6.0,2.1457207202911377,climate modeling,unknown,True,"Episode_6: 中間抽象度, 集約的 (dims: [285, 367, 267, 188, 181])",,,,,,,,,,,,,,,,,,
20,educational technology,Adversarial Machine Learning,10,2025-06-18T13:58:58.352424,,,,,,,,,,,,,,,,,,,,,,,,,,,,,,,,,,,,,,,,,,,16.0,2.1457207202911377,climate modeling,unknown,True,"Episode_16: 中間抽象度, 集約的 (dims: [285, 367, 267, 188, 181])",,,,,,,,,,,,
20,educational technology,Adversarial Machine Learning,10,2025-06-18T13:58:58.352424,,,,,,,,,,,,,,,,,,,,,,,,,,,,,,,,,,,,,,,,,,,,,,,,,7.0,2.1283345222473145,drug discovery,unknown,True,"Episode_7: 中間抽象度, 集約的 (dims: [183, 158, 326, 305, 201])",,,,,,
20,educational technology,Adversarial Machine Learning,10,2025-06-18T13:58:58.352424,,,,,,,,,,,,,,,,,,,,,,,,,,,,,,,,,,,,,,,,,,,,,,,,,,,,,,,17.0,2.1283345222473145,drug discovery,unknown,True,"Episode_17: 中間抽象度, 集約的 (dims: [183, 158, 326, 305, 201])"
21,medical diagnosis,Large Language Models,10,2025-06-18T13:58:58.398274,6.0,2.147756814956665,climate modeling,unknown,True,"Episode_6: 中間抽象度, 集約的 (dims: [285, 367, 267, 188, 181])",,,,,,,,,,,,,,,,,,,,,,,,,,,,,,,,,,,,,,,,,,,,,,,,,,,,,,
21,medical diagnosis,Large Language Models,10,2025-06-18T13:58:58.398274,,,,,,,16.0,2.147756814956665,climate modeling,unknown,True,"Episode_16: 中間抽象度, 集約的 (dims: [285, 367, 267, 188, 181])",,,,,,,,,,,,,,,,,,,,,,,,,,,,,,,,,,,,,,,,,,,,,,,,
21,medical diagnosis,Large Language Models,10,2025-06-18T13:58:58.398274,,,,,,,,,,,,,2.0,2.1421144008636475,natural language processing,unknown,True,"Episode_2: 中間抽象度, 集約的 (dims: [36, 182, 77, 235, 202])",,,,,,,,,,,,,,,,,,,,,,,,,,,,,,,,,,,,,,,,,,
21,medical diagnosis,Large Language Models,10,2025-06-18T13:58:58.398274,,,,,,,,,,,,,,,,,,,12.0,2.1421144008636475,natural language processing,unknown,True,"Episode_12: 中間抽象度, 集約的 (dims: [36, 182, 77, 235, 202])",,,,,,,,,,,,,,,,,,,,,,,,,,,,,,,,,,,,
21,medical diagnosis,Large Language Models,10,2025-06-18T13:58:58.398274,,,,,,,,,,,,,,,,,,,,,,,,,7.0,2.1229538917541504,drug discovery,unknown,True,"Episode_7: 中間抽象度, 集約的 (dims: [183, 158, 326, 305, 201])",,,,,,,,,,,,,,,,,,,,,,,,,,,,,,
21,medical diagnosis,Large Language Models,10,2025-06-18T13:58:58.398274,,,,,,,,,,,,,,,,,,,,,,,,,,,,,,,17.0,2.1229538917541504,drug discovery,unknown,True,"Episode_17: 中間抽象度, 集約的 (dims: [183, 158, 326, 305, 201])",,,,,,,,,,,,,,,,,,,,,,,,
21,medical diagnosis,Large Language Models,10,2025-06-18T13:58:58.398274,,,,,,,,,,,,,,,,,,,,,,,,,,,,,,,,,,,,,4.0,2.118234157562256,robotics,unknown,True,"Episode_4: 中間抽象度, 集約的 (dims: [309, 42, 374, 377, 1])",,,,,,,,,,,,,,,,,,
21,medical diagnosis,Large Language Models,10,2025-06-18T13:58:58.398274,,,,,,,,,,,,,,,,,,,,,,,,,,,,,,,,,,,,,,,,,,,14.0,2.118234157562256,robotics,unknown,True,"Episode_14: 中間抽象度, 集約的 (dims: [309, 42, 374, 377, 1])",,,,,,,,,,,,
21,medical diagnosis,Large Language Models,10,2025-06-18T13:58:58.398274,,,,,,,,,,,,,,,,,,,,,,,,,,,,,,,,,,,,,,,,,,,,,,,,,8.0,2.1106667518615723,financial prediction,unknown,True,"Episode_8: 中間抽象度, 集約的 (dims: [263, 116, 146, 202, 67])",,,,,,
21,medical diagnosis,Large Language Models,10,2025-06-18T13:58:58.398274,,,,,,,,,,,,,,,,,,,,,,,,,,,,,,,,,,,,,,,,,,,,,,,,,,,,,,,18.0,2.1106667518615723,financial prediction,unknown,True,"Episode_18: 中間抽象度, 集約的 (dims: [263, 116, 146, 202, 67])"
22,autonomous systems,Computer Vision,8,2025-06-18T13:58:58.442041,2.0,2.1492538452148438,natural language processing,unknown,True,"Episode_2: 中間抽象度, 集約的 (dims: [36, 182, 77, 235, 202])",,,,,,,,,,,,,,,,,,,,,,,,,,,,,,,,,,,,,,,,,,,,,,,,,,,,,,
22,autonomous systems,Computer Vision,8,2025-06-18T13:58:58.442041,,,,,,,6.0,2.1198205947875977,climate modeling,unknown,True,"Episode_6: 中間抽象度, 集約的 (dims: [285, 367, 267, 188, 181])",,,,,,,,,,,,,,,,,,,,,,,,,,,,,,,,,,,,,,,,,,,,,,,,
22,autonomous systems,Computer Vision,8,2025-06-18T13:58:58.442041,,,,,,,,,,,,,16.0,2.1198205947875977,climate modeling,unknown,True,"Episode_16: 中間抽象度, 集約的 (dims: [285, 367, 267, 188, 181])",,,,,,,,,,,,,,,,,,,,,,,,,,,,,,,,,,,,,,,,,,
22,autonomous systems,Computer Vision,8,2025-06-18T13:58:58.442041,,,,,,,,,,,,,,,,,,,4.0,2.1099066734313965,robotics,unknown,True,"Episode_4: 中間抽象度, 集約的 (dims: [309, 42, 374, 377, 1])",,,,,,,,,,,,,,,,,,,,,,,,,,,,,,,,,,,,
22,autonomous systems,Computer Vision,8,2025-06-18T13:58:58.442041,,,,,,,,,,,,,,,,,,,,,,,,,14.0,2.1099066734313965,robotics,unknown,True,"Episode_14: 中間抽象度, 集約的 (dims: [309, 42, 374, 377, 1])",,,,,,,,,,,,,,,,,,,,,,,,,,,,,,
22,autonomous systems,Computer Vision,8,2025-06-18T13:58:58.442041,,,,,,,,,,,,,,,,,,,,,,,,,,,,,,,8.0,2.1097590923309326,financial prediction,unknown,True,"Episode_8: 中間抽象度, 集約的 (dims: [263, 116, 146, 202, 67])",,,,,,,,,,,,,,,,,,,,,,,,
22,autonomous systems,Computer Vision,8,2025-06-18T13:58:58.442041,,,,,,,,,,,,,,,,,,,,,,,,,,,,,,,,,,,,,18.0,2.1097590923309326,financial prediction,unknown,True,"Episode_18: 中間抽象度, 集約的 (dims: [263, 116, 146, 202, 67])",,,,,,,,,,,,,,,,,,
22,autonomous systems,Computer Vision,8,2025-06-18T13:58:58.442041,,,,,,,,,,,,,,,,,,,,,,,,,,,,,,,,,,,,,,,,,,,1.0,2.0971803665161133,autonomous systems,unknown,False,"Episode_1: 中間抽象度, 集約的 (dims: [55, 373, 124, 359, 302])",,,,,,,,,,,,
22,autonomous systems,Computer Vision,8,2025-06-18T13:58:58.442041,,,,,,,,,,,,,,,,,,,,,,,,,,,,,,,,,,,,,,,,,,,,,,,,,11.0,2.0971803665161133,autonomous systems,unknown,False,"Episode_11: 中間抽象度, 集約的 (dims: [55, 373, 124, 359, 302])",,,,,,
22,autonomous systems,Computer Vision,8,2025-06-18T13:58:58.442041,,,,,,,,,,,,,,,,,,,,,,,,,,,,,,,,,,,,,,,,,,,,,,,,,,,,,,,7.0,2.044607162475586,drug discovery,unknown,True,"Episode_7: 中間抽象度, 集約的 (dims: [183, 158, 326, 305, 201])"
23,natural language processing,Reinforcement Learning,10,2025-06-18T13:58:58.485487,6.0,2.1489059925079346,climate modeling,unknown,True,"Episode_6: 中間抽象度, 集約的 (dims: [285, 367, 267, 188, 181])",,,,,,,,,,,,,,,,,,,,,,,,,,,,,,,,,,,,,,,,,,,,,,,,,,,,,,
23,natural language processing,Reinforcement Learning,10,2025-06-18T13:58:58.485487,,,,,,,16.0,2.1489059925079346,climate modeling,unknown,True,"Episode_16: 中間抽象度, 集約的 (dims: [285, 367, 267, 188, 181])",,,,,,,,,,,,,,,,,,,,,,,,,,,,,,,,,,,,,,,,,,,,,,,,
23,natural language processing,Reinforcement Learning,10,2025-06-18T13:58:58.485487,,,,,,,,,,,,,4.0,2.1394855976104736,robotics,unknown,True,"Episode_4: 中間抽象度, 集約的 (dims: [309, 42, 374, 377, 1])",,,,,,,,,,,,,,,,,,,,,,,,,,,,,,,,,,,,,,,,,,
23,natural language processing,Reinforcement Learning,10,2025-06-18T13:58:58.485487,,,,,,,,,,,,,,,,,,,14.0,2.1394855976104736,robotics,unknown,True,"Episode_14: 中間抽象度, 集約的 (dims: [309, 42, 374, 377, 1])",,,,,,,,,,,,,,,,,,,,,,,,,,,,,,,,,,,,
23,natural language processing,Reinforcement Learning,10,2025-06-18T13:58:58.485487,,,,,,,,,,,,,,,,,,,,,,,,,8.0,2.118954658508301,financial prediction,unknown,True,"Episode_8: 中間抽象度, 集約的 (dims: [263, 116, 146, 202, 67])",,,,,,,,,,,,,,,,,,,,,,,,,,,,,,
23,natural language processing,Reinforcement Learning,10,2025-06-18T13:58:58.485487,,,,,,,,,,,,,,,,,,,,,,,,,,,,,,,18.0,2.118954658508301,financial prediction,unknown,True,"Episode_18: 中間抽象度, 集約的 (dims: [263, 116, 146, 202, 67])",,,,,,,,,,,,,,,,,,,,,,,,
23,natural language processing,Reinforcement Learning,10,2025-06-18T13:58:58.485487,,,,,,,,,,,,,,,,,,,,,,,,,,,,,,,,,,,,,1.0,2.097750663757324,autonomous systems,unknown,True,"Episode_1: 中間抽象度, 集約的 (dims: [55, 373, 124, 359, 302])",,,,,,,,,,,,,,,,,,
23,natural language processing,Reinforcement Learning,10,2025-06-18T13:58:58.485487,,,,,,,,,,,,,,,,,,,,,,,,,,,,,,,,,,,,,,,,,,,11.0,2.097750663757324,autonomous systems,unknown,True,"Episode_11: 中間抽象度, 集約的 (dims: [55, 373, 124, 359, 302])",,,,,,,,,,,,
23,natural language processing,Reinforcement Learning,10,2025-06-18T13:58:58.485487,,,,,,,,,,,,,,,,,,,,,,,,,,,,,,,,,,,,,,,,,,,,,,,,,21.0,2.097750663757324,autonomous systems,unknown,True,"Episode_21: 中間抽象度, 集約的 (dims: [55, 373, 124, 359, 302])",,,,,,
23,natural language processing,Reinforcement Learning,10,2025-06-18T13:58:58.485487,,,,,,,,,,,,,,,,,,,,,,,,,,,,,,,,,,,,,,,,,,,,,,,,,,,,,,,7.0,2.08524489402771,drug discovery,unknown,True,"Episode_7: 中間抽象度, 集約的 (dims: [183, 158, 326, 305, 201])"
24,computer vision,Graph Neural Networks,10,2025-06-18T13:58:58.528693,8.0,2.1489033699035645,financial prediction,unknown,True,"Episode_8: 中間抽象度, 集約的 (dims: [263, 116, 146, 202, 67])",,,,,,,,,,,,,,,,,,,,,,,,,,,,,,,,,,,,,,,,,,,,,,,,,,,,,,
24,computer vision,Graph Neural Networks,10,2025-06-18T13:58:58.528693,,,,,,,18.0,2.1489033699035645,financial prediction,unknown,True,"Episode_18: 中間抽象度, 集約的 (dims: [263, 116, 146, 202, 67])",,,,,,,,,,,,,,,,,,,,,,,,,,,,,,,,,,,,,,,,,,,,,,,,
24,computer vision,Graph Neural Networks,10,2025-06-18T13:58:58.528693,,,,,,,,,,,,,7.0,2.143275499343872,drug discovery,unknown,True,"Episode_7: 中間抽象度, 集約的 (dims: [183, 158, 326, 305, 201])",,,,,,,,,,,,,,,,,,,,,,,,,,,,,,,,,,,,,,,,,,
24,computer vision,Graph Neural Networks,10,2025-06-18T13:58:58.528693,,,,,,,,,,,,,,,,,,,17.0,2.143275499343872,drug discovery,unknown,True,"Episode_17: 中間抽象度, 集約的 (dims: [183, 158, 326, 305, 201])",,,,,,,,,,,,,,,,,,,,,,,,,,,,,,,,,,,,
24,computer vision,Graph Neural Networks,10,2025-06-18T13:58:58.528693,,,,,,,,,,,,,,,,,,,,,,,,,4.0,2.1380836963653564,robotics,unknown,True,"Episode_4: 中間抽象度, 集約的 (dims: [309, 42, 374, 377, 1])",,,,,,,,,,,,,,,,,,,,,,,,,,,,,,
24,computer vision,Graph Neural Networks,10,2025-06-18T13:58:58.528693,,,,,,,,,,,,,,,,,,,,,,,,,,,,,,,14.0,2.1380836963653564,robotics,unknown,True,"Episode_14: 中間抽象度, 集約的 (dims: [309, 42, 374, 377, 1])",,,,,,,,,,,,,,,,,,,,,,,,
24,computer vision,Graph Neural Networks,10,2025-06-18T13:58:58.528693,,,,,,,,,,,,,,,,,,,,,,,,,,,,,,,,,,,,,1.0,2.1379761695861816,autonomous systems,unknown,True,"Episode_1: 中間抽象度, 集約的 (dims: [55, 373, 124, 359, 302])",,,,,,,,,,,,,,,,,,
24,computer vision,Graph Neural Networks,10,2025-06-18T13:58:58.528693,,,,,,,,,,,,,,,,,,,,,,,,,,,,,,,,,,,,,,,,,,,11.0,2.1379761695861816,autonomous systems,unknown,True,"Episode_11: 中間抽象度, 集約的 (dims: [55, 373, 124, 359, 302])",,,,,,,,,,,,
24,computer vision,Graph Neural Networks,10,2025-06-18T13:58:58.528693,,,,,,,,,,,,,,,,,,,,,,,,,,,,,,,,,,,,,,,,,,,,,,,,,21.0,2.1379761695861816,autonomous systems,unknown,True,"Episode_21: 中間抽象度, 集約的 (dims: [55, 373, 124, 359, 302])",,,,,,
24,computer vision,Graph Neural Networks,10,2025-06-18T13:58:58.528693,,,,,,,,,,,,,,,,,,,,,,,,,,,,,,,,,,,,,,,,,,,,,,,,,,,,,,,6.0,2.1187946796417236,climate modeling,unknown,True,"Episode_6: 中間抽象度, 集約的 (dims: [285, 367, 267, 188, 181])"
25,robotics,Federated Learning,8,2025-06-18T13:58:58.572535,6.0,2.1261472702026367,climate modeling,unknown,True,"Episode_6: 中間抽象度, 集約的 (dims: [285, 367, 267, 188, 181])",,,,,,,,,,,,,,,,,,,,,,,,,,,,,,,,,,,,,,,,,,,,,,,,,,,,,,
25,robotics,Federated Learning,8,2025-06-18T13:58:58.572535,,,,,,,8.0,2.10750675201416,financial prediction,unknown,True,"Episode_8: 中間抽象度, 集約的 (dims: [263, 116, 146, 202, 67])",,,,,,,,,,,,,,,,,,,,,,,,,,,,,,,,,,,,,,,,,,,,,,,,
25,robotics,Federated Learning,8,2025-06-18T13:58:58.572535,,,,,,,,,,,,,18.0,2.10750675201416,financial prediction,unknown,True,"Episode_18: 中間抽象度, 集約的 (dims: [263, 116, 146, 202, 67])",,,,,,,,,,,,,,,,,,,,,,,,,,,,,,,,,,,,,,,,,,
25,robotics,Federated Learning,8,2025-06-18T13:58:58.572535,,,,,,,,,,,,,,,,,,,1.0,2.1070594787597656,autonomous systems,unknown,True,"Episode_1: 中間抽象度, 集約的 (dims: [55, 373, 124, 359, 302])",,,,,,,,,,,,,,,,,,,,,,,,,,,,,,,,,,,,
25,robotics,Federated Learning,8,2025-06-18T13:58:58.572535,,,,,,,,,,,,,,,,,,,,,,,,,11.0,2.1070594787597656,autonomous systems,unknown,True,"Episode_11: 中間抽象度, 集約的 (dims: [55, 373, 124, 359, 302])",,,,,,,,,,,,,,,,,,,,,,,,,,,,,,
25,robotics,Federated Learning,8,2025-06-18T13:58:58.572535,,,,,,,,,,,,,,,,,,,,,,,,,,,,,,,21.0,2.1070594787597656,autonomous systems,unknown,True,"Episode_21: 中間抽象度, 集約的 (dims: [55, 373, 124, 359, 302])",,,,,,,,,,,,,,,,,,,,,,,,
25,robotics,Federated Learning,8,2025-06-18T13:58:58.572535,,,,,,,,,,,,,,,,,,,,,,,,,,,,,,,,,,,,,4.0,2.102534532546997,robotics,unknown,False,"Episode_4: 中間抽象度, 集約的 (dims: [309, 42, 374, 377, 1])",,,,,,,,,,,,,,,,,,
25,robotics,Federated Learning,8,2025-06-18T13:58:58.572535,,,,,,,,,,,,,,,,,,,,,,,,,,,,,,,,,,,,,,,,,,,14.0,2.102534532546997,robotics,unknown,False,"Episode_14: 中間抽象度, 集約的 (dims: [309, 42, 374, 377, 1])",,,,,,,,,,,,
25,robotics,Federated Learning,8,2025-06-18T13:58:58.572535,,,,,,,,,,,,,,,,,,,,,,,,,,,,,,,,,,,,,,,,,,,,,,,,,7.0,2.0994014739990234,drug discovery,unknown,True,"Episode_7: 中間抽象度, 集約的 (dims: [183, 158, 326, 305, 201])",,,,,,
25,robotics,Federated Learning,8,2025-06-18T13:58:58.572535,,,,,,,,,,,,,,,,,,,,,,,,,,,,,,,,,,,,,,,,,,,,,,,,,,,,,,,17.0,2.0994014739990234,drug discovery,unknown,True,"Episode_17: 中間抽象度, 集約的 (dims: [183, 158, 326, 305, 201])"
26,cybersecurity,Explainable AI,10,2025-06-18T13:58:58.616990,4.0,2.1417787075042725,robotics,unknown,True,"Episode_4: 中間抽象度, 集約的 (dims: [309, 42, 374, 377, 1])",,,,,,,,,,,,,,,,,,,,,,,,,,,,,,,,,,,,,,,,,,,,,,,,,,,,,,
26,cybersecurity,Explainable AI,10,2025-06-18T13:58:58.616990,,,,,,,6.0,2.1379876136779785,climate modeling,unknown,True,"Episode_6: 中間抽象度, 集約的 (dims: [285, 367, 267, 188, 181])",,,,,,,,,,,,,,,,,,,,,,,,,,,,,,,,,,,,,,,,,,,,,,,,
26,cybersecurity,Explainable AI,10,2025-06-18T13:58:58.616990,,,,,,,,,,,,,16.0,2.1379876136779785,climate modeling,unknown,True,"Episode_16: 中間抽象度, 集約的 (dims: [285, 367, 267, 188, 181])",,,,,,,,,,,,,,,,,,,,,,,,,,,,,,,,,,,,,,,,,,
26,cybersecurity,Explainable AI,10,2025-06-18T13:58:58.616990,,,,,,,,,,,,,,,,,,,1.0,2.128526449203491,autonomous systems,unknown,True,"Episode_1: 中間抽象度, 集約的 (dims: [55, 373, 124, 359, 302])",,,,,,,,,,,,,,,,,,,,,,,,,,,,,,,,,,,,
26,cybersecurity,Explainable AI,10,2025-06-18T13:58:58.616990,,,,,,,,,,,,,,,,,,,,,,,,,11.0,2.128526449203491,autonomous systems,unknown,True,"Episode_11: 中間抽象度, 集約的 (dims: [55, 373, 124, 359, 302])",,,,,,,,,,,,,,,,,,,,,,,,,,,,,,
26,cybersecurity,Explainable AI,10,2025-06-18T13:58:58.616990,,,,,,,,,,,,,,,,,,,,,,,,,,,,,,,21.0,2.128526449203491,autonomous systems,unknown,True,"Episode_21: 中間抽象度, 集約的 (dims: [55, 373, 124, 359, 302])",,,,,,,,,,,,,,,,,,,,,,,,
26,cybersecurity,Explainable AI,10,2025-06-18T13:58:58.616990,,,,,,,,,,,,,,,,,,,,,,,,,,,,,,,,,,,,,8.0,2.1093363761901855,financial prediction,unknown,True,"Episode_8: 中間抽象度, 集約的 (dims: [263, 116, 146, 202, 67])",,,,,,,,,,,,,,,,,,
26,cybersecurity,Explainable AI,10,2025-06-18T13:58:58.616990,,,,,,,,,,,,,,,,,,,,,,,,,,,,,,,,,,,,,,,,,,,18.0,2.1093363761901855,financial prediction,unknown,True,"Episode_18: 中間抽象度, 集約的 (dims: [263, 116, 146, 202, 67])",,,,,,,,,,,,
26,cybersecurity,Explainable AI,10,2025-06-18T13:58:58.616990,,,,,,,,,,,,,,,,,,,,,,,,,,,,,,,,,,,,,,,,,,,,,,,,,7.0,2.099086046218872,drug discovery,unknown,True,"Episode_7: 中間抽象度, 集約的 (dims: [183, 158, 326, 305, 201])",,,,,,
26,cybersecurity,Explainable AI,10,2025-06-18T13:58:58.616990,,,,,,,,,,,,,,,,,,,,,,,,,,,,,,,,,,,,,,,,,,,,,,,,,,,,,,,17.0,2.099086046218872,drug discovery,unknown,True,"Episode_17: 中間抽象度, 集約的 (dims: [183, 158, 326, 305, 201])"
27,climate modeling,Multimodal Learning,8,2025-06-18T13:58:58.664705,6.0,2.1294806003570557,climate modeling,unknown,False,"Episode_6: 中間抽象度, 集約的 (dims: [285, 367, 267, 188, 181])",,,,,,,,,,,,,,,,,,,,,,,,,,,,,,,,,,,,,,,,,,,,,,,,,,,,,,
27,climate modeling,Multimodal Learning,8,2025-06-18T13:58:58.664705,,,,,,,16.0,2.1294806003570557,climate modeling,unknown,False,"Episode_16: 中間抽象度, 集約的 (dims: [285, 367, 267, 188, 181])",,,,,,,,,,,,,,,,,,,,,,,,,,,,,,,,,,,,,,,,,,,,,,,,
27,climate modeling,Multimodal Learning,8,2025-06-18T13:58:58.664705,,,,,,,,,,,,,8.0,2.1094937324523926,financial prediction,unknown,True,"Episode_8: 中間抽象度, 集約的 (dims: [263, 116, 146, 202, 67])",,,,,,,,,,,,,,,,,,,,,,,,,,,,,,,,,,,,,,,,,,
27,climate modeling,Multimodal Learning,8,2025-06-18T13:58:58.664705,,,,,,,,,,,,,,,,,,,18.0,2.1094937324523926,financial prediction,unknown,True,"Episode_18: 中間抽象度, 集約的 (dims: [263, 116, 146, 202, 67])",,,,,,,,,,,,,,,,,,,,,,,,,,,,,,,,,,,,
27,climate modeling,Multimodal Learning,8,2025-06-18T13:58:58.664705,,,,,,,,,,,,,,,,,,,,,,,,,1.0,2.108290672302246,autonomous systems,unknown,True,"Episode_1: 中間抽象度, 集約的 (dims: [55, 373, 124, 359, 302])",,,,,,,,,,,,,,,,,,,,,,,,,,,,,,
27,climate modeling,Multimodal Learning,8,2025-06-18T13:58:58.664705,,,,,,,,,,,,,,,,,,,,,,,,,,,,,,,11.0,2.108290672302246,autonomous systems,unknown,True,"Episode_11: 中間抽象度, 集約的 (dims: [55, 373, 124, 359, 302])",,,,,,,,,,,,,,,,,,,,,,,,
27,climate modeling,Multimodal Learning,8,2025-06-18T13:58:58.664705,,,,,,,,,,,,,,,,,,,,,,,,,,,,,,,,,,,,,21.0,2.108290672302246,autonomous systems,unknown,True,"Episode_21: 中間抽象度, 集約的 (dims: [55, 373, 124, 359, 302])",,,,,,,,,,,,,,,,,,
27,climate modeling,Multimodal Learning,8,2025-06-18T13:58:58.664705,,,,,,,,,,,,,,,,,,,,,,,,,,,,,,,,,,,,,,,,,,,7.0,2.0756945610046387,drug discovery,unknown,True,"Episode_7: 中間抽象度, 集約的 (dims: [183, 158, 326, 305, 201])",,,,,,,,,,,,
27,climate modeling,Multimodal Learning,8,2025-06-18T13:58:58.664705,,,,,,,,,,,,,,,,,,,,,,,,,,,,,,,,,,,,,,,,,,,,,,,,,17.0,2.0756945610046387,drug discovery,unknown,True,"Episode_17: 中間抽象度, 集約的 (dims: [183, 158, 326, 305, 201])",,,,,,
27,climate modeling,Multimodal Learning,8,2025-06-18T13:58:58.664705,,,,,,,,,,,,,,,,,,,,,,,,,,,,,,,,,,,,,,,,,,,,,,,,,,,,,,,9.0,2.0297534465789795,educational technology,unknown,True,"Episode_9: 中間抽象度, 集約的 (dims: [304, 34, 109, 141, 249])"
28,drug discovery,Few-shot Learning,8,2025-06-18T13:58:58.711330,1.0,2.1474339962005615,autonomous systems,unknown,True,"Episode_1: 中間抽象度, 集約的 (dims: [55, 373, 124, 359, 302])",,,,,,,,,,,,,,,,,,,,,,,,,,,,,,,,,,,,,,,,,,,,,,,,,,,,,,
28,drug discovery,Few-shot Learning,8,2025-06-18T13:58:58.711330,,,,,,,11.0,2.1474339962005615,autonomous systems,unknown,True,"Episode_11: 中間抽象度, 集約的 (dims: [55, 373, 124, 359, 302])",,,,,,,,,,,,,,,,,,,,,,,,,,,,,,,,,,,,,,,,,,,,,,,,
28,drug discovery,Few-shot Learning,8,2025-06-18T13:58:58.711330,,,,,,,,,,,,,6.0,2.142786979675293,climate modeling,unknown,True,"Episode_6: 中間抽象度, 集約的 (dims: [285, 367, 267, 188, 181])",,,,,,,,,,,,,,,,,,,,,,,,,,,,,,,,,,,,,,,,,,
28,drug discovery,Few-shot Learning,8,2025-06-18T13:58:58.711330,,,,,,,,,,,,,,,,,,,16.0,2.142786979675293,climate modeling,unknown,True,"Episode_16: 中間抽象度, 集約的 (dims: [285, 367, 267, 188, 181])",,,,,,,,,,,,,,,,,,,,,,,,,,,,,,,,,,,,
28,drug discovery,Few-shot Learning,8,2025-06-18T13:58:58.711330,,,,,,,,,,,,,,,,,,,,,,,,,26.0,2.142786979675293,climate modeling,unknown,True,"Episode_26: 中間抽象度, 集約的 (dims: [285, 367, 267, 188, 181])",,,,,,,,,,,,,,,,,,,,,,,,,,,,,,
28,drug discovery,Few-shot Learning,8,2025-06-18T13:58:58.711330,,,,,,,,,,,,,,,,,,,,,,,,,,,,,,,7.0,2.0994677543640137,drug discovery,unknown,False,"Episode_7: 中間抽象度, 集約的 (dims: [183, 158, 326, 305, 201])",,,,,,,,,,,,,,,,,,,,,,,,
28,drug discovery,Few-shot Learning,8,2025-06-18T13:58:58.711330,,,,,,,,,,,,,,,,,,,,,,,,,,,,,,,,,,,,,17.0,2.0994677543640137,drug discovery,unknown,False,"Episode_17: 中間抽象度, 集約的 (dims: [183, 158, 326, 305, 201])",,,,,,,,,,,,,,,,,,
28,drug discovery,Few-shot Learning,8,2025-06-18T13:58:58.711330,,,,,,,,,,,,,,,,,,,,,,,,,,,,,,,,,,,,,,,,,,,8.0,2.085165023803711,financial prediction,unknown,True,"Episode_8: 中間抽象度, 集約的 (dims: [263, 116, 146, 202, 67])",,,,,,,,,,,,
28,drug discovery,Few-shot Learning,8,2025-06-18T13:58:58.711330,,,,,,,,,,,,,,,,,,,,,,,,,,,,,,,,,,,,,,,,,,,,,,,,,18.0,2.085165023803711,financial prediction,unknown,True,"Episode_18: 中間抽象度, 集約的 (dims: [263, 116, 146, 202, 67])",,,,,,
28,drug discovery,Few-shot Learning,8,2025-06-18T13:58:58.711330,,,,,,,,,,,,,,,,,,,,,,,,,,,,,,,,,,,,,,,,,,,,,,,,,,,,,,,9.0,2.011852979660034,educational technology,unknown,True,"Episode_9: 中間抽象度, 集約的 (dims: [304, 34, 109, 141, 249])"
29,financial prediction,Transfer Learning,10,2025-06-18T13:58:58.753473,4.0,2.149130344390869,robotics,unknown,True,"Episode_4: 中間抽象度, 集約的 (dims: [309, 42, 374, 377, 1])",,,,,,,,,,,,,,,,,,,,,,,,,,,,,,,,,,,,,,,,,,,,,,,,,,,,,,
29,financial prediction,Transfer Learning,10,2025-06-18T13:58:58.753473,,,,,,,14.0,2.149130344390869,robotics,unknown,True,"Episode_14: 中間抽象度, 集約的 (dims: [309, 42, 374, 377, 1])",,,,,,,,,,,,,,,,,,,,,,,,,,,,,,,,,,,,,,,,,,,,,,,,
29,financial prediction,Transfer Learning,10,2025-06-18T13:58:58.753473,,,,,,,,,,,,,24.0,2.149130344390869,robotics,unknown,True,"Episode_24: 中間抽象度, 集約的 (dims: [309, 42, 374, 377, 1])",,,,,,,,,,,,,,,,,,,,,,,,,,,,,,,,,,,,,,,,,,
29,financial prediction,Transfer Learning,10,2025-06-18T13:58:58.753473,,,,,,,,,,,,,,,,,,,1.0,2.129271984100342,autonomous systems,unknown,True,"Episode_1: 中間抽象度, 集約的 (dims: [55, 373, 124, 359, 302])",,,,,,,,,,,,,,,,,,,,,,,,,,,,,,,,,,,,
29,financial prediction,Transfer Learning,10,2025-06-18T13:58:58.753473,,,,,,,,,,,,,,,,,,,,,,,,,11.0,2.129271984100342,autonomous systems,unknown,True,"Episode_11: 中間抽象度, 集約的 (dims: [55, 373, 124, 359, 302])",,,,,,,,,,,,,,,,,,,,,,,,,,,,,,
29,financial prediction,Transfer Learning,10,2025-06-18T13:58:58.753473,,,,,,,,,,,,,,,,,,,,,,,,,,,,,,,21.0,2.129271984100342,autonomous systems,unknown,True,"Episode_21: 中間抽象度, 集約的 (dims: [55, 373, 124, 359, 302])",,,,,,,,,,,,,,,,,,,,,,,,
29,financial prediction,Transfer Learning,10,2025-06-18T13:58:58.753473,,,,,,,,,,,,,,,,,,,,,,,,,,,,,,,,,,,,,7.0,2.110011100769043,drug discovery,unknown,True,"Episode_7: 中間抽象度, 集約的 (dims: [183, 158, 326, 305, 201])",,,,,,,,,,,,,,,,,,
29,financial prediction,Transfer Learning,10,2025-06-18T13:58:58.753473,,,,,,,,,,,,,,,,,,,,,,,,,,,,,,,,,,,,,,,,,,,17.0,2.110011100769043,drug discovery,unknown,True,"Episode_17: 中間抽象度, 集約的 (dims: [183, 158, 326, 305, 201])",,,,,,,,,,,,
29,financial prediction,Transfer Learning,10,2025-06-18T13:58:58.753473,,,,,,,,,,,,,,,,,,,,,,,,,,,,,,,,,,,,,,,,,,,,,,,,,27.0,2.110011100769043,drug discovery,unknown,True,"Episode_27: 中間抽象度, 集約的 (dims: [183, 158, 326, 305, 201])",,,,,,
29,financial prediction,Transfer Learning,10,2025-06-18T13:58:58.753473,,,,,,,,,,,,,,,,,,,,,,,,,,,,,,,,,,,,,,,,,,,,,,,,,,,,,,,9.0,2.0264945030212402,educational technology,unknown,True,"Episode_9: 中間抽象度, 集約的 (dims: [304, 34, 109, 141, 249])"
30,educational technology,Adversarial Machine Learning,9,2025-06-18T13:58:58.798347,6.0,2.1457207202911377,climate modeling,unknown,True,"Episode_6: 中間抽象度, 集約的 (dims: [285, 367, 267, 188, 181])",,,,,,,,,,,,,,,,,,,,,,,,,,,,,,,,,,,,,,,,,,,,,,,,,,,,,,
30,educational technology,Adversarial Machine Learning,9,2025-06-18T13:58:58.798347,,,,,,,16.0,2.1457207202911377,climate modeling,unknown,True,"Episode_16: 中間抽象度, 集約的 (dims: [285, 367, 267, 188, 181])",,,,,,,,,,,,,,,,,,,,,,,,,,,,,,,,,,,,,,,,,,,,,,,,
30,educational technology,Adversarial Machine Learning,9,2025-06-18T13:58:58.798347,,,,,,,,,,,,,26.0,2.1457207202911377,climate modeling,unknown,True,"Episode_26: 中間抽象度, 集約的 (dims: [285, 367, 267, 188, 181])",,,,,,,,,,,,,,,,,,,,,,,,,,,,,,,,,,,,,,,,,,
30,educational technology,Adversarial Machine Learning,9,2025-06-18T13:58:58.798347,,,,,,,,,,,,,,,,,,,7.0,2.1283345222473145,drug discovery,unknown,True,"Episode_7: 中間抽象度, 集約的 (dims: [183, 158, 326, 305, 201])",,,,,,,,,,,,,,,,,,,,,,,,,,,,,,,,,,,,
30,educational technology,Adversarial Machine Learning,9,2025-06-18T13:58:58.798347,,,,,,,,,,,,,,,,,,,,,,,,,17.0,2.1283345222473145,drug discovery,unknown,True,"Episode_17: 中間抽象度, 集約的 (dims: [183, 158, 326, 305, 201])",,,,,,,,,,,,,,,,,,,,,,,,,,,,,,
30,educational technology,Adversarial Machine Learning,9,2025-06-18T13:58:58.798347,,,,,,,,,,,,,,,,,,,,,,,,,,,,,,,27.0,2.1283345222473145,drug discovery,unknown,True,"Episode_27: 中間抽象度, 集約的 (dims: [183, 158, 326, 305, 201])",,,,,,,,,,,,,,,,,,,,,,,,
30,educational technology,Adversarial Machine Learning,9,2025-06-18T13:58:58.798347,,,,,,,,,,,,,,,,,,,,,,,,,,,,,,,,,,,,,8.0,2.120443820953369,financial prediction,unknown,True,"Episode_8: 中間抽象度, 集約的 (dims: [263, 116, 146, 202, 67])",,,,,,,,,,,,,,,,,,
30,educational technology,Adversarial Machine Learning,9,2025-06-18T13:58:58.798347,,,,,,,,,,,,,,,,,,,,,,,,,,,,,,,,,,,,,,,,,,,18.0,2.120443820953369,financial prediction,unknown,True,"Episode_18: 中間抽象度, 集約的 (dims: [263, 116, 146, 202, 67])",,,,,,,,,,,,
30,educational technology,Adversarial Machine Learning,9,2025-06-18T13:58:58.798347,,,,,,,,,,,,,,,,,,,,,,,,,,,,,,,,,,,,,,,,,,,,,,,,,28.0,2.120443820953369,financial prediction,unknown,True,"Episode_28: 中間抽象度, 集約的 (dims: [263, 116, 146, 202, 67])",,,,,,
30,educational technology,Adversarial Machine Learning,9,2025-06-18T13:58:58.798347,,,,,,,,,,,,,,,,,,,,,,,,,,,,,,,,,,,,,,,,,,,,,,,,,,,,,,,9.0,2.04761004447937,educational technology,unknown,False,"Episode_9: 中間抽象度, 集約的 (dims: [304, 34, 109, 141, 249])"
31,medical diagnosis,Large Language Models,10,2025-06-18T13:58:58.843154,4.0,2.118234157562256,robotics,unknown,True,"Episode_4: 中間抽象度, 集約的 (dims: [309, 42, 374, 377, 1])",,,,,,,,,,,,,,,,,,,,,,,,,,,,,,,,,,,,,,,,,,,,,,,,,,,,,,
31,medical diagnosis,Large Language Models,10,2025-06-18T13:58:58.843154,,,,,,,14.0,2.118234157562256,robotics,unknown,True,"Episode_14: 中間抽象度, 集約的 (dims: [309, 42, 374, 377, 1])",,,,,,,,,,,,,,,,,,,,,,,,,,,,,,,,,,,,,,,,,,,,,,,,
31,medical diagnosis,Large Language Models,10,2025-06-18T13:58:58.843154,,,,,,,,,,,,,8.0,2.1106667518615723,financial prediction,unknown,True,"Episode_8: 中間抽象度, 集約的 (dims: [263, 116, 146, 202, 67])",,,,,,,,,,,,,,,,,,,,,,,,,,,,,,,,,,,,,,,,,,
31,medical diagnosis,Large Language Models,10,2025-06-18T13:58:58.843154,,,,,,,,,,,,,,,,,,,18.0,2.1106667518615723,financial prediction,unknown,True,"Episode_18: 中間抽象度, 集約的 (dims: [263, 116, 146, 202, 67])",,,,,,,,,,,,,,,,,,,,,,,,,,,,,,,,,,,,
31,medical diagnosis,Large Language Models,10,2025-06-18T13:58:58.843154,,,,,,,,,,,,,,,,,,,,,,,,,28.0,2.1106667518615723,financial prediction,unknown,True,"Episode_28: 中間抽象度, 集約的 (dims: [263, 116, 146, 202, 67])",,,,,,,,,,,,,,,,,,,,,,,,,,,,,,
31,medical diagnosis,Large Language Models,10,2025-06-18T13:58:58.843154,,,,,,,,,,,,,,,,,,,,,,,,,,,,,,,1.0,2.0963714122772217,autonomous systems,unknown,True,"Episode_1: 中間抽象度, 集約的 (dims: [55, 373, 124, 359, 302])",,,,,,,,,,,,,,,,,,,,,,,,
31,medical diagnosis,Large Language Models,10,2025-06-18T13:58:58.843154,,,,,,,,,,,,,,,,,,,,,,,,,,,,,,,,,,,,,11.0,2.0963714122772217,autonomous systems,unknown,True,"Episode_11: 中間抽象度, 集約的 (dims: [55, 373, 124, 359, 302])",,,,,,,,,,,,,,,,,,
31,medical diagnosis,Large Language Models,10,2025-06-18T13:58:58.843154,,,,,,,,,,,,,,,,,,,,,,,,,,,,,,,,,,,,,,,,,,,21.0,2.0963714122772217,autonomous systems,unknown,True,"Episode_21: 中間抽象度, 集約的 (dims: [55, 373, 124, 359, 302])",,,,,,,,,,,,
31,medical diagnosis,Large Language Models,10,2025-06-18T13:58:58.843154,,,,,,,,,,,,,,,,,,,,,,,,,,,,,,,,,,,,,,,,,,,,,,,,,9.0,1.9743666648864746,educational technology,unknown,True,"Episode_9: 中間抽象度, 集約的 (dims: [304, 34, 109, 141, 249])",,,,,,
31,medical diagnosis,Large Language Models,10,2025-06-18T13:58:58.843154,,,,,,,,,,,,,,,,,,,,,,,,,,,,,,,,,,,,,,,,,,,,,,,,,,,,,,,19.0,1.9743666648864746,educational technology,unknown,True,"Episode_19: 中間抽象度, 集約的 (dims: [304, 34, 109, 141, 249])"
32,autonomous systems,Computer Vision,7,2025-06-18T13:58:58.885893,8.0,2.1097590923309326,financial prediction,unknown,True,"Episode_8: 中間抽象度, 集約的 (dims: [263, 116, 146, 202, 67])",,,,,,,,,,,,,,,,,,,,,,,,,,,,,,,,,,,,,,,,,,,,,,,,,,,,,,
32,autonomous systems,Computer Vision,7,2025-06-18T13:58:58.885893,,,,,,,1.0,2.0971803665161133,autonomous systems,unknown,False,"Episode_1: 中間抽象度, 集約的 (dims: [55, 373, 124, 359, 302])",,,,,,,,,,,,,,,,,,,,,,,,,,,,,,,,,,,,,,,,,,,,,,,,
32,autonomous systems,Computer Vision,7,2025-06-18T13:58:58.885893,,,,,,,,,,,,,11.0,2.0971803665161133,autonomous systems,unknown,False,"Episode_11: 中間抽象度, 集約的 (dims: [55, 373, 124, 359, 302])",,,,,,,,,,,,,,,,,,,,,,,,,,,,,,,,,,,,,,,,,,
32,autonomous systems,Computer Vision,7,2025-06-18T13:58:58.885893,,,,,,,,,,,,,,,,,,,21.0,2.0971803665161133,autonomous systems,unknown,False,"Episode_21: 中間抽象度, 集約的 (dims: [55, 373, 124, 359, 302])",,,,,,,,,,,,,,,,,,,,,,,,,,,,,,,,,,,,
32,autonomous systems,Computer Vision,7,2025-06-18T13:58:58.885893,,,,,,,,,,,,,,,,,,,,,,,,,7.0,2.044607162475586,drug discovery,unknown,True,"Episode_7: 中間抽象度, 集約的 (dims: [183, 158, 326, 305, 201])",,,,,,,,,,,,,,,,,,,,,,,,,,,,,,
32,autonomous systems,Computer Vision,7,2025-06-18T13:58:58.885893,,,,,,,,,,,,,,,,,,,,,,,,,,,,,,,17.0,2.044607162475586,drug discovery,unknown,True,"Episode_17: 中間抽象度, 集約的 (dims: [183, 158, 326, 305, 201])",,,,,,,,,,,,,,,,,,,,,,,,
32,autonomous systems,Computer Vision,7,2025-06-18T13:58:58.885893,,,,,,,,,,,,,,,,,,,,,,,,,,,,,,,,,,,,,27.0,2.044607162475586,drug discovery,unknown,True,"Episode_27: 中間抽象度, 集約的 (dims: [183, 158, 326, 305, 201])",,,,,,,,,,,,,,,,,,
32,autonomous systems,Computer Vision,7,2025-06-18T13:58:58.885893,,,,,,,,,,,,,,,,,,,,,,,,,,,,,,,,,,,,,,,,,,,9.0,2.015488624572754,educational technology,unknown,True,"Episode_9: 中間抽象度, 集約的 (dims: [304, 34, 109, 141, 249])",,,,,,,,,,,,
32,autonomous systems,Computer Vision,7,2025-06-18T13:58:58.885893,,,,,,,,,,,,,,,,,,,,,,,,,,,,,,,,,,,,,,,,,,,,,,,,,19.0,2.015488624572754,educational technology,unknown,True,"Episode_19: 中間抽象度, 集約的 (dims: [304, 34, 109, 141, 249])",,,,,,
32,autonomous systems,Computer Vision,7,2025-06-18T13:58:58.885893,,,,,,,,,,,,,,,,,,,,,,,,,,,,,,,,,,,,,,,,,,,,,,,,,,,,,,,29.0,2.015488624572754,educational technology,unknown,True,"Episode_29: 中間抽象度, 集約的 (dims: [304, 34, 109, 141, 249])"
33,natural language processing,Reinforcement Learning,10,2025-06-18T13:58:58.929558,1.0,2.097750663757324,autonomous systems,unknown,True,"Episode_1: 中間抽象度, 集約的 (dims: [55, 373, 124, 359, 302])",,,,,,,,,,,,,,,,,,,,,,,,,,,,,,,,,,,,,,,,,,,,,,,,,,,,,,
33,natural language processing,Reinforcement Learning,10,2025-06-18T13:58:58.929558,,,,,,,11.0,2.097750663757324,autonomous systems,unknown,True,"Episode_11: 中間抽象度, 集約的 (dims: [55, 373, 124, 359, 302])",,,,,,,,,,,,,,,,,,,,,,,,,,,,,,,,,,,,,,,,,,,,,,,,
33,natural language processing,Reinforcement Learning,10,2025-06-18T13:58:58.929558,,,,,,,,,,,,,21.0,2.097750663757324,autonomous systems,unknown,True,"Episode_21: 中間抽象度, 集約的 (dims: [55, 373, 124, 359, 302])",,,,,,,,,,,,,,,,,,,,,,,,,,,,,,,,,,,,,,,,,,
33,natural language processing,Reinforcement Learning,10,2025-06-18T13:58:58.929558,,,,,,,,,,,,,,,,,,,31.0,2.097750663757324,autonomous systems,unknown,True,"Episode_31: 中間抽象度, 集約的 (dims: [55, 373, 124, 359, 302])",,,,,,,,,,,,,,,,,,,,,,,,,,,,,,,,,,,,
33,natural language processing,Reinforcement Learning,10,2025-06-18T13:58:58.929558,,,,,,,,,,,,,,,,,,,,,,,,,7.0,2.08524489402771,drug discovery,unknown,True,"Episode_7: 中間抽象度, 集約的 (dims: [183, 158, 326, 305, 201])",,,,,,,,,,,,,,,,,,,,,,,,,,,,,,
33,natural language processing,Reinforcement Learning,10,2025-06-18T13:58:58.929558,,,,,,,,,,,,,,,,,,,,,,,,,,,,,,,17.0,2.08524489402771,drug discovery,unknown,True,"Episode_17: 中間抽象度, 集約的 (dims: [183, 158, 326, 305, 201])",,,,,,,,,,,,,,,,,,,,,,,,
33,natural language processing,Reinforcement Learning,10,2025-06-18T13:58:58.929558,,,,,,,,,,,,,,,,,,,,,,,,,,,,,,,,,,,,,27.0,2.08524489402771,drug discovery,unknown,True,"Episode_27: 中間抽象度, 集約的 (dims: [183, 158, 326, 305, 201])",,,,,,,,,,,,,,,,,,
33,natural language processing,Reinforcement Learning,10,2025-06-18T13:58:58.929558,,,,,,,,,,,,,,,,,,,,,,,,,,,,,,,,,,,,,,,,,,,9.0,2.0178463459014893,educational technology,unknown,True,"Episode_9: 中間抽象度, 集約的 (dims: [304, 34, 109, 141, 249])",,,,,,,,,,,,
33,natural language processing,Reinforcement Learning,10,2025-06-18T13:58:58.929558,,,,,,,,,,,,,,,,,,,,,,,,,,,,,,,,,,,,,,,,,,,,,,,,,19.0,2.0178463459014893,educational technology,unknown,True,"Episode_19: 中間抽象度, 集約的 (dims: [304, 34, 109, 141, 249])",,,,,,
33,natural language processing,Reinforcement Learning,10,2025-06-18T13:58:58.929558,,,,,,,,,,,,,,,,,,,,,,,,,,,,,,,,,,,,,,,,,,,,,,,,,,,,,,,29.0,2.0178463459014893,educational technology,unknown,True,"Episode_29: 中間抽象度, 集約的 (dims: [304, 34, 109, 141, 249])"
34,computer vision,Graph Neural Networks,10,2025-06-18T13:58:58.973209,1.0,2.1379761695861816,autonomous systems,unknown,True,"Episode_1: 中間抽象度, 集約的 (dims: [55, 373, 124, 359, 302])",,,,,,,,,,,,,,,,,,,,,,,,,,,,,,,,,,,,,,,,,,,,,,,,,,,,,,
34,computer vision,Graph Neural Networks,10,2025-06-18T13:58:58.973209,,,,,,,11.0,2.1379761695861816,autonomous systems,unknown,True,"Episode_11: 中間抽象度, 集約的 (dims: [55, 373, 124, 359, 302])",,,,,,,,,,,,,,,,,,,,,,,,,,,,,,,,,,,,,,,,,,,,,,,,
34,computer vision,Graph Neural Networks,10,2025-06-18T13:58:58.973209,,,,,,,,,,,,,21.0,2.1379761695861816,autonomous systems,unknown,True,"Episode_21: 中間抽象度, 集約的 (dims: [55, 373, 124, 359, 302])",,,,,,,,,,,,,,,,,,,,,,,,,,,,,,,,,,,,,,,,,,
34,computer vision,Graph Neural Networks,10,2025-06-18T13:58:58.973209,,,,,,,,,,,,,,,,,,,31.0,2.1379761695861816,autonomous systems,unknown,True,"Episode_31: 中間抽象度, 集約的 (dims: [55, 373, 124, 359, 302])",,,,,,,,,,,,,,,,,,,,,,,,,,,,,,,,,,,,
34,computer vision,Graph Neural Networks,10,2025-06-18T13:58:58.973209,,,,,,,,,,,,,,,,,,,,,,,,,6.0,2.1187946796417236,climate modeling,unknown,True,"Episode_6: 中間抽象度, 集約的 (dims: [285, 367, 267, 188, 181])",,,,,,,,,,,,,,,,,,,,,,,,,,,,,,
34,computer vision,Graph Neural Networks,10,2025-06-18T13:58:58.973209,,,,,,,,,,,,,,,,,,,,,,,,,,,,,,,16.0,2.1187946796417236,climate modeling,unknown,True,"Episode_16: 中間抽象度, 集約的 (dims: [285, 367, 267, 188, 181])",,,,,,,,,,,,,,,,,,,,,,,,
34,computer vision,Graph Neural Networks,10,2025-06-18T13:58:58.973209,,,,,,,,,,,,,,,,,,,,,,,,,,,,,,,,,,,,,26.0,2.1187946796417236,climate modeling,unknown,True,"Episode_26: 中間抽象度, 集約的 (dims: [285, 367, 267, 188, 181])",,,,,,,,,,,,,,,,,,
34,computer vision,Graph Neural Networks,10,2025-06-18T13:58:58.973209,,,,,,,,,,,,,,,,,,,,,,,,,,,,,,,,,,,,,,,,,,,9.0,2.0182883739471436,educational technology,unknown,True,"Episode_9: 中間抽象度, 集約的 (dims: [304, 34, 109, 141, 249])",,,,,,,,,,,,
34,computer vision,Graph Neural Networks,10,2025-06-18T13:58:58.973209,,,,,,,,,,,,,,,,,,,,,,,,,,,,,,,,,,,,,,,,,,,,,,,,,19.0,2.0182883739471436,educational technology,unknown,True,"Episode_19: 中間抽象度, 集約的 (dims: [304, 34, 109, 141, 249])",,,,,,
34,computer vision,Graph Neural Networks,10,2025-06-18T13:58:58.973209,,,,,,,,,,,,,,,,,,,,,,,,,,,,,,,,,,,,,,,,,,,,,,,,,,,,,,,29.0,2.0182883739471436,educational technology,unknown,True,"Episode_29: 中間抽象度, 集約的 (dims: [304, 34, 109, 141, 249])"
35,robotics,Federated Learning,7,2025-06-18T13:58:59.016218,4.0,2.102534532546997,robotics,unknown,False,"Episode_4: 中間抽象度, 集約的 (dims: [309, 42, 374, 377, 1])",,,,,,,,,,,,,,,,,,,,,,,,,,,,,,,,,,,,,,,,,,,,,,,,,,,,,,
35,robotics,Federated Learning,7,2025-06-18T13:58:59.016218,,,,,,,14.0,2.102534532546997,robotics,unknown,False,"Episode_14: 中間抽象度, 集約的 (dims: [309, 42, 374, 377, 1])",,,,,,,,,,,,,,,,,,,,,,,,,,,,,,,,,,,,,,,,,,,,,,,,
35,robotics,Federated Learning,7,2025-06-18T13:58:59.016218,,,,,,,,,,,,,24.0,2.102534532546997,robotics,unknown,False,"Episode_24: 中間抽象度, 集約的 (dims: [309, 42, 374, 377, 1])",,,,,,,,,,,,,,,,,,,,,,,,,,,,,,,,,,,,,,,,,,
35,robotics,Federated Learning,7,2025-06-18T13:58:59.016218,,,,,,,,,,,,,,,,,,,7.0,2.0994014739990234,drug discovery,unknown,True,"Episode_7: 中間抽象度, 集約的 (dims: [183, 158, 326, 305, 201])",,,,,,,,,,,,,,,,,,,,,,,,,,,,,,,,,,,,
35,robotics,Federated Learning,7,2025-06-18T13:58:59.016218,,,,,,,,,,,,,,,,,,,,,,,,,17.0,2.0994014739990234,drug discovery,unknown,True,"Episode_17: 中間抽象度, 集約的 (dims: [183, 158, 326, 305, 201])",,,,,,,,,,,,,,,,,,,,,,,,,,,,,,
35,robotics,Federated Learning,7,2025-06-18T13:58:59.016218,,,,,,,,,,,,,,,,,,,,,,,,,,,,,,,27.0,2.0994014739990234,drug discovery,unknown,True,"Episode_27: 中間抽象度, 集約的 (dims: [183, 158, 326, 305, 201])",,,,,,,,,,,,,,,,,,,,,,,,
35,robotics,Federated Learning,7,2025-06-18T13:58:59.016218,,,,,,,,,,,,,,,,,,,,,,,,,,,,,,,,,,,,,9.0,2.004298210144043,educational technology,unknown,True,"Episode_9: 中間抽象度, 集約的 (dims: [304, 34, 109, 141, 249])",,,,,,,,,,,,,,,,,,
35,robotics,Federated Learning,7,2025-06-18T13:58:59.016218,,,,,,,,,,,,,,,,,,,,,,,,,,,,,,,,,,,,,,,,,,,19.0,2.004298210144043,educational technology,unknown,True,"Episode_19: 中間抽象度, 集約的 (dims: [304, 34, 109, 141, 249])",,,,,,,,,,,,
35,robotics,Federated Learning,7,2025-06-18T13:58:59.016218,,,,,,,,,,,,,,,,,,,,,,,,,,,,,,,,,,,,,,,,,,,,,,,,,29.0,2.004298210144043,educational technology,unknown,True,"Episode_29: 中間抽象度, 集約的 (dims: [304, 34, 109, 141, 249])",,,,,,
35,robotics,Federated Learning,7,2025-06-18T13:58:59.016218,,,,,,,,,,,,,,,,,,,,,,,,,,,,,,,,,,,,,,,,,,,,,,,,,,,,,,,3.0,1.9577245712280273,computer vision,unknown,True,"Episode_3: 中間抽象度, 集約的 (dims: [360, 184, 305, 266, 71])"
36,cybersecurity,Explainable AI,10,2025-06-18T13:58:59.060562,8.0,2.1093363761901855,financial prediction,unknown,True,"Episode_8: 中間抽象度, 集約的 (dims: [263, 116, 146, 202, 67])",,,,,,,,,,,,,,,,,,,,,,,,,,,,,,,,,,,,,,,,,,,,,,,,,,,,,,
36,cybersecurity,Explainable AI,10,2025-06-18T13:58:59.060562,,,,,,,18.0,2.1093363761901855,financial prediction,unknown,True,"Episode_18: 中間抽象度, 集約的 (dims: [263, 116, 146, 202, 67])",,,,,,,,,,,,,,,,,,,,,,,,,,,,,,,,,,,,,,,,,,,,,,,,
36,cybersecurity,Explainable AI,10,2025-06-18T13:58:59.060562,,,,,,,,,,,,,28.0,2.1093363761901855,financial prediction,unknown,True,"Episode_28: 中間抽象度, 集約的 (dims: [263, 116, 146, 202, 67])",,,,,,,,,,,,,,,,,,,,,,,,,,,,,,,,,,,,,,,,,,
36,cybersecurity,Explainable AI,10,2025-06-18T13:58:59.060562,,,,,,,,,,,,,,,,,,,7.0,2.099086046218872,drug discovery,unknown,True,"Episode_7: 中間抽象度, 集約的 (dims: [183, 158, 326, 305, 201])",,,,,,,,,,,,,,,,,,,,,,,,,,,,,,,,,,,,
36,cybersecurity,Explainable AI,10,2025-06-18T13:58:59.060562,,,,,,,,,,,,,,,,,,,,,,,,,17.0,2.099086046218872,drug discovery,unknown,True,"Episode_17: 中間抽象度, 集約的 (dims: [183, 158, 326, 305, 201])",,,,,,,,,,,,,,,,,,,,,,,,,,,,,,
36,cybersecurity,Explainable AI,10,2025-06-18T13:58:59.060562,,,,,,,,,,,,,,,,,,,,,,,,,,,,,,,27.0,2.099086046218872,drug discovery,unknown,True,"Episode_27: 中間抽象度, 集約的 (dims: [183, 158, 326, 305, 201])",,,,,,,,,,,,,,,,,,,,,,,,
36,cybersecurity,Explainable AI,10,2025-06-18T13:58:59.060562,,,,,,,,,,,,,,,,,,,,,,,,,,,,,,,,,,,,,9.0,2.020212173461914,educational technology,unknown,True,"Episode_9: 中間抽象度, 集約的 (dims: [304, 34, 109, 141, 249])",,,,,,,,,,,,,,,,,,
36,cybersecurity,Explainable AI,10,2025-06-18T13:58:59.060562,,,,,,,,,,,,,,,,,,,,,,,,,,,,,,,,,,,,,,,,,,,19.0,2.020212173461914,educational technology,unknown,True,"Episode_19: 中間抽象度, 集約的 (dims: [304, 34, 109, 141, 249])",,,,,,,,,,,,
36,cybersecurity,Explainable AI,10,2025-06-18T13:58:59.060562,,,,,,,,,,,,,,,,,,,,,,,,,,,,,,,,,,,,,,,,,,,,,,,,,29.0,2.020212173461914,educational technology,unknown,True,"Episode_29: 中間抽象度, 集約的 (dims: [304, 34, 109, 141, 249])",,,,,,
36,cybersecurity,Explainable AI,10,2025-06-18T13:58:59.060562,,,,,,,,,,,,,,,,,,,,,,,,,,,,,,,,,,,,,,,,,,,,,,,,,,,,,,,3.0,1.979767918586731,computer vision,unknown,True,"Episode_3: 中間抽象度, 集約的 (dims: [360, 184, 305, 266, 71])"
37,climate modeling,Multimodal Learning,10,2025-06-18T13:58:59.105209,1.0,2.108290672302246,autonomous systems,unknown,True,"Episode_1: 中間抽象度, 集約的 (dims: [55, 373, 124, 359, 302])",,,,,,,,,,,,,,,,,,,,,,,,,,,,,,,,,,,,,,,,,,,,,,,,,,,,,,
37,climate modeling,Multimodal Learning,10,2025-06-18T13:58:59.105209,,,,,,,11.0,2.108290672302246,autonomous systems,unknown,True,"Episode_11: 中間抽象度, 集約的 (dims: [55, 373, 124, 359, 302])",,,,,,,,,,,,,,,,,,,,,,,,,,,,,,,,,,,,,,,,,,,,,,,,
37,climate modeling,Multimodal Learning,10,2025-06-18T13:58:59.105209,,,,,,,,,,,,,7.0,2.0756945610046387,drug discovery,unknown,True,"Episode_7: 中間抽象度, 集約的 (dims: [183, 158, 326, 305, 201])",,,,,,,,,,,,,,,,,,,,,,,,,,,,,,,,,,,,,,,,,,
37,climate modeling,Multimodal Learning,10,2025-06-18T13:58:59.105209,,,,,,,,,,,,,,,,,,,17.0,2.0756945610046387,drug discovery,unknown,True,"Episode_17: 中間抽象度, 集約的 (dims: [183, 158, 326, 305, 201])",,,,,,,,,,,,,,,,,,,,,,,,,,,,,,,,,,,,
37,climate modeling,Multimodal Learning,10,2025-06-18T13:58:59.105209,,,,,,,,,,,,,,,,,,,,,,,,,27.0,2.0756945610046387,drug discovery,unknown,True,"Episode_27: 中間抽象度, 集約的 (dims: [183, 158, 326, 305, 201])",,,,,,,,,,,,,,,,,,,,,,,,,,,,,,
37,climate modeling,Multimodal Learning,10,2025-06-18T13:58:59.105209,,,,,,,,,,,,,,,,,,,,,,,,,,,,,,,9.0,2.0297534465789795,educational technology,unknown,True,"Episode_9: 中間抽象度, 集約的 (dims: [304, 34, 109, 141, 249])",,,,,,,,,,,,,,,,,,,,,,,,
37,climate modeling,Multimodal Learning,10,2025-06-18T13:58:59.105209,,,,,,,,,,,,,,,,,,,,,,,,,,,,,,,,,,,,,19.0,2.0297534465789795,educational technology,unknown,True,"Episode_19: 中間抽象度, 集約的 (dims: [304, 34, 109, 141, 249])",,,,,,,,,,,,,,,,,,
37,climate modeling,Multimodal Learning,10,2025-06-18T13:58:59.105209,,,,,,,,,,,,,,,,,,,,,,,,,,,,,,,,,,,,,,,,,,,29.0,2.0297534465789795,educational technology,unknown,True,"Episode_29: 中間抽象度, 集約的 (dims: [304, 34, 109, 141, 249])",,,,,,,,,,,,
37,climate modeling,Multimodal Learning,10,2025-06-18T13:58:59.105209,,,,,,,,,,,,,,,,,,,,,,,,,,,,,,,,,,,,,,,,,,,,,,,,,3.0,1.9836041927337646,computer vision,unknown,True,"Episode_3: 中間抽象度, 集約的 (dims: [360, 184, 305, 266, 71])",,,,,,
37,climate modeling,Multimodal Learning,10,2025-06-18T13:58:59.105209,,,,,,,,,,,,,,,,,,,,,,,,,,,,,,,,,,,,,,,,,,,,,,,,,,,,,,,13.0,1.9836041927337646,computer vision,unknown,True,"Episode_13: 中間抽象度, 集約的 (dims: [360, 184, 305, 266, 71])"
38,drug discovery,Few-shot Learning,8,2025-06-18T13:58:59.150926,7.0,2.0994677543640137,drug discovery,unknown,False,"Episode_7: 中間抽象度, 集約的 (dims: [183, 158, 326, 305, 201])",,,,,,,,,,,,,,,,,,,,,,,,,,,,,,,,,,,,,,,,,,,,,,,,,,,,,,
38,drug discovery,Few-shot Learning,8,2025-06-18T13:58:59.150926,,,,,,,17.0,2.0994677543640137,drug discovery,unknown,False,"Episode_17: 中間抽象度, 集約的 (dims: [183, 158, 326, 305, 201])",,,,,,,,,,,,,,,,,,,,,,,,,,,,,,,,,,,,,,,,,,,,,,,,
38,drug discovery,Few-shot Learning,8,2025-06-18T13:58:59.150926,,,,,,,,,,,,,8.0,2.085165023803711,financial prediction,unknown,True,"Episode_8: 中間抽象度, 集約的 (dims: [263, 116, 146, 202, 67])",,,,,,,,,,,,,,,,,,,,,,,,,,,,,,,,,,,,,,,,,,
38,drug discovery,Few-shot Learning,8,2025-06-18T13:58:59.150926,,,,,,,,,,,,,,,,,,,18.0,2.085165023803711,financial prediction,unknown,True,"Episode_18: 中間抽象度, 集約的 (dims: [263, 116, 146, 202, 67])",,,,,,,,,,,,,,,,,,,,,,,,,,,,,,,,,,,,
38,drug discovery,Few-shot Learning,8,2025-06-18T13:58:59.150926,,,,,,,,,,,,,,,,,,,,,,,,,28.0,2.085165023803711,financial prediction,unknown,True,"Episode_28: 中間抽象度, 集約的 (dims: [263, 116, 146, 202, 67])",,,,,,,,,,,,,,,,,,,,,,,,,,,,,,
38,drug discovery,Few-shot Learning,8,2025-06-18T13:58:59.150926,,,,,,,,,,,,,,,,,,,,,,,,,,,,,,,9.0,2.011852979660034,educational technology,unknown,True,"Episode_9: 中間抽象度, 集約的 (dims: [304, 34, 109, 141, 249])",,,,,,,,,,,,,,,,,,,,,,,,
38,drug discovery,Few-shot Learning,8,2025-06-18T13:58:59.150926,,,,,,,,,,,,,,,,,,,,,,,,,,,,,,,,,,,,,19.0,2.011852979660034,educational technology,unknown,True,"Episode_19: 中間抽象度, 集約的 (dims: [304, 34, 109, 141, 249])",,,,,,,,,,,,,,,,,,
38,drug discovery,Few-shot Learning,8,2025-06-18T13:58:59.150926,,,,,,,,,,,,,,,,,,,,,,,,,,,,,,,,,,,,,,,,,,,29.0,2.011852979660034,educational technology,unknown,True,"Episode_29: 中間抽象度, 集約的 (dims: [304, 34, 109, 141, 249])",,,,,,,,,,,,
38,drug discovery,Few-shot Learning,8,2025-06-18T13:58:59.150926,,,,,,,,,,,,,,,,,,,,,,,,,,,,,,,,,,,,,,,,,,,,,,,,,3.0,1.9675366878509521,computer vision,unknown,True,"Episode_3: 中間抽象度, 集約的 (dims: [360, 184, 305, 266, 71])",,,,,,
38,drug discovery,Few-shot Learning,8,2025-06-18T13:58:59.150926,,,,,,,,,,,,,,,,,,,,,,,,,,,,,,,,,,,,,,,,,,,,,,,,,,,,,,,13.0,1.9675366878509521,computer vision,unknown,True,"Episode_13: 中間抽象度, 集約的 (dims: [360, 184, 305, 266, 71])"
39,financial prediction,Transfer Learning,10,2025-06-18T13:58:59.195407,1.0,2.129271984100342,autonomous systems,unknown,True,"Episode_1: 中間抽象度, 集約的 (dims: [55, 373, 124, 359, 302])",,,,,,,,,,,,,,,,,,,,,,,,,,,,,,,,,,,,,,,,,,,,,,,,,,,,,,
39,financial prediction,Transfer Learning,10,2025-06-18T13:58:59.195407,,,,,,,7.0,2.110011100769043,drug discovery,unknown,True,"Episode_7: 中間抽象度, 集約的 (dims: [183, 158, 326, 305, 201])",,,,,,,,,,,,,,,,,,,,,,,,,,,,,,,,,,,,,,,,,,,,,,,,
39,financial prediction,Transfer Learning,10,2025-06-18T13:58:59.195407,,,,,,,,,,,,,17.0,2.110011100769043,drug discovery,unknown,True,"Episode_17: 中間抽象度, 集約的 (dims: [183, 158, 326, 305, 201])",,,,,,,,,,,,,,,,,,,,,,,,,,,,,,,,,,,,,,,,,,
39,financial prediction,Transfer Learning,10,2025-06-18T13:58:59.195407,,,,,,,,,,,,,,,,,,,27.0,2.110011100769043,drug discovery,unknown,True,"Episode_27: 中間抽象度, 集約的 (dims: [183, 158, 326, 305, 201])",,,,,,,,,,,,,,,,,,,,,,,,,,,,,,,,,,,,
39,financial prediction,Transfer Learning,10,2025-06-18T13:58:59.195407,,,,,,,,,,,,,,,,,,,,,,,,,37.0,2.110011100769043,drug discovery,unknown,True,"Episode_37: 中間抽象度, 集約的 (dims: [183, 158, 326, 305, 201])",,,,,,,,,,,,,,,,,,,,,,,,,,,,,,
39,financial prediction,Transfer Learning,10,2025-06-18T13:58:59.195407,,,,,,,,,,,,,,,,,,,,,,,,,,,,,,,9.0,2.0264945030212402,educational technology,unknown,True,"Episode_9: 中間抽象度, 集約的 (dims: [304, 34, 109, 141, 249])",,,,,,,,,,,,,,,,,,,,,,,,
39,financial prediction,Transfer Learning,10,2025-06-18T13:58:59.195407,,,,,,,,,,,,,,,,,,,,,,,,,,,,,,,,,,,,,19.0,2.0264945030212402,educational technology,unknown,True,"Episode_19: 中間抽象度, 集約的 (dims: [304, 34, 109, 141, 249])",,,,,,,,,,,,,,,,,,
39,financial prediction,Transfer Learning,10,2025-06-18T13:58:59.195407,,,,,,,,,,,,,,,,,,,,,,,,,,,,,,,,,,,,,,,,,,,29.0,2.0264945030212402,educational technology,unknown,True,"Episode_29: 中間抽象度, 集約的 (dims: [304, 34, 109, 141, 249])",,,,,,,,,,,,
39,financial prediction,Transfer Learning,10,2025-06-18T13:58:59.195407,,,,,,,,,,,,,,,,,,,,,,,,,,,,,,,,,,,,,,,,,,,,,,,,,3.0,1.9944021701812744,computer vision,unknown,True,"Episode_3: 中間抽象度, 集約的 (dims: [360, 184, 305, 266, 71])",,,,,,
39,financial prediction,Transfer Learning,10,2025-06-18T13:58:59.195407,,,,,,,,,,,,,,,,,,,,,,,,,,,,,,,,,,,,,,,,,,,,,,,,,,,,,,,13.0,1.9944021701812744,computer vision,unknown,True,"Episode_13: 中間抽象度, 集約的 (dims: [360, 184, 305, 266, 71])"
40,educational technology,Adversarial Machine Learning,7,2025-06-18T13:58:59.240497,7.0,2.1283345222473145,drug discovery,unknown,True,"Episode_7: 中間抽象度, 集約的 (dims: [183, 158, 326, 305, 201])",,,,,,,,,,,,,,,,,,,,,,,,,,,,,,,,,,,,,,,,,,,,,,,,,,,,,,
40,educational technology,Adversarial Machine Learning,7,2025-06-18T13:58:59.240497,,,,,,,8.0,2.120443820953369,financial prediction,unknown,True,"Episode_8: 中間抽象度, 集約的 (dims: [263, 116, 146, 202, 67])",,,,,,,,,,,,,,,,,,,,,,,,,,,,,,,,,,,,,,,,,,,,,,,,
40,educational technology,Adversarial Machine Learning,7,2025-06-18T13:58:59.240497,,,,,,,,,,,,,18.0,2.120443820953369,financial prediction,unknown,True,"Episode_18: 中間抽象度, 集約的 (dims: [263, 116, 146, 202, 67])",,,,,,,,,,,,,,,,,,,,,,,,,,,,,,,,,,,,,,,,,,
40,educational technology,Adversarial Machine Learning,7,2025-06-18T13:58:59.240497,,,,,,,,,,,,,,,,,,,28.0,2.120443820953369,financial prediction,unknown,True,"Episode_28: 中間抽象度, 集約的 (dims: [263, 116, 146, 202, 67])",,,,,,,,,,,,,,,,,,,,,,,,,,,,,,,,,,,,
40,educational technology,Adversarial Machine Learning,7,2025-06-18T13:58:59.240497,,,,,,,,,,,,,,,,,,,,,,,,,38.0,2.120443820953369,financial prediction,unknown,True,"Episode_38: 中間抽象度, 集約的 (dims: [263, 116, 146, 202, 67])",,,,,,,,,,,,,,,,,,,,,,,,,,,,,,
40,educational technology,Adversarial Machine Learning,7,2025-06-18T13:58:59.240497,,,,,,,,,,,,,,,,,,,,,,,,,,,,,,,9.0,2.04761004447937,educational technology,unknown,False,"Episode_9: 中間抽象度, 集約的 (dims: [304, 34, 109, 141, 249])",,,,,,,,,,,,,,,,,,,,,,,,
40,educational technology,Adversarial Machine Learning,7,2025-06-18T13:58:59.240497,,,,,,,,,,,,,,,,,,,,,,,,,,,,,,,,,,,,,19.0,2.04761004447937,educational technology,unknown,False,"Episode_19: 中間抽象度, 集約的 (dims: [304, 34, 109, 141, 249])",,,,,,,,,,,,,,,,,,
40,educational technology,Adversarial Machine Learning,7,2025-06-18T13:58:59.240497,,,,,,,,,,,,,,,,,,,,,,,,,,,,,,,,,,,,,,,,,,,29.0,2.04761004447937,educational technology,unknown,False,"Episode_29: 中間抽象度, 集約的 (dims: [304, 34, 109, 141, 249])",,,,,,,,,,,,
40,educational technology,Adversarial Machine Learning,7,2025-06-18T13:58:59.240497,,,,,,,,,,,,,,,,,,,,,,,,,,,,,,,,,,,,,,,,,,,,,,,,,3.0,2.0219197273254395,computer vision,unknown,True,"Episode_3: 中間抽象度, 集約的 (dims: [360, 184, 305, 266, 71])",,,,,,
40,educational technology,Adversarial Machine Learning,7,2025-06-18T13:58:59.240497,,,,,,,,,,,,,,,,,,,,,,,,,,,,,,,,,,,,,,,,,,,,,,,,,,,,,,,13.0,2.0219197273254395,computer vision,unknown,True,"Episode_13: 中間抽象度, 集約的 (dims: [360, 184, 305, 266, 71])"
41,medical diagnosis,Large Language Models,10,2025-06-18T13:58:59.286306,1.0,2.0963714122772217,autonomous systems,unknown,True,"Episode_1: 中間抽象度, 集約的 (dims: [55, 373, 124, 359, 302])",,,,,,,,,,,,,,,,,,,,,,,,,,,,,,,,,,,,,,,,,,,,,,,,,,,,,,
41,medical diagnosis,Large Language Models,10,2025-06-18T13:58:59.286306,,,,,,,11.0,2.0963714122772217,autonomous systems,unknown,True,"Episode_11: 中間抽象度, 集約的 (dims: [55, 373, 124, 359, 302])",,,,,,,,,,,,,,,,,,,,,,,,,,,,,,,,,,,,,,,,,,,,,,,,
41,medical diagnosis,Large Language Models,10,2025-06-18T13:58:59.286306,,,,,,,,,,,,,21.0,2.0963714122772217,autonomous systems,unknown,True,"Episode_21: 中間抽象度, 集約的 (dims: [55, 373, 124, 359, 302])",,,,,,,,,,,,,,,,,,,,,,,,,,,,,,,,,,,,,,,,,,
41,medical diagnosis,Large Language Models,10,2025-06-18T13:58:59.286306,,,,,,,,,,,,,,,,,,,31.0,2.0963714122772217,autonomous systems,unknown,True,"Episode_31: 中間抽象度, 集約的 (dims: [55, 373, 124, 359, 302])",,,,,,,,,,,,,,,,,,,,,,,,,,,,,,,,,,,,
41,medical diagnosis,Large Language Models,10,2025-06-18T13:58:59.286306,,,,,,,,,,,,,,,,,,,,,,,,,9.0,1.9743666648864746,educational technology,unknown,True,"Episode_9: 中間抽象度, 集約的 (dims: [304, 34, 109, 141, 249])",,,,,,,,,,,,,,,,,,,,,,,,,,,,,,
41,medical diagnosis,Large Language Models,10,2025-06-18T13:58:59.286306,,,,,,,,,,,,,,,,,,,,,,,,,,,,,,,19.0,1.9743666648864746,educational technology,unknown,True,"Episode_19: 中間抽象度, 集約的 (dims: [304, 34, 109, 141, 249])",,,,,,,,,,,,,,,,,,,,,,,,
41,medical diagnosis,Large Language Models,10,2025-06-18T13:58:59.286306,,,,,,,,,,,,,,,,,,,,,,,,,,,,,,,,,,,,,29.0,1.9743666648864746,educational technology,unknown,True,"Episode_29: 中間抽象度, 集約的 (dims: [304, 34, 109, 141, 249])",,,,,,,,,,,,,,,,,,
41,medical diagnosis,Large Language Models,10,2025-06-18T13:58:59.286306,,,,,,,,,,,,,,,,,,,,,,,,,,,,,,,,,,,,,,,,,,,39.0,1.9743666648864746,educational technology,unknown,True,"Episode_39: 中間抽象度, 集約的 (dims: [304, 34, 109, 141, 249])",,,,,,,,,,,,
41,medical diagnosis,Large Language Models,10,2025-06-18T13:58:59.286306,,,,,,,,,,,,,,,,,,,,,,,,,,,,,,,,,,,,,,,,,,,,,,,,,3.0,1.9703150987625122,computer vision,unknown,True,"Episode_3: 中間抽象度, 集約的 (dims: [360, 184, 305, 266, 71])",,,,,,
41,medical diagnosis,Large Language Models,10,2025-06-18T13:58:59.286306,,,,,,,,,,,,,,,,,,,,,,,,,,,,,,,,,,,,,,,,,,,,,,,,,,,,,,,13.0,1.9703150987625122,computer vision,unknown,True,"Episode_13: 中間抽象度, 集約的 (dims: [360, 184, 305, 266, 71])"
42,autonomous systems,Computer Vision,10,2025-06-18T13:58:59.329479,7.0,2.044607162475586,drug discovery,unknown,True,"Episode_7: 中間抽象度, 集約的 (dims: [183, 158, 326, 305, 201])",,,,,,,,,,,,,,,,,,,,,,,,,,,,,,,,,,,,,,,,,,,,,,,,,,,,,,
42,autonomous systems,Computer Vision,10,2025-06-18T13:58:59.329479,,,,,,,17.0,2.044607162475586,drug discovery,unknown,True,"Episode_17: 中間抽象度, 集約的 (dims: [183, 158, 326, 305, 201])",,,,,,,,,,,,,,,,,,,,,,,,,,,,,,,,,,,,,,,,,,,,,,,,
42,autonomous systems,Computer Vision,10,2025-06-18T13:58:59.329479,,,,,,,,,,,,,27.0,2.044607162475586,drug discovery,unknown,True,"Episode_27: 中間抽象度, 集約的 (dims: [183, 158, 326, 305, 201])",,,,,,,,,,,,,,,,,,,,,,,,,,,,,,,,,,,,,,,,,,
42,autonomous systems,Computer Vision,10,2025-06-18T13:58:59.329479,,,,,,,,,,,,,,,,,,,9.0,2.015488624572754,educational technology,unknown,True,"Episode_9: 中間抽象度, 集約的 (dims: [304, 34, 109, 141, 249])",,,,,,,,,,,,,,,,,,,,,,,,,,,,,,,,,,,,
42,autonomous systems,Computer Vision,10,2025-06-18T13:58:59.329479,,,,,,,,,,,,,,,,,,,,,,,,,19.0,2.015488624572754,educational technology,unknown,True,"Episode_19: 中間抽象度, 集約的 (dims: [304, 34, 109, 141, 249])",,,,,,,,,,,,,,,,,,,,,,,,,,,,,,
42,autonomous systems,Computer Vision,10,2025-06-18T13:58:59.329479,,,,,,,,,,,,,,,,,,,,,,,,,,,,,,,29.0,2.015488624572754,educational technology,unknown,True,"Episode_29: 中間抽象度, 集約的 (dims: [304, 34, 109, 141, 249])",,,,,,,,,,,,,,,,,,,,,,,,
42,autonomous systems,Computer Vision,10,2025-06-18T13:58:59.329479,,,,,,,,,,,,,,,,,,,,,,,,,,,,,,,,,,,,,39.0,2.015488624572754,educational technology,unknown,True,"Episode_39: 中間抽象度, 集約的 (dims: [304, 34, 109, 141, 249])",,,,,,,,,,,,,,,,,,
42,autonomous systems,Computer Vision,10,2025-06-18T13:58:59.329479,,,,,,,,,,,,,,,,,,,,,,,,,,,,,,,,,,,,,,,,,,,3.0,1.9687590599060059,computer vision,unknown,True,"Episode_3: 中間抽象度, 集約的 (dims: [360, 184, 305, 266, 71])",,,,,,,,,,,,
42,autonomous systems,Computer Vision,10,2025-06-18T13:58:59.329479,,,,,,,,,,,,,,,,,,,,,,,,,,,,,,,,,,,,,,,,,,,,,,,,,13.0,1.9687590599060059,computer vision,unknown,True,"Episode_13: 中間抽象度, 集約的 (dims: [360, 184, 305, 266, 71])",,,,,,
42,autonomous systems,Computer Vision,10,2025-06-18T13:58:59.329479,,,,,,,,,,,,,,,,,,,,,,,,,,,,,,,,,,,,,,,,,,,,,,,,,,,,,,,23.0,1.9687590599060059,computer vision,unknown,True,"Episode_23: 中間抽象度, 集約的 (dims: [360, 184, 305, 266, 71])"
43,natural language processing,Reinforcement Learning,10,2025-06-18T13:58:59.373549,7.0,2.08524489402771,drug discovery,unknown,True,"Episode_7: 中間抽象度, 集約的 (dims: [183, 158, 326, 305, 201])",,,,,,,,,,,,,,,,,,,,,,,,,,,,,,,,,,,,,,,,,,,,,,,,,,,,,,
43,natural language processing,Reinforcement Learning,10,2025-06-18T13:58:59.373549,,,,,,,17.0,2.08524489402771,drug discovery,unknown,True,"Episode_17: 中間抽象度, 集約的 (dims: [183, 158, 326, 305, 201])",,,,,,,,,,,,,,,,,,,,,,,,,,,,,,,,,,,,,,,,,,,,,,,,
43,natural language processing,Reinforcement Learning,10,2025-06-18T13:58:59.373549,,,,,,,,,,,,,27.0,2.08524489402771,drug discovery,unknown,True,"Episode_27: 中間抽象度, 集約的 (dims: [183, 158, 326, 305, 201])",,,,,,,,,,,,,,,,,,,,,,,,,,,,,,,,,,,,,,,,,,
43,natural language processing,Reinforcement Learning,10,2025-06-18T13:58:59.373549,,,,,,,,,,,,,,,,,,,9.0,2.0178463459014893,educational technology,unknown,True,"Episode_9: 中間抽象度, 集約的 (dims: [304, 34, 109, 141, 249])",,,,,,,,,,,,,,,,,,,,,,,,,,,,,,,,,,,,
43,natural language processing,Reinforcement Learning,10,2025-06-18T13:58:59.373549,,,,,,,,,,,,,,,,,,,,,,,,,19.0,2.0178463459014893,educational technology,unknown,True,"Episode_19: 中間抽象度, 集約的 (dims: [304, 34, 109, 141, 249])",,,,,,,,,,,,,,,,,,,,,,,,,,,,,,
43,natural language processing,Reinforcement Learning,10,2025-06-18T13:58:59.373549,,,,,,,,,,,,,,,,,,,,,,,,,,,,,,,29.0,2.0178463459014893,educational technology,unknown,True,"Episode_29: 中間抽象度, 集約的 (dims: [304, 34, 109, 141, 249])",,,,,,,,,,,,,,,,,,,,,,,,
43,natural language processing,Reinforcement Learning,10,2025-06-18T13:58:59.373549,,,,,,,,,,,,,,,,,,,,,,,,,,,,,,,,,,,,,39.0,2.0178463459014893,educational technology,unknown,True,"Episode_39: 中間抽象度, 集約的 (dims: [304, 34, 109, 141, 249])",,,,,,,,,,,,,,,,,,
43,natural language processing,Reinforcement Learning,10,2025-06-18T13:58:59.373549,,,,,,,,,,,,,,,,,,,,,,,,,,,,,,,,,,,,,,,,,,,3.0,1.9338160753250122,computer vision,unknown,True,"Episode_3: 中間抽象度, 集約的 (dims: [360, 184, 305, 266, 71])",,,,,,,,,,,,
43,natural language processing,Reinforcement Learning,10,2025-06-18T13:58:59.373549,,,,,,,,,,,,,,,,,,,,,,,,,,,,,,,,,,,,,,,,,,,,,,,,,13.0,1.9338160753250122,computer vision,unknown,True,"Episode_13: 中間抽象度, 集約的 (dims: [360, 184, 305, 266, 71])",,,,,,
43,natural language processing,Reinforcement Learning,10,2025-06-18T13:58:59.373549,,,,,,,,,,,,,,,,,,,,,,,,,,,,,,,,,,,,,,,,,,,,,,,,,,,,,,,23.0,1.9338160753250122,computer vision,unknown,True,"Episode_23: 中間抽象度, 集約的 (dims: [360, 184, 305, 266, 71])"
44,computer vision,Graph Neural Networks,7,2025-06-18T13:58:59.416883,6.0,2.1187946796417236,climate modeling,unknown,True,"Episode_6: 中間抽象度, 集約的 (dims: [285, 367, 267, 188, 181])",,,,,,,,,,,,,,,,,,,,,,,,,,,,,,,,,,,,,,,,,,,,,,,,,,,,,,
44,computer vision,Graph Neural Networks,7,2025-06-18T13:58:59.416883,,,,,,,16.0,2.1187946796417236,climate modeling,unknown,True,"Episode_16: 中間抽象度, 集約的 (dims: [285, 367, 267, 188, 181])",,,,,,,,,,,,,,,,,,,,,,,,,,,,,,,,,,,,,,,,,,,,,,,,
44,computer vision,Graph Neural Networks,7,2025-06-18T13:58:59.416883,,,,,,,,,,,,,26.0,2.1187946796417236,climate modeling,unknown,True,"Episode_26: 中間抽象度, 集約的 (dims: [285, 367, 267, 188, 181])",,,,,,,,,,,,,,,,,,,,,,,,,,,,,,,,,,,,,,,,,,
44,computer vision,Graph Neural Networks,7,2025-06-18T13:58:59.416883,,,,,,,,,,,,,,,,,,,9.0,2.0182883739471436,educational technology,unknown,True,"Episode_9: 中間抽象度, 集約的 (dims: [304, 34, 109, 141, 249])",,,,,,,,,,,,,,,,,,,,,,,,,,,,,,,,,,,,
44,computer vision,Graph Neural Networks,7,2025-06-18T13:58:59.416883,,,,,,,,,,,,,,,,,,,,,,,,,19.0,2.0182883739471436,educational technology,unknown,True,"Episode_19: 中間抽象度, 集約的 (dims: [304, 34, 109, 141, 249])",,,,,,,,,,,,,,,,,,,,,,,,,,,,,,
44,computer vision,Graph Neural Networks,7,2025-06-18T13:58:59.416883,,,,,,,,,,,,,,,,,,,,,,,,,,,,,,,29.0,2.0182883739471436,educational technology,unknown,True,"Episode_29: 中間抽象度, 集約的 (dims: [304, 34, 109, 141, 249])",,,,,,,,,,,,,,,,,,,,,,,,
44,computer vision,Graph Neural Networks,7,2025-06-18T13:58:59.416883,,,,,,,,,,,,,,,,,,,,,,,,,,,,,,,,,,,,,39.0,2.0182883739471436,educational technology,unknown,True,"Episode_39: 中間抽象度, 集約的 (dims: [304, 34, 109, 141, 249])",,,,,,,,,,,,,,,,,,
44,computer vision,Graph Neural Networks,7,2025-06-18T13:58:59.416883,,,,,,,,,,,,,,,,,,,,,,,,,,,,,,,,,,,,,,,,,,,3.0,2.0034995079040527,computer vision,unknown,False,"Episode_3: 中間抽象度, 集約的 (dims: [360, 184, 305, 266, 71])",,,,,,,,,,,,
44,computer vision,Graph Neural Networks,7,2025-06-18T13:58:59.416883,,,,,,,,,,,,,,,,,,,,,,,,,,,,,,,,,,,,,,,,,,,,,,,,,13.0,2.0034995079040527,computer vision,unknown,False,"Episode_13: 中間抽象度, 集約的 (dims: [360, 184, 305, 266, 71])",,,,,,
44,computer vision,Graph Neural Networks,7,2025-06-18T13:58:59.416883,,,,,,,,,,,,,,,,,,,,,,,,,,,,,,,,,,,,,,,,,,,,,,,,,,,,,,,23.0,2.0034995079040527,computer vision,unknown,False,"Episode_23: 中間抽象度, 集約的 (dims: [360, 184, 305, 266, 71])"
45,robotics,Federated Learning,10,2025-06-18T13:58:59.459941,7.0,2.0994014739990234,drug discovery,unknown,True,"Episode_7: 中間抽象度, 集約的 (dims: [183, 158, 326, 305, 201])",,,,,,,,,,,,,,,,,,,,,,,,,,,,,,,,,,,,,,,,,,,,,,,,,,,,,,
45,robotics,Federated Learning,10,2025-06-18T13:58:59.459941,,,,,,,17.0,2.0994014739990234,drug discovery,unknown,True,"Episode_17: 中間抽象度, 集約的 (dims: [183, 158, 326, 305, 201])",,,,,,,,,,,,,,,,,,,,,,,,,,,,,,,,,,,,,,,,,,,,,,,,
45,robotics,Federated Learning,10,2025-06-18T13:58:59.459941,,,,,,,,,,,,,9.0,2.004298210144043,educational technology,unknown,True,"Episode_9: 中間抽象度, 集約的 (dims: [304, 34, 109, 141, 249])",,,,,,,,,,,,,,,,,,,,,,,,,,,,,,,,,,,,,,,,,,
45,robotics,Federated Learning,10,2025-06-18T13:58:59.459941,,,,,,,,,,,,,,,,,,,19.0,2.004298210144043,educational technology,unknown,True,"Episode_19: 中間抽象度, 集約的 (dims: [304, 34, 109, 141, 249])",,,,,,,,,,,,,,,,,,,,,,,,,,,,,,,,,,,,
45,robotics,Federated Learning,10,2025-06-18T13:58:59.459941,,,,,,,,,,,,,,,,,,,,,,,,,29.0,2.004298210144043,educational technology,unknown,True,"Episode_29: 中間抽象度, 集約的 (dims: [304, 34, 109, 141, 249])",,,,,,,,,,,,,,,,,,,,,,,,,,,,,,
45,robotics,Federated Learning,10,2025-06-18T13:58:59.459941,,,,,,,,,,,,,,,,,,,,,,,,,,,,,,,39.0,2.004298210144043,educational technology,unknown,True,"Episode_39: 中間抽象度, 集約的 (dims: [304, 34, 109, 141, 249])",,,,,,,,,,,,,,,,,,,,,,,,
45,robotics,Federated Learning,10,2025-06-18T13:58:59.459941,,,,,,,,,,,,,,,,,,,,,,,,,,,,,,,,,,,,,3.0,1.9577245712280273,computer vision,unknown,True,"Episode_3: 中間抽象度, 集約的 (dims: [360, 184, 305, 266, 71])",,,,,,,,,,,,,,,,,,
45,robotics,Federated Learning,10,2025-06-18T13:58:59.459941,,,,,,,,,,,,,,,,,,,,,,,,,,,,,,,,,,,,,,,,,,,13.0,1.9577245712280273,computer vision,unknown,True,"Episode_13: 中間抽象度, 集約的 (dims: [360, 184, 305, 266, 71])",,,,,,,,,,,,
45,robotics,Federated Learning,10,2025-06-18T13:58:59.459941,,,,,,,,,,,,,,,,,,,,,,,,,,,,,,,,,,,,,,,,,,,,,,,,,23.0,1.9577245712280273,computer vision,unknown,True,"Episode_23: 中間抽象度, 集約的 (dims: [360, 184, 305, 266, 71])",,,,,,
45,robotics,Federated Learning,10,2025-06-18T13:58:59.459941,,,,,,,,,,,,,,,,,,,,,,,,,,,,,,,,,,,,,,,,,,,,,,,,,,,,,,,33.0,1.9577245712280273,computer vision,unknown,True,"Episode_33: 中間抽象度, 集約的 (dims: [360, 184, 305, 266, 71])"
46,cybersecurity,Explainable AI,10,2025-06-18T13:58:59.504642,7.0,2.099086046218872,drug discovery,unknown,True,"Episode_7: 中間抽象度, 集約的 (dims: [183, 158, 326, 305, 201])",,,,,,,,,,,,,,,,,,,,,,,,,,,,,,,,,,,,,,,,,,,,,,,,,,,,,,
46,cybersecurity,Explainable AI,10,2025-06-18T13:58:59.504642,,,,,,,17.0,2.099086046218872,drug discovery,unknown,True,"Episode_17: 中間抽象度, 集約的 (dims: [183, 158, 326, 305, 201])",,,,,,,,,,,,,,,,,,,,,,,,,,,,,,,,,,,,,,,,,,,,,,,,
46,cybersecurity,Explainable AI,10,2025-06-18T13:58:59.504642,,,,,,,,,,,,,9.0,2.020212173461914,educational technology,unknown,True,"Episode_9: 中間抽象度, 集約的 (dims: [304, 34, 109, 141, 249])",,,,,,,,,,,,,,,,,,,,,,,,,,,,,,,,,,,,,,,,,,
46,cybersecurity,Explainable AI,10,2025-06-18T13:58:59.504642,,,,,,,,,,,,,,,,,,,19.0,2.020212173461914,educational technology,unknown,True,"Episode_19: 中間抽象度, 集約的 (dims: [304, 34, 109, 141, 249])",,,,,,,,,,,,,,,,,,,,,,,,,,,,,,,,,,,,
46,cybersecurity,Explainable AI,10,2025-06-18T13:58:59.504642,,,,,,,,,,,,,,,,,,,,,,,,,29.0,2.020212173461914,educational technology,unknown,True,"Episode_29: 中間抽象度, 集約的 (dims: [304, 34, 109, 141, 249])",,,,,,,,,,,,,,,,,,,,,,,,,,,,,,
46,cybersecurity,Explainable AI,10,2025-06-18T13:58:59.504642,,,,,,,,,,,,,,,,,,,,,,,,,,,,,,,39.0,2.020212173461914,educational technology,unknown,True,"Episode_39: 中間抽象度, 集約的 (dims: [304, 34, 109, 141, 249])",,,,,,,,,,,,,,,,,,,,,,,,
46,cybersecurity,Explainable AI,10,2025-06-18T13:58:59.504642,,,,,,,,,,,,,,,,,,,,,,,,,,,,,,,,,,,,,3.0,1.979767918586731,computer vision,unknown,True,"Episode_3: 中間抽象度, 集約的 (dims: [360, 184, 305, 266, 71])",,,,,,,,,,,,,,,,,,
46,cybersecurity,Explainable AI,10,2025-06-18T13:58:59.504642,,,,,,,,,,,,,,,,,,,,,,,,,,,,,,,,,,,,,,,,,,,13.0,1.979767918586731,computer vision,unknown,True,"Episode_13: 中間抽象度, 集約的 (dims: [360, 184, 305, 266, 71])",,,,,,,,,,,,
46,cybersecurity,Explainable AI,10,2025-06-18T13:58:59.504642,,,,,,,,,,,,,,,,,,,,,,,,,,,,,,,,,,,,,,,,,,,,,,,,,23.0,1.979767918586731,computer vision,unknown,True,"Episode_23: 中間抽象度, 集約的 (dims: [360, 184, 305, 266, 71])",,,,,,
46,cybersecurity,Explainable AI,10,2025-06-18T13:58:59.504642,,,,,,,,,,,,,,,,,,,,,,,,,,,,,,,,,,,,,,,,,,,,,,,,,,,,,,,33.0,1.979767918586731,computer vision,unknown,True,"Episode_33: 中間抽象度, 集約的 (dims: [360, 184, 305, 266, 71])"
47,climate modeling,Multimodal Learning,10,2025-06-18T13:58:59.549082,7.0,2.0756945610046387,drug discovery,unknown,True,"Episode_7: 中間抽象度, 集約的 (dims: [183, 158, 326, 305, 201])",,,,,,,,,,,,,,,,,,,,,,,,,,,,,,,,,,,,,,,,,,,,,,,,,,,,,,
47,climate modeling,Multimodal Learning,10,2025-06-18T13:58:59.549082,,,,,,,9.0,2.0297534465789795,educational technology,unknown,True,"Episode_9: 中間抽象度, 集約的 (dims: [304, 34, 109, 141, 249])",,,,,,,,,,,,,,,,,,,,,,,,,,,,,,,,,,,,,,,,,,,,,,,,
47,climate modeling,Multimodal Learning,10,2025-06-18T13:58:59.549082,,,,,,,,,,,,,19.0,2.0297534465789795,educational technology,unknown,True,"Episode_19: 中間抽象度, 集約的 (dims: [304, 34, 109, 141, 249])",,,,,,,,,,,,,,,,,,,,,,,,,,,,,,,,,,,,,,,,,,
47,climate modeling,Multimodal Learning,10,2025-06-18T13:58:59.549082,,,,,,,,,,,,,,,,,,,29.0,2.0297534465789795,educational technology,unknown,True,"Episode_29: 中間抽象度, 集約的 (dims: [304, 34, 109, 141, 249])",,,,,,,,,,,,,,,,,,,,,,,,,,,,,,,,,,,,
47,climate modeling,Multimodal Learning,10,2025-06-18T13:58:59.549082,,,,,,,,,,,,,,,,,,,,,,,,,39.0,2.0297534465789795,educational technology,unknown,True,"Episode_39: 中間抽象度, 集約的 (dims: [304, 34, 109, 141, 249])",,,,,,,,,,,,,,,,,,,,,,,,,,,,,,
47,climate modeling,Multimodal Learning,10,2025-06-18T13:58:59.549082,,,,,,,,,,,,,,,,,,,,,,,,,,,,,,,3.0,1.9836041927337646,computer vision,unknown,True,"Episode_3: 中間抽象度, 集約的 (dims: [360, 184, 305, 266, 71])",,,,,,,,,,,,,,,,,,,,,,,,
47,climate modeling,Multimodal Learning,10,2025-06-18T13:58:59.549082,,,,,,,,,,,,,,,,,,,,,,,,,,,,,,,,,,,,,13.0,1.9836041927337646,computer vision,unknown,True,"Episode_13: 中間抽象度, 集約的 (dims: [360, 184, 305, 266, 71])",,,,,,,,,,,,,,,,,,
47,climate modeling,Multimodal Learning,10,2025-06-18T13:58:59.549082,,,,,,,,,,,,,,,,,,,,,,,,,,,,,,,,,,,,,,,,,,,23.0,1.9836041927337646,computer vision,unknown,True,"Episode_23: 中間抽象度, 集約的 (dims: [360, 184, 305, 266, 71])",,,,,,,,,,,,
47,climate modeling,Multimodal Learning,10,2025-06-18T13:58:59.549082,,,,,,,,,,,,,,,,,,,,,,,,,,,,,,,,,,,,,,,,,,,,,,,,,33.0,1.9836041927337646,computer vision,unknown,True,"Episode_33: 中間抽象度, 集約的 (dims: [360, 184, 305, 266, 71])",,,,,,
47,climate modeling,Multimodal Learning,10,2025-06-18T13:58:59.549082,,,,,,,,,,,,,,,,,,,,,,,,,,,,,,,,,,,,,,,,,,,,,,,,,,,,,,,43.0,1.9836041927337646,computer vision,unknown,True,"Episode_43: 中間抽象度, 集約的 (dims: [360, 184, 305, 266, 71])"
48,drug discovery,Few-shot Learning,10,2025-06-18T13:58:59.593521,8.0,2.085165023803711,financial prediction,unknown,True,"Episode_8: 中間抽象度, 集約的 (dims: [263, 116, 146, 202, 67])",,,,,,,,,,,,,,,,,,,,,,,,,,,,,,,,,,,,,,,,,,,,,,,,,,,,,,
48,drug discovery,Few-shot Learning,10,2025-06-18T13:58:59.593521,,,,,,,9.0,2.011852979660034,educational technology,unknown,True,"Episode_9: 中間抽象度, 集約的 (dims: [304, 34, 109, 141, 249])",,,,,,,,,,,,,,,,,,,,,,,,,,,,,,,,,,,,,,,,,,,,,,,,
48,drug discovery,Few-shot Learning,10,2025-06-18T13:58:59.593521,,,,,,,,,,,,,19.0,2.011852979660034,educational technology,unknown,True,"Episode_19: 中間抽象度, 集約的 (dims: [304, 34, 109, 141, 249])",,,,,,,,,,,,,,,,,,,,,,,,,,,,,,,,,,,,,,,,,,
48,drug discovery,Few-shot Learning,10,2025-06-18T13:58:59.593521,,,,,,,,,,,,,,,,,,,29.0,2.011852979660034,educational technology,unknown,True,"Episode_29: 中間抽象度, 集約的 (dims: [304, 34, 109, 141, 249])",,,,,,,,,,,,,,,,,,,,,,,,,,,,,,,,,,,,
48,drug discovery,Few-shot Learning,10,2025-06-18T13:58:59.593521,,,,,,,,,,,,,,,,,,,,,,,,,39.0,2.011852979660034,educational technology,unknown,True,"Episode_39: 中間抽象度, 集約的 (dims: [304, 34, 109, 141, 249])",,,,,,,,,,,,,,,,,,,,,,,,,,,,,,
48,drug discovery,Few-shot Learning,10,2025-06-18T13:58:59.593521,,,,,,,,,,,,,,,,,,,,,,,,,,,,,,,3.0,1.9675366878509521,computer vision,unknown,True,"Episode_3: 中間抽象度, 集約的 (dims: [360, 184, 305, 266, 71])",,,,,,,,,,,,,,,,,,,,,,,,
48,drug discovery,Few-shot Learning,10,2025-06-18T13:58:59.593521,,,,,,,,,,,,,,,,,,,,,,,,,,,,,,,,,,,,,13.0,1.9675366878509521,computer vision,unknown,True,"Episode_13: 中間抽象度, 集約的 (dims: [360, 184, 305, 266, 71])",,,,,,,,,,,,,,,,,,
48,drug discovery,Few-shot Learning,10,2025-06-18T13:58:59.593521,,,,,,,,,,,,,,,,,,,,,,,,,,,,,,,,,,,,,,,,,,,23.0,1.9675366878509521,computer vision,unknown,True,"Episode_23: 中間抽象度, 集約的 (dims: [360, 184, 305, 266, 71])",,,,,,,,,,,,
48,drug discovery,Few-shot Learning,10,2025-06-18T13:58:59.593521,,,,,,,,,,,,,,,,,,,,,,,,,,,,,,,,,,,,,,,,,,,,,,,,,33.0,1.9675366878509521,computer vision,unknown,True,"Episode_33: 中間抽象度, 集約的 (dims: [360, 184, 305, 266, 71])",,,,,,
48,drug discovery,Few-shot Learning,10,2025-06-18T13:58:59.593521,,,,,,,,,,,,,,,,,,,,,,,,,,,,,,,,,,,,,,,,,,,,,,,,,,,,,,,43.0,1.9675366878509521,computer vision,unknown,True,"Episode_43: 中間抽象度, 集約的 (dims: [360, 184, 305, 266, 71])"
49,financial prediction,Transfer Learning,10,2025-06-18T13:58:59.638730,7.0,2.110011100769043,drug discovery,unknown,True,"Episode_7: 中間抽象度, 集約的 (dims: [183, 158, 326, 305, 201])",,,,,,,,,,,,,,,,,,,,,,,,,,,,,,,,,,,,,,,,,,,,,,,,,,,,,,
49,financial prediction,Transfer Learning,10,2025-06-18T13:58:59.638730,,,,,,,9.0,2.0264945030212402,educational technology,unknown,True,"Episode_9: 中間抽象度, 集約的 (dims: [304, 34, 109, 141, 249])",,,,,,,,,,,,,,,,,,,,,,,,,,,,,,,,,,,,,,,,,,,,,,,,
49,financial prediction,Transfer Learning,10,2025-06-18T13:58:59.638730,,,,,,,,,,,,,19.0,2.0264945030212402,educational technology,unknown,True,"Episode_19: 中間抽象度, 集約的 (dims: [304, 34, 109, 141, 249])",,,,,,,,,,,,,,,,,,,,,,,,,,,,,,,,,,,,,,,,,,
49,financial prediction,Transfer Learning,10,2025-06-18T13:58:59.638730,,,,,,,,,,,,,,,,,,,29.0,2.0264945030212402,educational technology,unknown,True,"Episode_29: 中間抽象度, 集約的 (dims: [304, 34, 109, 141, 249])",,,,,,,,,,,,,,,,,,,,,,,,,,,,,,,,,,,,
49,financial prediction,Transfer Learning,10,2025-06-18T13:58:59.638730,,,,,,,,,,,,,,,,,,,,,,,,,39.0,2.0264945030212402,educational technology,unknown,True,"Episode_39: 中間抽象度, 集約的 (dims: [304, 34, 109, 141, 249])",,,,,,,,,,,,,,,,,,,,,,,,,,,,,,
49,financial prediction,Transfer Learning,10,2025-06-18T13:58:59.638730,,,,,,,,,,,,,,,,,,,,,,,,,,,,,,,3.0,1.9944021701812744,computer vision,unknown,True,"Episode_3: 中間抽象度, 集約的 (dims: [360, 184, 305, 266, 71])",,,,,,,,,,,,,,,,,,,,,,,,
49,financial prediction,Transfer Learning,10,2025-06-18T13:58:59.638730,,,,,,,,,,,,,,,,,,,,,,,,,,,,,,,,,,,,,13.0,1.9944021701812744,computer vision,unknown,True,"Episode_13: 中間抽象度, 集約的 (dims: [360, 184, 305, 266, 71])",,,,,,,,,,,,,,,,,,
49,financial prediction,Transfer Learning,10,2025-06-18T13:58:59.638730,,,,,,,,,,,,,,,,,,,,,,,,,,,,,,,,,,,,,,,,,,,23.0,1.9944021701812744,computer vision,unknown,True,"Episode_23: 中間抽象度, 集約的 (dims: [360, 184, 305, 266, 71])",,,,,,,,,,,,
49,financial prediction,Transfer Learning,10,2025-06-18T13:58:59.638730,,,,,,,,,,,,,,,,,,,,,,,,,,,,,,,,,,,,,,,,,,,,,,,,,33.0,1.9944021701812744,computer vision,unknown,True,"Episode_33: 中間抽象度, 集約的 (dims: [360, 184, 305, 266, 71])",,,,,,
49,financial prediction,Transfer Learning,10,2025-06-18T13:58:59.638730,,,,,,,,,,,,,,,,,,,,,,,,,,,,,,,,,,,,,,,,,,,,,,,,,,,,,,,43.0,1.9944021701812744,computer vision,unknown,True,"Episode_43: 中間抽象度, 集約的 (dims: [360, 184, 305, 266, 71])"
50,educational technology,Adversarial Machine Learning,6,2025-06-18T13:58:59.685068,8.0,2.120443820953369,financial prediction,unknown,True,"Episode_8: 中間抽象度, 集約的 (dims: [263, 116, 146, 202, 67])",,,,,,,,,,,,,,,,,,,,,,,,,,,,,,,,,,,,,,,,,,,,,,,,,,,,,,
50,educational technology,Adversarial Machine Learning,6,2025-06-18T13:58:59.685068,,,,,,,9.0,2.04761004447937,educational technology,unknown,False,"Episode_9: 中間抽象度, 集約的 (dims: [304, 34, 109, 141, 249])",,,,,,,,,,,,,,,,,,,,,,,,,,,,,,,,,,,,,,,,,,,,,,,,
50,educational technology,Adversarial Machine Learning,6,2025-06-18T13:58:59.685068,,,,,,,,,,,,,19.0,2.04761004447937,educational technology,unknown,False,"Episode_19: 中間抽象度, 集約的 (dims: [304, 34, 109, 141, 249])",,,,,,,,,,,,,,,,,,,,,,,,,,,,,,,,,,,,,,,,,,
50,educational technology,Adversarial Machine Learning,6,2025-06-18T13:58:59.685068,,,,,,,,,,,,,,,,,,,29.0,2.04761004447937,educational technology,unknown,False,"Episode_29: 中間抽象度, 集約的 (dims: [304, 34, 109, 141, 249])",,,,,,,,,,,,,,,,,,,,,,,,,,,,,,,,,,,,
50,educational technology,Adversarial Machine Learning,6,2025-06-18T13:58:59.685068,,,,,,,,,,,,,,,,,,,,,,,,,39.0,2.04761004447937,educational technology,unknown,False,"Episode_39: 中間抽象度, 集約的 (dims: [304, 34, 109, 141, 249])",,,,,,,,,,,,,,,,,,,,,,,,,,,,,,
50,educational technology,Adversarial Machine Learning,6,2025-06-18T13:58:59.685068,,,,,,,,,,,,,,,,,,,,,,,,,,,,,,,3.0,2.0219197273254395,computer vision,unknown,True,"Episode_3: 中間抽象度, 集約的 (dims: [360, 184, 305, 266, 71])",,,,,,,,,,,,,,,,,,,,,,,,
50,educational technology,Adversarial Machine Learning,6,2025-06-18T13:58:59.685068,,,,,,,,,,,,,,,,,,,,,,,,,,,,,,,,,,,,,13.0,2.0219197273254395,computer vision,unknown,True,"Episode_13: 中間抽象度, 集約的 (dims: [360, 184, 305, 266, 71])",,,,,,,,,,,,,,,,,,
50,educational technology,Adversarial Machine Learning,6,2025-06-18T13:58:59.685068,,,,,,,,,,,,,,,,,,,,,,,,,,,,,,,,,,,,,,,,,,,23.0,2.0219197273254395,computer vision,unknown,True,"Episode_23: 中間抽象度, 集約的 (dims: [360, 184, 305, 266, 71])",,,,,,,,,,,,
50,educational technology,Adversarial Machine Learning,6,2025-06-18T13:58:59.685068,,,,,,,,,,,,,,,,,,,,,,,,,,,,,,,,,,,,,,,,,,,,,,,,,33.0,2.0219197273254395,computer vision,unknown,True,"Episode_33: 中間抽象度, 集約的 (dims: [360, 184, 305, 266, 71])",,,,,,
50,educational technology,Adversarial Machine Learning,6,2025-06-18T13:58:59.685068,,,,,,,,,,,,,,,,,,,,,,,,,,,,,,,,,,,,,,,,,,,,,,,,,,,,,,,43.0,2.0219197273254395,computer vision,unknown,True,"Episode_43: 中間抽象度, 集約的 (dims: [360, 184, 305, 266, 71])"
51,medical diagnosis,Large Language Models,10,2025-06-18T13:58:59.731147,9.0,1.9743666648864746,educational technology,unknown,True,"Episode_9: 中間抽象度, 集約的 (dims: [304, 34, 109, 141, 249])",,,,,,,,,,,,,,,,,,,,,,,,,,,,,,,,,,,,,,,,,,,,,,,,,,,,,,
51,medical diagnosis,Large Language Models,10,2025-06-18T13:58:59.731147,,,,,,,19.0,1.9743666648864746,educational technology,unknown,True,"Episode_19: 中間抽象度, 集約的 (dims: [304, 34, 109, 141, 249])",,,,,,,,,,,,,,,,,,,,,,,,,,,,,,,,,,,,,,,,,,,,,,,,
51,medical diagnosis,Large Language Models,10,2025-06-18T13:58:59.731147,,,,,,,,,,,,,29.0,1.9743666648864746,educational technology,unknown,True,"Episode_29: 中間抽象度, 集約的 (dims: [304, 34, 109, 141, 249])",,,,,,,,,,,,,,,,,,,,,,,,,,,,,,,,,,,,,,,,,,
51,medical diagnosis,Large Language Models,10,2025-06-18T13:58:59.731147,,,,,,,,,,,,,,,,,,,39.0,1.9743666648864746,educational technology,unknown,True,"Episode_39: 中間抽象度, 集約的 (dims: [304, 34, 109, 141, 249])",,,,,,,,,,,,,,,,,,,,,,,,,,,,,,,,,,,,
51,medical diagnosis,Large Language Models,10,2025-06-18T13:58:59.731147,,,,,,,,,,,,,,,,,,,,,,,,,49.0,1.9743666648864746,educational technology,unknown,True,"Episode_49: 中間抽象度, 集約的 (dims: [304, 34, 109, 141, 249])",,,,,,,,,,,,,,,,,,,,,,,,,,,,,,
51,medical diagnosis,Large Language Models,10,2025-06-18T13:58:59.731147,,,,,,,,,,,,,,,,,,,,,,,,,,,,,,,3.0,1.9703150987625122,computer vision,unknown,True,"Episode_3: 中間抽象度, 集約的 (dims: [360, 184, 305, 266, 71])",,,,,,,,,,,,,,,,,,,,,,,,
51,medical diagnosis,Large Language Models,10,2025-06-18T13:58:59.731147,,,,,,,,,,,,,,,,,,,,,,,,,,,,,,,,,,,,,13.0,1.9703150987625122,computer vision,unknown,True,"Episode_13: 中間抽象度, 集約的 (dims: [360, 184, 305, 266, 71])",,,,,,,,,,,,,,,,,,
51,medical diagnosis,Large Language Models,10,2025-06-18T13:58:59.731147,,,,,,,,,,,,,,,,,,,,,,,,,,,,,,,,,,,,,,,,,,,23.0,1.9703150987625122,computer vision,unknown,True,"Episode_23: 中間抽象度, 集約的 (dims: [360, 184, 305, 266, 71])",,,,,,,,,,,,
51,medical diagnosis,Large Language Models,10,2025-06-18T13:58:59.731147,,,,,,,,,,,,,,,,,,,,,,,,,,,,,,,,,,,,,,,,,,,,,,,,,33.0,1.9703150987625122,computer vision,unknown,True,"Episode_33: 中間抽象度, 集約的 (dims: [360, 184, 305, 266, 71])",,,,,,
51,medical diagnosis,Large Language Models,10,2025-06-18T13:58:59.731147,,,,,,,,,,,,,,,,,,,,,,,,,,,,,,,,,,,,,,,,,,,,,,,,,,,,,,,43.0,1.9703150987625122,computer vision,unknown,True,"Episode_43: 中間抽象度, 集約的 (dims: [360, 184, 305, 266, 71])"
52,autonomous systems,Computer Vision,10,2025-06-18T13:58:59.774551,9.0,2.015488624572754,educational technology,unknown,True,"Episode_9: 中間抽象度, 集約的 (dims: [304, 34, 109, 141, 249])",,,,,,,,,,,,,,,,,,,,,,,,,,,,,,,,,,,,,,,,,,,,,,,,,,,,,,
52,autonomous systems,Computer Vision,10,2025-06-18T13:58:59.774551,,,,,,,19.0,2.015488624572754,educational technology,unknown,True,"Episode_19: 中間抽象度, 集約的 (dims: [304, 34, 109, 141, 249])",,,,,,,,,,,,,,,,,,,,,,,,,,,,,,,,,,,,,,,,,,,,,,,,
52,autonomous systems,Computer Vision,10,2025-06-18T13:58:59.774551,,,,,,,,,,,,,29.0,2.015488624572754,educational technology,unknown,True,"Episode_29: 中間抽象度, 集約的 (dims: [304, 34, 109, 141, 249])",,,,,,,,,,,,,,,,,,,,,,,,,,,,,,,,,,,,,,,,,,
52,autonomous systems,Computer Vision,10,2025-06-18T13:58:59.774551,,,,,,,,,,,,,,,,,,,39.0,2.015488624572754,educational technology,unknown,True,"Episode_39: 中間抽象度, 集約的 (dims: [304, 34, 109, 141, 249])",,,,,,,,,,,,,,,,,,,,,,,,,,,,,,,,,,,,
52,autonomous systems,Computer Vision,10,2025-06-18T13:58:59.774551,,,,,,,,,,,,,,,,,,,,,,,,,3.0,1.9687590599060059,computer vision,unknown,True,"Episode_3: 中間抽象度, 集約的 (dims: [360, 184, 305, 266, 71])",,,,,,,,,,,,,,,,,,,,,,,,,,,,,,
52,autonomous systems,Computer Vision,10,2025-06-18T13:58:59.774551,,,,,,,,,,,,,,,,,,,,,,,,,,,,,,,13.0,1.9687590599060059,computer vision,unknown,True,"Episode_13: 中間抽象度, 集約的 (dims: [360, 184, 305, 266, 71])",,,,,,,,,,,,,,,,,,,,,,,,
52,autonomous systems,Computer Vision,10,2025-06-18T13:58:59.774551,,,,,,,,,,,,,,,,,,,,,,,,,,,,,,,,,,,,,23.0,1.9687590599060059,computer vision,unknown,True,"Episode_23: 中間抽象度, 集約的 (dims: [360, 184, 305, 266, 71])",,,,,,,,,,,,,,,,,,
52,autonomous systems,Computer Vision,10,2025-06-18T13:58:59.774551,,,,,,,,,,,,,,,,,,,,,,,,,,,,,,,,,,,,,,,,,,,33.0,1.9687590599060059,computer vision,unknown,True,"Episode_33: 中間抽象度, 集約的 (dims: [360, 184, 305, 266, 71])",,,,,,,,,,,,
52,autonomous systems,Computer Vision,10,2025-06-18T13:58:59.774551,,,,,,,,,,,,,,,,,,,,,,,,,,,,,,,,,,,,,,,,,,,,,,,,,43.0,1.9687590599060059,computer vision,unknown,True,"Episode_43: 中間抽象度, 集約的 (dims: [360, 184, 305, 266, 71])",,,,,,
52,autonomous systems,Computer Vision,10,2025-06-18T13:58:59.774551,,,,,,,,,,,,,,,,,,,,,,,,,,,,,,,,,,,,,,,,,,,,,,,,,,,,,,,5.0,1.913588047027588,cybersecurity,unknown,True,"Episode_5: 中間抽象度, 集約的 (dims: [106, 62, 379, 367, 71])"
53,natural language processing,Reinforcement Learning,10,2025-06-18T13:58:59.817987,9.0,2.0178463459014893,educational technology,unknown,True,"Episode_9: 中間抽象度, 集約的 (dims: [304, 34, 109, 141, 249])",,,,,,,,,,,,,,,,,,,,,,,,,,,,,,,,,,,,,,,,,,,,,,,,,,,,,,
53,natural language processing,Reinforcement Learning,10,2025-06-18T13:58:59.817987,,,,,,,19.0,2.0178463459014893,educational technology,unknown,True,"Episode_19: 中間抽象度, 集約的 (dims: [304, 34, 109, 141, 249])",,,,,,,,,,,,,,,,,,,,,,,,,,,,,,,,,,,,,,,,,,,,,,,,
53,natural language processing,Reinforcement Learning,10,2025-06-18T13:58:59.817987,,,,,,,,,,,,,29.0,2.0178463459014893,educational technology,unknown,True,"Episode_29: 中間抽象度, 集約的 (dims: [304, 34, 109, 141, 249])",,,,,,,,,,,,,,,,,,,,,,,,,,,,,,,,,,,,,,,,,,
53,natural language processing,Reinforcement Learning,10,2025-06-18T13:58:59.817987,,,,,,,,,,,,,,,,,,,39.0,2.0178463459014893,educational technology,unknown,True,"Episode_39: 中間抽象度, 集約的 (dims: [304, 34, 109, 141, 249])",,,,,,,,,,,,,,,,,,,,,,,,,,,,,,,,,,,,
53,natural language processing,Reinforcement Learning,10,2025-06-18T13:58:59.817987,,,,,,,,,,,,,,,,,,,,,,,,,3.0,1.9338160753250122,computer vision,unknown,True,"Episode_3: 中間抽象度, 集約的 (dims: [360, 184, 305, 266, 71])",,,,,,,,,,,,,,,,,,,,,,,,,,,,,,
53,natural language processing,Reinforcement Learning,10,2025-06-18T13:58:59.817987,,,,,,,,,,,,,,,,,,,,,,,,,,,,,,,13.0,1.9338160753250122,computer vision,unknown,True,"Episode_13: 中間抽象度, 集約的 (dims: [360, 184, 305, 266, 71])",,,,,,,,,,,,,,,,,,,,,,,,
53,natural language processing,Reinforcement Learning,10,2025-06-18T13:58:59.817987,,,,,,,,,,,,,,,,,,,,,,,,,,,,,,,,,,,,,23.0,1.9338160753250122,computer vision,unknown,True,"Episode_23: 中間抽象度, 集約的 (dims: [360, 184, 305, 266, 71])",,,,,,,,,,,,,,,,,,
53,natural language processing,Reinforcement Learning,10,2025-06-18T13:58:59.817987,,,,,,,,,,,,,,,,,,,,,,,,,,,,,,,,,,,,,,,,,,,33.0,1.9338160753250122,computer vision,unknown,True,"Episode_33: 中間抽象度, 集約的 (dims: [360, 184, 305, 266, 71])",,,,,,,,,,,,
53,natural language processing,Reinforcement Learning,10,2025-06-18T13:58:59.817987,,,,,,,,,,,,,,,,,,,,,,,,,,,,,,,,,,,,,,,,,,,,,,,,,43.0,1.9338160753250122,computer vision,unknown,True,"Episode_43: 中間抽象度, 集約的 (dims: [360, 184, 305, 266, 71])",,,,,,
53,natural language processing,Reinforcement Learning,10,2025-06-18T13:58:59.817987,,,,,,,,,,,,,,,,,,,,,,,,,,,,,,,,,,,,,,,,,,,,,,,,,,,,,,,0.0,1.9134697914123535,medical diagnosis,unknown,True,"Episode_0: 中間抽象度, 集約的 (dims: [13, 282, 58, 91, 281])"
54,computer vision,Graph Neural Networks,5,2025-06-18T13:58:59.860881,9.0,2.0182883739471436,educational technology,unknown,True,"Episode_9: 中間抽象度, 集約的 (dims: [304, 34, 109, 141, 249])",,,,,,,,,,,,,,,,,,,,,,,,,,,,,,,,,,,,,,,,,,,,,,,,,,,,,,
54,computer vision,Graph Neural Networks,5,2025-06-18T13:58:59.860881,,,,,,,19.0,2.0182883739471436,educational technology,unknown,True,"Episode_19: 中間抽象度, 集約的 (dims: [304, 34, 109, 141, 249])",,,,,,,,,,,,,,,,,,,,,,,,,,,,,,,,,,,,,,,,,,,,,,,,
54,computer vision,Graph Neural Networks,5,2025-06-18T13:58:59.860881,,,,,,,,,,,,,29.0,2.0182883739471436,educational technology,unknown,True,"Episode_29: 中間抽象度, 集約的 (dims: [304, 34, 109, 141, 249])",,,,,,,,,,,,,,,,,,,,,,,,,,,,,,,,,,,,,,,,,,
54,computer vision,Graph Neural Networks,5,2025-06-18T13:58:59.860881,,,,,,,,,,,,,,,,,,,39.0,2.0182883739471436,educational technology,unknown,True,"Episode_39: 中間抽象度, 集約的 (dims: [304, 34, 109, 141, 249])",,,,,,,,,,,,,,,,,,,,,,,,,,,,,,,,,,,,
54,computer vision,Graph Neural Networks,5,2025-06-18T13:58:59.860881,,,,,,,,,,,,,,,,,,,,,,,,,3.0,2.0034995079040527,computer vision,unknown,False,"Episode_3: 中間抽象度, 集約的 (dims: [360, 184, 305, 266, 71])",,,,,,,,,,,,,,,,,,,,,,,,,,,,,,
54,computer vision,Graph Neural Networks,5,2025-06-18T13:58:59.860881,,,,,,,,,,,,,,,,,,,,,,,,,,,,,,,13.0,2.0034995079040527,computer vision,unknown,False,"Episode_13: 中間抽象度, 集約的 (dims: [360, 184, 305, 266, 71])",,,,,,,,,,,,,,,,,,,,,,,,
54,computer vision,Graph Neural Networks,5,2025-06-18T13:58:59.860881,,,,,,,,,,,,,,,,,,,,,,,,,,,,,,,,,,,,,23.0,2.0034995079040527,computer vision,unknown,False,"Episode_23: 中間抽象度, 集約的 (dims: [360, 184, 305, 266, 71])",,,,,,,,,,,,,,,,,,
54,computer vision,Graph Neural Networks,5,2025-06-18T13:58:59.860881,,,,,,,,,,,,,,,,,,,,,,,,,,,,,,,,,,,,,,,,,,,33.0,2.0034995079040527,computer vision,unknown,False,"Episode_33: 中間抽象度, 集約的 (dims: [360, 184, 305, 266, 71])",,,,,,,,,,,,
54,computer vision,Graph Neural Networks,5,2025-06-18T13:58:59.860881,,,,,,,,,,,,,,,,,,,,,,,,,,,,,,,,,,,,,,,,,,,,,,,,,43.0,2.0034995079040527,computer vision,unknown,False,"Episode_43: 中間抽象度, 集約的 (dims: [360, 184, 305, 266, 71])",,,,,,
54,computer vision,Graph Neural Networks,5,2025-06-18T13:58:59.860881,,,,,,,,,,,,,,,,,,,,,,,,,,,,,,,,,,,,,,,,,,,,,,,,,,,,,,,5.0,1.9527543783187866,cybersecurity,unknown,True,"Episode_5: 中間抽象度, 集約的 (dims: [106, 62, 379, 367, 71])"
55,robotics,Federated Learning,10,2025-06-18T13:58:59.903733,9.0,2.004298210144043,educational technology,unknown,True,"Episode_9: 中間抽象度, 集約的 (dims: [304, 34, 109, 141, 249])",,,,,,,,,,,,,,,,,,,,,,,,,,,,,,,,,,,,,,,,,,,,,,,,,,,,,,
55,robotics,Federated Learning,10,2025-06-18T13:58:59.903733,,,,,,,19.0,2.004298210144043,educational technology,unknown,True,"Episode_19: 中間抽象度, 集約的 (dims: [304, 34, 109, 141, 249])",,,,,,,,,,,,,,,,,,,,,,,,,,,,,,,,,,,,,,,,,,,,,,,,
55,robotics,Federated Learning,10,2025-06-18T13:58:59.903733,,,,,,,,,,,,,29.0,2.004298210144043,educational technology,unknown,True,"Episode_29: 中間抽象度, 集約的 (dims: [304, 34, 109, 141, 249])",,,,,,,,,,,,,,,,,,,,,,,,,,,,,,,,,,,,,,,,,,
55,robotics,Federated Learning,10,2025-06-18T13:58:59.903733,,,,,,,,,,,,,,,,,,,3.0,1.9577245712280273,computer vision,unknown,True,"Episode_3: 中間抽象度, 集約的 (dims: [360, 184, 305, 266, 71])",,,,,,,,,,,,,,,,,,,,,,,,,,,,,,,,,,,,
55,robotics,Federated Learning,10,2025-06-18T13:58:59.903733,,,,,,,,,,,,,,,,,,,,,,,,,13.0,1.9577245712280273,computer vision,unknown,True,"Episode_13: 中間抽象度, 集約的 (dims: [360, 184, 305, 266, 71])",,,,,,,,,,,,,,,,,,,,,,,,,,,,,,
55,robotics,Federated Learning,10,2025-06-18T13:58:59.903733,,,,,,,,,,,,,,,,,,,,,,,,,,,,,,,23.0,1.9577245712280273,computer vision,unknown,True,"Episode_23: 中間抽象度, 集約的 (dims: [360, 184, 305, 266, 71])",,,,,,,,,,,,,,,,,,,,,,,,
55,robotics,Federated Learning,10,2025-06-18T13:58:59.903733,,,,,,,,,,,,,,,,,,,,,,,,,,,,,,,,,,,,,33.0,1.9577245712280273,computer vision,unknown,True,"Episode_33: 中間抽象度, 集約的 (dims: [360, 184, 305, 266, 71])",,,,,,,,,,,,,,,,,,
55,robotics,Federated Learning,10,2025-06-18T13:58:59.903733,,,,,,,,,,,,,,,,,,,,,,,,,,,,,,,,,,,,,,,,,,,43.0,1.9577245712280273,computer vision,unknown,True,"Episode_43: 中間抽象度, 集約的 (dims: [360, 184, 305, 266, 71])",,,,,,,,,,,,
55,robotics,Federated Learning,10,2025-06-18T13:58:59.903733,,,,,,,,,,,,,,,,,,,,,,,,,,,,,,,,,,,,,,,,,,,,,,,,,53.0,1.9577245712280273,computer vision,unknown,True,"Episode_53: 中間抽象度, 集約的 (dims: [360, 184, 305, 266, 71])",,,,,,
55,robotics,Federated Learning,10,2025-06-18T13:58:59.903733,,,,,,,,,,,,,,,,,,,,,,,,,,,,,,,,,,,,,,,,,,,,,,,,,,,,,,,0.0,1.8845016956329346,medical diagnosis,unknown,True,"Episode_0: 中間抽象度, 集約的 (dims: [13, 282, 58, 91, 281])"
56,cybersecurity,Explainable AI,9,2025-06-18T13:58:59.947963,9.0,2.020212173461914,educational technology,unknown,True,"Episode_9: 中間抽象度, 集約的 (dims: [304, 34, 109, 141, 249])",,,,,,,,,,,,,,,,,,,,,,,,,,,,,,,,,,,,,,,,,,,,,,,,,,,,,,
56,cybersecurity,Explainable AI,9,2025-06-18T13:58:59.947963,,,,,,,19.0,2.020212173461914,educational technology,unknown,True,"Episode_19: 中間抽象度, 集約的 (dims: [304, 34, 109, 141, 249])",,,,,,,,,,,,,,,,,,,,,,,,,,,,,,,,,,,,,,,,,,,,,,,,
56,cybersecurity,Explainable AI,9,2025-06-18T13:58:59.947963,,,,,,,,,,,,,29.0,2.020212173461914,educational technology,unknown,True,"Episode_29: 中間抽象度, 集約的 (dims: [304, 34, 109, 141, 249])",,,,,,,,,,,,,,,,,,,,,,,,,,,,,,,,,,,,,,,,,,
56,cybersecurity,Explainable AI,9,2025-06-18T13:58:59.947963,,,,,,,,,,,,,,,,,,,3.0,1.979767918586731,computer vision,unknown,True,"Episode_3: 中間抽象度, 集約的 (dims: [360, 184, 305, 266, 71])",,,,,,,,,,,,,,,,,,,,,,,,,,,,,,,,,,,,
56,cybersecurity,Explainable AI,9,2025-06-18T13:58:59.947963,,,,,,,,,,,,,,,,,,,,,,,,,13.0,1.979767918586731,computer vision,unknown,True,"Episode_13: 中間抽象度, 集約的 (dims: [360, 184, 305, 266, 71])",,,,,,,,,,,,,,,,,,,,,,,,,,,,,,
56,cybersecurity,Explainable AI,9,2025-06-18T13:58:59.947963,,,,,,,,,,,,,,,,,,,,,,,,,,,,,,,23.0,1.979767918586731,computer vision,unknown,True,"Episode_23: 中間抽象度, 集約的 (dims: [360, 184, 305, 266, 71])",,,,,,,,,,,,,,,,,,,,,,,,
56,cybersecurity,Explainable AI,9,2025-06-18T13:58:59.947963,,,,,,,,,,,,,,,,,,,,,,,,,,,,,,,,,,,,,33.0,1.979767918586731,computer vision,unknown,True,"Episode_33: 中間抽象度, 集約的 (dims: [360, 184, 305, 266, 71])",,,,,,,,,,,,,,,,,,
56,cybersecurity,Explainable AI,9,2025-06-18T13:58:59.947963,,,,,,,,,,,,,,,,,,,,,,,,,,,,,,,,,,,,,,,,,,,43.0,1.979767918586731,computer vision,unknown,True,"Episode_43: 中間抽象度, 集約的 (dims: [360, 184, 305, 266, 71])",,,,,,,,,,,,
56,cybersecurity,Explainable AI,9,2025-06-18T13:58:59.947963,,,,,,,,,,,,,,,,,,,,,,,,,,,,,,,,,,,,,,,,,,,,,,,,,53.0,1.979767918586731,computer vision,unknown,True,"Episode_53: 中間抽象度, 集約的 (dims: [360, 184, 305, 266, 71])",,,,,,
56,cybersecurity,Explainable AI,9,2025-06-18T13:58:59.947963,,,,,,,,,,,,,,,,,,,,,,,,,,,,,,,,,,,,,,,,,,,,,,,,,,,,,,,5.0,1.9190136194229126,cybersecurity,unknown,False,"Episode_5: 中間抽象度, 集約的 (dims: [106, 62, 379, 367, 71])"
57,climate modeling,Multimodal Learning,10,2025-06-18T13:58:59.992060,9.0,2.0297534465789795,educational technology,unknown,True,"Episode_9: 中間抽象度, 集約的 (dims: [304, 34, 109, 141, 249])",,,,,,,,,,,,,,,,,,,,,,,,,,,,,,,,,,,,,,,,,,,,,,,,,,,,,,
57,climate modeling,Multimodal Learning,10,2025-06-18T13:58:59.992060,,,,,,,19.0,2.0297534465789795,educational technology,unknown,True,"Episode_19: 中間抽象度, 集約的 (dims: [304, 34, 109, 141, 249])",,,,,,,,,,,,,,,,,,,,,,,,,,,,,,,,,,,,,,,,,,,,,,,,
57,climate modeling,Multimodal Learning,10,2025-06-18T13:58:59.992060,,,,,,,,,,,,,3.0,1.9836041927337646,computer vision,unknown,True,"Episode_3: 中間抽象度, 集約的 (dims: [360, 184, 305, 266, 71])",,,,,,,,,,,,,,,,,,,,,,,,,,,,,,,,,,,,,,,,,,
57,climate modeling,Multimodal Learning,10,2025-06-18T13:58:59.992060,,,,,,,,,,,,,,,,,,,13.0,1.9836041927337646,computer vision,unknown,True,"Episode_13: 中間抽象度, 集約的 (dims: [360, 184, 305, 266, 71])",,,,,,,,,,,,,,,,,,,,,,,,,,,,,,,,,,,,
57,climate modeling,Multimodal Learning,10,2025-06-18T13:58:59.992060,,,,,,,,,,,,,,,,,,,,,,,,,23.0,1.9836041927337646,computer vision,unknown,True,"Episode_23: 中間抽象度, 集約的 (dims: [360, 184, 305, 266, 71])",,,,,,,,,,,,,,,,,,,,,,,,,,,,,,
57,climate modeling,Multimodal Learning,10,2025-06-18T13:58:59.992060,,,,,,,,,,,,,,,,,,,,,,,,,,,,,,,33.0,1.9836041927337646,computer vision,unknown,True,"Episode_33: 中間抽象度, 集約的 (dims: [360, 184, 305, 266, 71])",,,,,,,,,,,,,,,,,,,,,,,,
57,climate modeling,Multimodal Learning,10,2025-06-18T13:58:59.992060,,,,,,,,,,,,,,,,,,,,,,,,,,,,,,,,,,,,,43.0,1.9836041927337646,computer vision,unknown,True,"Episode_43: 中間抽象度, 集約的 (dims: [360, 184, 305, 266, 71])",,,,,,,,,,,,,,,,,,
57,climate modeling,Multimodal Learning,10,2025-06-18T13:58:59.992060,,,,,,,,,,,,,,,,,,,,,,,,,,,,,,,,,,,,,,,,,,,53.0,1.9836041927337646,computer vision,unknown,True,"Episode_53: 中間抽象度, 集約的 (dims: [360, 184, 305, 266, 71])",,,,,,,,,,,,
57,climate modeling,Multimodal Learning,10,2025-06-18T13:58:59.992060,,,,,,,,,,,,,,,,,,,,,,,,,,,,,,,,,,,,,,,,,,,,,,,,,0.0,1.943310022354126,medical diagnosis,unknown,True,"Episode_0: 中間抽象度, 集約的 (dims: [13, 282, 58, 91, 281])",,,,,,
57,climate modeling,Multimodal Learning,10,2025-06-18T13:58:59.992060,,,,,,,,,,,,,,,,,,,,,,,,,,,,,,,,,,,,,,,,,,,,,,,,,,,,,,,10.0,1.943310022354126,medical diagnosis,unknown,True,"Episode_10: 中間抽象度, 集約的 (dims: [13, 282, 58, 91, 281])"
58,drug discovery,Few-shot Learning,10,2025-06-18T13:59:00.037819,9.0,2.011852979660034,educational technology,unknown,True,"Episode_9: 中間抽象度, 集約的 (dims: [304, 34, 109, 141, 249])",,,,,,,,,,,,,,,,,,,,,,,,,,,,,,,,,,,,,,,,,,,,,,,,,,,,,,
58,drug discovery,Few-shot Learning,10,2025-06-18T13:59:00.037819,,,,,,,19.0,2.011852979660034,educational technology,unknown,True,"Episode_19: 中間抽象度, 集約的 (dims: [304, 34, 109, 141, 249])",,,,,,,,,,,,,,,,,,,,,,,,,,,,,,,,,,,,,,,,,,,,,,,,
58,drug discovery,Few-shot Learning,10,2025-06-18T13:59:00.037819,,,,,,,,,,,,,3.0,1.9675366878509521,computer vision,unknown,True,"Episode_3: 中間抽象度, 集約的 (dims: [360, 184, 305, 266, 71])",,,,,,,,,,,,,,,,,,,,,,,,,,,,,,,,,,,,,,,,,,
58,drug discovery,Few-shot Learning,10,2025-06-18T13:59:00.037819,,,,,,,,,,,,,,,,,,,13.0,1.9675366878509521,computer vision,unknown,True,"Episode_13: 中間抽象度, 集約的 (dims: [360, 184, 305, 266, 71])",,,,,,,,,,,,,,,,,,,,,,,,,,,,,,,,,,,,
58,drug discovery,Few-shot Learning,10,2025-06-18T13:59:00.037819,,,,,,,,,,,,,,,,,,,,,,,,,23.0,1.9675366878509521,computer vision,unknown,True,"Episode_23: 中間抽象度, 集約的 (dims: [360, 184, 305, 266, 71])",,,,,,,,,,,,,,,,,,,,,,,,,,,,,,
58,drug discovery,Few-shot Learning,10,2025-06-18T13:59:00.037819,,,,,,,,,,,,,,,,,,,,,,,,,,,,,,,33.0,1.9675366878509521,computer vision,unknown,True,"Episode_33: 中間抽象度, 集約的 (dims: [360, 184, 305, 266, 71])",,,,,,,,,,,,,,,,,,,,,,,,
58,drug discovery,Few-shot Learning,10,2025-06-18T13:59:00.037819,,,,,,,,,,,,,,,,,,,,,,,,,,,,,,,,,,,,,43.0,1.9675366878509521,computer vision,unknown,True,"Episode_43: 中間抽象度, 集約的 (dims: [360, 184, 305, 266, 71])",,,,,,,,,,,,,,,,,,
58,drug discovery,Few-shot Learning,10,2025-06-18T13:59:00.037819,,,,,,,,,,,,,,,,,,,,,,,,,,,,,,,,,,,,,,,,,,,53.0,1.9675366878509521,computer vision,unknown,True,"Episode_53: 中間抽象度, 集約的 (dims: [360, 184, 305, 266, 71])",,,,,,,,,,,,
58,drug discovery,Few-shot Learning,10,2025-06-18T13:59:00.037819,,,,,,,,,,,,,,,,,,,,,,,,,,,,,,,,,,,,,,,,,,,,,,,,,5.0,1.9423749446868896,cybersecurity,unknown,True,"Episode_5: 中間抽象度, 集約的 (dims: [106, 62, 379, 367, 71])",,,,,,
58,drug discovery,Few-shot Learning,10,2025-06-18T13:59:00.037819,,,,,,,,,,,,,,,,,,,,,,,,,,,,,,,,,,,,,,,,,,,,,,,,,,,,,,,15.0,1.9423749446868896,cybersecurity,unknown,True,"Episode_15: 中間抽象度, 集約的 (dims: [106, 62, 379, 367, 71])"
59,financial prediction,Transfer Learning,10,2025-06-18T13:59:00.081790,9.0,2.0264945030212402,educational technology,unknown,True,"Episode_9: 中間抽象度, 集約的 (dims: [304, 34, 109, 141, 249])",,,,,,,,,,,,,,,,,,,,,,,,,,,,,,,,,,,,,,,,,,,,,,,,,,,,,,
59,financial prediction,Transfer Learning,10,2025-06-18T13:59:00.081790,,,,,,,19.0,2.0264945030212402,educational technology,unknown,True,"Episode_19: 中間抽象度, 集約的 (dims: [304, 34, 109, 141, 249])",,,,,,,,,,,,,,,,,,,,,,,,,,,,,,,,,,,,,,,,,,,,,,,,
59,financial prediction,Transfer Learning,10,2025-06-18T13:59:00.081790,,,,,,,,,,,,,3.0,1.9944021701812744,computer vision,unknown,True,"Episode_3: 中間抽象度, 集約的 (dims: [360, 184, 305, 266, 71])",,,,,,,,,,,,,,,,,,,,,,,,,,,,,,,,,,,,,,,,,,
59,financial prediction,Transfer Learning,10,2025-06-18T13:59:00.081790,,,,,,,,,,,,,,,,,,,13.0,1.9944021701812744,computer vision,unknown,True,"Episode_13: 中間抽象度, 集約的 (dims: [360, 184, 305, 266, 71])",,,,,,,,,,,,,,,,,,,,,,,,,,,,,,,,,,,,
59,financial prediction,Transfer Learning,10,2025-06-18T13:59:00.081790,,,,,,,,,,,,,,,,,,,,,,,,,23.0,1.9944021701812744,computer vision,unknown,True,"Episode_23: 中間抽象度, 集約的 (dims: [360, 184, 305, 266, 71])",,,,,,,,,,,,,,,,,,,,,,,,,,,,,,
59,financial prediction,Transfer Learning,10,2025-06-18T13:59:00.081790,,,,,,,,,,,,,,,,,,,,,,,,,,,,,,,33.0,1.9944021701812744,computer vision,unknown,True,"Episode_33: 中間抽象度, 集約的 (dims: [360, 184, 305, 266, 71])",,,,,,,,,,,,,,,,,,,,,,,,
59,financial prediction,Transfer Learning,10,2025-06-18T13:59:00.081790,,,,,,,,,,,,,,,,,,,,,,,,,,,,,,,,,,,,,43.0,1.9944021701812744,computer vision,unknown,True,"Episode_43: 中間抽象度, 集約的 (dims: [360, 184, 305, 266, 71])",,,,,,,,,,,,,,,,,,
59,financial prediction,Transfer Learning,10,2025-06-18T13:59:00.081790,,,,,,,,,,,,,,,,,,,,,,,,,,,,,,,,,,,,,,,,,,,53.0,1.9944021701812744,computer vision,unknown,True,"Episode_53: 中間抽象度, 集約的 (dims: [360, 184, 305, 266, 71])",,,,,,,,,,,,
59,financial prediction,Transfer Learning,10,2025-06-18T13:59:00.081790,,,,,,,,,,,,,,,,,,,,,,,,,,,,,,,,,,,,,,,,,,,,,,,,,5.0,1.927770733833313,cybersecurity,unknown,True,"Episode_5: 中間抽象度, 集約的 (dims: [106, 62, 379, 367, 71])",,,,,,
59,financial prediction,Transfer Learning,10,2025-06-18T13:59:00.081790,,,,,,,,,,,,,,,,,,,,,,,,,,,,,,,,,,,,,,,,,,,,,,,,,,,,,,,15.0,1.927770733833313,cybersecurity,unknown,True,"Episode_15: 中間抽象度, 集約的 (dims: [106, 62, 379, 367, 71])"
60,educational technology,Adversarial Machine Learning,8,2025-06-18T13:59:00.126407,9.0,2.04761004447937,educational technology,unknown,False,"Episode_9: 中間抽象度, 集約的 (dims: [304, 34, 109, 141, 249])",,,,,,,,,,,,,,,,,,,,,,,,,,,,,,,,,,,,,,,,,,,,,,,,,,,,,,
60,educational technology,Adversarial Machine Learning,8,2025-06-18T13:59:00.126407,,,,,,,19.0,2.04761004447937,educational technology,unknown,False,"Episode_19: 中間抽象度, 集約的 (dims: [304, 34, 109, 141, 249])",,,,,,,,,,,,,,,,,,,,,,,,,,,,,,,,,,,,,,,,,,,,,,,,
60,educational technology,Adversarial Machine Learning,8,2025-06-18T13:59:00.126407,,,,,,,,,,,,,3.0,2.0219197273254395,computer vision,unknown,True,"Episode_3: 中間抽象度, 集約的 (dims: [360, 184, 305, 266, 71])",,,,,,,,,,,,,,,,,,,,,,,,,,,,,,,,,,,,,,,,,,
60,educational technology,Adversarial Machine Learning,8,2025-06-18T13:59:00.126407,,,,,,,,,,,,,,,,,,,13.0,2.0219197273254395,computer vision,unknown,True,"Episode_13: 中間抽象度, 集約的 (dims: [360, 184, 305, 266, 71])",,,,,,,,,,,,,,,,,,,,,,,,,,,,,,,,,,,,
60,educational technology,Adversarial Machine Learning,8,2025-06-18T13:59:00.126407,,,,,,,,,,,,,,,,,,,,,,,,,23.0,2.0219197273254395,computer vision,unknown,True,"Episode_23: 中間抽象度, 集約的 (dims: [360, 184, 305, 266, 71])",,,,,,,,,,,,,,,,,,,,,,,,,,,,,,
60,educational technology,Adversarial Machine Learning,8,2025-06-18T13:59:00.126407,,,,,,,,,,,,,,,,,,,,,,,,,,,,,,,33.0,2.0219197273254395,computer vision,unknown,True,"Episode_33: 中間抽象度, 集約的 (dims: [360, 184, 305, 266, 71])",,,,,,,,,,,,,,,,,,,,,,,,
60,educational technology,Adversarial Machine Learning,8,2025-06-18T13:59:00.126407,,,,,,,,,,,,,,,,,,,,,,,,,,,,,,,,,,,,,43.0,2.0219197273254395,computer vision,unknown,True,"Episode_43: 中間抽象度, 集約的 (dims: [360, 184, 305, 266, 71])",,,,,,,,,,,,,,,,,,
60,educational technology,Adversarial Machine Learning,8,2025-06-18T13:59:00.126407,,,,,,,,,,,,,,,,,,,,,,,,,,,,,,,,,,,,,,,,,,,53.0,2.0219197273254395,computer vision,unknown,True,"Episode_53: 中間抽象度, 集約的 (dims: [360, 184, 305, 266, 71])",,,,,,,,,,,,
60,educational technology,Adversarial Machine Learning,8,2025-06-18T13:59:00.126407,,,,,,,,,,,,,,,,,,,,,,,,,,,,,,,,,,,,,,,,,,,,,,,,,5.0,1.932023525238037,cybersecurity,unknown,True,"Episode_5: 中間抽象度, 集約的 (dims: [106, 62, 379, 367, 71])",,,,,,
60,educational technology,Adversarial Machine Learning,8,2025-06-18T13:59:00.126407,,,,,,,,,,,,,,,,,,,,,,,,,,,,,,,,,,,,,,,,,,,,,,,,,,,,,,,15.0,1.932023525238037,cybersecurity,unknown,True,"Episode_15: 中間抽象度, 集約的 (dims: [106, 62, 379, 367, 71])"
61,medical diagnosis,Large Language Models,10,2025-06-18T13:59:00.172061,9.0,1.9743666648864746,educational technology,unknown,True,"Episode_9: 中間抽象度, 集約的 (dims: [304, 34, 109, 141, 249])",,,,,,,,,,,,,,,,,,,,,,,,,,,,,,,,,,,,,,,,,,,,,,,,,,,,,,
61,medical diagnosis,Large Language Models,10,2025-06-18T13:59:00.172061,,,,,,,19.0,1.9743666648864746,educational technology,unknown,True,"Episode_19: 中間抽象度, 集約的 (dims: [304, 34, 109, 141, 249])",,,,,,,,,,,,,,,,,,,,,,,,,,,,,,,,,,,,,,,,,,,,,,,,
61,medical diagnosis,Large Language Models,10,2025-06-18T13:59:00.172061,,,,,,,,,,,,,3.0,1.9703150987625122,computer vision,unknown,True,"Episode_3: 中間抽象度, 集約的 (dims: [360, 184, 305, 266, 71])",,,,,,,,,,,,,,,,,,,,,,,,,,,,,,,,,,,,,,,,,,
61,medical diagnosis,Large Language Models,10,2025-06-18T13:59:00.172061,,,,,,,,,,,,,,,,,,,13.0,1.9703150987625122,computer vision,unknown,True,"Episode_13: 中間抽象度, 集約的 (dims: [360, 184, 305, 266, 71])",,,,,,,,,,,,,,,,,,,,,,,,,,,,,,,,,,,,
61,medical diagnosis,Large Language Models,10,2025-06-18T13:59:00.172061,,,,,,,,,,,,,,,,,,,,,,,,,23.0,1.9703150987625122,computer vision,unknown,True,"Episode_23: 中間抽象度, 集約的 (dims: [360, 184, 305, 266, 71])",,,,,,,,,,,,,,,,,,,,,,,,,,,,,,
61,medical diagnosis,Large Language Models,10,2025-06-18T13:59:00.172061,,,,,,,,,,,,,,,,,,,,,,,,,,,,,,,33.0,1.9703150987625122,computer vision,unknown,True,"Episode_33: 中間抽象度, 集約的 (dims: [360, 184, 305, 266, 71])",,,,,,,,,,,,,,,,,,,,,,,,
61,medical diagnosis,Large Language Models,10,2025-06-18T13:59:00.172061,,,,,,,,,,,,,,,,,,,,,,,,,,,,,,,,,,,,,43.0,1.9703150987625122,computer vision,unknown,True,"Episode_43: 中間抽象度, 集約的 (dims: [360, 184, 305, 266, 71])",,,,,,,,,,,,,,,,,,
61,medical diagnosis,Large Language Models,10,2025-06-18T13:59:00.172061,,,,,,,,,,,,,,,,,,,,,,,,,,,,,,,,,,,,,,,,,,,53.0,1.9703150987625122,computer vision,unknown,True,"Episode_53: 中間抽象度, 集約的 (dims: [360, 184, 305, 266, 71])",,,,,,,,,,,,
61,medical diagnosis,Large Language Models,10,2025-06-18T13:59:00.172061,,,,,,,,,,,,,,,,,,,,,,,,,,,,,,,,,,,,,,,,,,,,,,,,,5.0,1.893110990524292,cybersecurity,unknown,True,"Episode_5: 中間抽象度, 集約的 (dims: [106, 62, 379, 367, 71])",,,,,,
61,medical diagnosis,Large Language Models,10,2025-06-18T13:59:00.172061,,,,,,,,,,,,,,,,,,,,,,,,,,,,,,,,,,,,,,,,,,,,,,,,,,,,,,,15.0,1.893110990524292,cybersecurity,unknown,True,"Episode_15: 中間抽象度, 集約的 (dims: [106, 62, 379, 367, 71])"
62,autonomous systems,Computer Vision,10,2025-06-18T13:59:00.215354,9.0,2.015488624572754,educational technology,unknown,True,"Episode_9: 中間抽象度, 集約的 (dims: [304, 34, 109, 141, 249])",,,,,,,,,,,,,,,,,,,,,,,,,,,,,,,,,,,,,,,,,,,,,,,,,,,,,,
62,autonomous systems,Computer Vision,10,2025-06-18T13:59:00.215354,,,,,,,3.0,1.9687590599060059,computer vision,unknown,True,"Episode_3: 中間抽象度, 集約的 (dims: [360, 184, 305, 266, 71])",,,,,,,,,,,,,,,,,,,,,,,,,,,,,,,,,,,,,,,,,,,,,,,,
62,autonomous systems,Computer Vision,10,2025-06-18T13:59:00.215354,,,,,,,,,,,,,13.0,1.9687590599060059,computer vision,unknown,True,"Episode_13: 中間抽象度, 集約的 (dims: [360, 184, 305, 266, 71])",,,,,,,,,,,,,,,,,,,,,,,,,,,,,,,,,,,,,,,,,,
62,autonomous systems,Computer Vision,10,2025-06-18T13:59:00.215354,,,,,,,,,,,,,,,,,,,23.0,1.9687590599060059,computer vision,unknown,True,"Episode_23: 中間抽象度, 集約的 (dims: [360, 184, 305, 266, 71])",,,,,,,,,,,,,,,,,,,,,,,,,,,,,,,,,,,,
62,autonomous systems,Computer Vision,10,2025-06-18T13:59:00.215354,,,,,,,,,,,,,,,,,,,,,,,,,33.0,1.9687590599060059,computer vision,unknown,True,"Episode_33: 中間抽象度, 集約的 (dims: [360, 184, 305, 266, 71])",,,,,,,,,,,,,,,,,,,,,,,,,,,,,,
62,autonomous systems,Computer Vision,10,2025-06-18T13:59:00.215354,,,,,,,,,,,,,,,,,,,,,,,,,,,,,,,43.0,1.9687590599060059,computer vision,unknown,True,"Episode_43: 中間抽象度, 集約的 (dims: [360, 184, 305, 266, 71])",,,,,,,,,,,,,,,,,,,,,,,,
62,autonomous systems,Computer Vision,10,2025-06-18T13:59:00.215354,,,,,,,,,,,,,,,,,,,,,,,,,,,,,,,,,,,,,53.0,1.9687590599060059,computer vision,unknown,True,"Episode_53: 中間抽象度, 集約的 (dims: [360, 184, 305, 266, 71])",,,,,,,,,,,,,,,,,,
62,autonomous systems,Computer Vision,10,2025-06-18T13:59:00.215354,,,,,,,,,,,,,,,,,,,,,,,,,,,,,,,,,,,,,,,,,,,5.0,1.913588047027588,cybersecurity,unknown,True,"Episode_5: 中間抽象度, 集約的 (dims: [106, 62, 379, 367, 71])",,,,,,,,,,,,
62,autonomous systems,Computer Vision,10,2025-06-18T13:59:00.215354,,,,,,,,,,,,,,,,,,,,,,,,,,,,,,,,,,,,,,,,,,,,,,,,,15.0,1.913588047027588,cybersecurity,unknown,True,"Episode_15: 中間抽象度, 集約的 (dims: [106, 62, 379, 367, 71])",,,,,,
62,autonomous systems,Computer Vision,10,2025-06-18T13:59:00.215354,,,,,,,,,,,,,,,,,,,,,,,,,,,,,,,,,,,,,,,,,,,,,,,,,,,,,,,25.0,1.913588047027588,cybersecurity,unknown,True,"Episode_25: 中間抽象度, 集約的 (dims: [106, 62, 379, 367, 71])"
63,natural language processing,Reinforcement Learning,10,2025-06-18T13:59:00.259031,9.0,2.0178463459014893,educational technology,unknown,True,"Episode_9: 中間抽象度, 集約的 (dims: [304, 34, 109, 141, 249])",,,,,,,,,,,,,,,,,,,,,,,,,,,,,,,,,,,,,,,,,,,,,,,,,,,,,,
63,natural language processing,Reinforcement Learning,10,2025-06-18T13:59:00.259031,,,,,,,3.0,1.9338160753250122,computer vision,unknown,True,"Episode_3: 中間抽象度, 集約的 (dims: [360, 184, 305, 266, 71])",,,,,,,,,,,,,,,,,,,,,,,,,,,,,,,,,,,,,,,,,,,,,,,,
63,natural language processing,Reinforcement Learning,10,2025-06-18T13:59:00.259031,,,,,,,,,,,,,13.0,1.9338160753250122,computer vision,unknown,True,"Episode_13: 中間抽象度, 集約的 (dims: [360, 184, 305, 266, 71])",,,,,,,,,,,,,,,,,,,,,,,,,,,,,,,,,,,,,,,,,,
63,natural language processing,Reinforcement Learning,10,2025-06-18T13:59:00.259031,,,,,,,,,,,,,,,,,,,23.0,1.9338160753250122,computer vision,unknown,True,"Episode_23: 中間抽象度, 集約的 (dims: [360, 184, 305, 266, 71])",,,,,,,,,,,,,,,,,,,,,,,,,,,,,,,,,,,,
63,natural language processing,Reinforcement Learning,10,2025-06-18T13:59:00.259031,,,,,,,,,,,,,,,,,,,,,,,,,33.0,1.9338160753250122,computer vision,unknown,True,"Episode_33: 中間抽象度, 集約的 (dims: [360, 184, 305, 266, 71])",,,,,,,,,,,,,,,,,,,,,,,,,,,,,,
63,natural language processing,Reinforcement Learning,10,2025-06-18T13:59:00.259031,,,,,,,,,,,,,,,,,,,,,,,,,,,,,,,43.0,1.9338160753250122,computer vision,unknown,True,"Episode_43: 中間抽象度, 集約的 (dims: [360, 184, 305, 266, 71])",,,,,,,,,,,,,,,,,,,,,,,,
63,natural language processing,Reinforcement Learning,10,2025-06-18T13:59:00.259031,,,,,,,,,,,,,,,,,,,,,,,,,,,,,,,,,,,,,53.0,1.9338160753250122,computer vision,unknown,True,"Episode_53: 中間抽象度, 集約的 (dims: [360, 184, 305, 266, 71])",,,,,,,,,,,,,,,,,,
63,natural language processing,Reinforcement Learning,10,2025-06-18T13:59:00.259031,,,,,,,,,,,,,,,,,,,,,,,,,,,,,,,,,,,,,,,,,,,0.0,1.9134697914123535,medical diagnosis,unknown,True,"Episode_0: 中間抽象度, 集約的 (dims: [13, 282, 58, 91, 281])",,,,,,,,,,,,
63,natural language processing,Reinforcement Learning,10,2025-06-18T13:59:00.259031,,,,,,,,,,,,,,,,,,,,,,,,,,,,,,,,,,,,,,,,,,,,,,,,,10.0,1.9134697914123535,medical diagnosis,unknown,True,"Episode_10: 中間抽象度, 集約的 (dims: [13, 282, 58, 91, 281])",,,,,,
63,natural language processing,Reinforcement Learning,10,2025-06-18T13:59:00.259031,,,,,,,,,,,,,,,,,,,,,,,,,,,,,,,,,,,,,,,,,,,,,,,,,,,,,,,20.0,1.9134697914123535,medical diagnosis,unknown,True,"Episode_20: 中間抽象度, 集約的 (dims: [13, 282, 58, 91, 281])"
64,computer vision,Graph Neural Networks,4,2025-06-18T13:59:00.302557,9.0,2.0182883739471436,educational technology,unknown,True,"Episode_9: 中間抽象度, 集約的 (dims: [304, 34, 109, 141, 249])",,,,,,,,,,,,,,,,,,,,,,,,,,,,,,,,,,,,,,,,,,,,,,,,,,,,,,
64,computer vision,Graph Neural Networks,4,2025-06-18T13:59:00.302557,,,,,,,3.0,2.0034995079040527,computer vision,unknown,False,"Episode_3: 中間抽象度, 集約的 (dims: [360, 184, 305, 266, 71])",,,,,,,,,,,,,,,,,,,,,,,,,,,,,,,,,,,,,,,,,,,,,,,,
64,computer vision,Graph Neural Networks,4,2025-06-18T13:59:00.302557,,,,,,,,,,,,,13.0,2.0034995079040527,computer vision,unknown,False,"Episode_13: 中間抽象度, 集約的 (dims: [360, 184, 305, 266, 71])",,,,,,,,,,,,,,,,,,,,,,,,,,,,,,,,,,,,,,,,,,
64,computer vision,Graph Neural Networks,4,2025-06-18T13:59:00.302557,,,,,,,,,,,,,,,,,,,23.0,2.0034995079040527,computer vision,unknown,False,"Episode_23: 中間抽象度, 集約的 (dims: [360, 184, 305, 266, 71])",,,,,,,,,,,,,,,,,,,,,,,,,,,,,,,,,,,,
64,computer vision,Graph Neural Networks,4,2025-06-18T13:59:00.302557,,,,,,,,,,,,,,,,,,,,,,,,,33.0,2.0034995079040527,computer vision,unknown,False,"Episode_33: 中間抽象度, 集約的 (dims: [360, 184, 305, 266, 71])",,,,,,,,,,,,,,,,,,,,,,,,,,,,,,
64,computer vision,Graph Neural Networks,4,2025-06-18T13:59:00.302557,,,,,,,,,,,,,,,,,,,,,,,,,,,,,,,43.0,2.0034995079040527,computer vision,unknown,False,"Episode_43: 中間抽象度, 集約的 (dims: [360, 184, 305, 266, 71])",,,,,,,,,,,,,,,,,,,,,,,,
64,computer vision,Graph Neural Networks,4,2025-06-18T13:59:00.302557,,,,,,,,,,,,,,,,,,,,,,,,,,,,,,,,,,,,,53.0,2.0034995079040527,computer vision,unknown,False,"Episode_53: 中間抽象度, 集約的 (dims: [360, 184, 305, 266, 71])",,,,,,,,,,,,,,,,,,
64,computer vision,Graph Neural Networks,4,2025-06-18T13:59:00.302557,,,,,,,,,,,,,,,,,,,,,,,,,,,,,,,,,,,,,,,,,,,5.0,1.9527543783187866,cybersecurity,unknown,True,"Episode_5: 中間抽象度, 集約的 (dims: [106, 62, 379, 367, 71])",,,,,,,,,,,,
64,computer vision,Graph Neural Networks,4,2025-06-18T13:59:00.302557,,,,,,,,,,,,,,,,,,,,,,,,,,,,,,,,,,,,,,,,,,,,,,,,,15.0,1.9527543783187866,cybersecurity,unknown,True,"Episode_15: 中間抽象度, 集約的 (dims: [106, 62, 379, 367, 71])",,,,,,
64,computer vision,Graph Neural Networks,4,2025-06-18T13:59:00.302557,,,,,,,,,,,,,,,,,,,,,,,,,,,,,,,,,,,,,,,,,,,,,,,,,,,,,,,25.0,1.9527543783187866,cybersecurity,unknown,True,"Episode_25: 中間抽象度, 集約的 (dims: [106, 62, 379, 367, 71])"
65,robotics,Federated Learning,10,2025-06-18T13:59:00.346036,3.0,1.9577245712280273,computer vision,unknown,True,"Episode_3: 中間抽象度, 集約的 (dims: [360, 184, 305, 266, 71])",,,,,,,,,,,,,,,,,,,,,,,,,,,,,,,,,,,,,,,,,,,,,,,,,,,,,,
65,robotics,Federated Learning,10,2025-06-18T13:59:00.346036,,,,,,,13.0,1.9577245712280273,computer vision,unknown,True,"Episode_13: 中間抽象度, 集約的 (dims: [360, 184, 305, 266, 71])",,,,,,,,,,,,,,,,,,,,,,,,,,,,,,,,,,,,,,,,,,,,,,,,
65,robotics,Federated Learning,10,2025-06-18T13:59:00.346036,,,,,,,,,,,,,23.0,1.9577245712280273,computer vision,unknown,True,"Episode_23: 中間抽象度, 集約的 (dims: [360, 184, 305, 266, 71])",,,,,,,,,,,,,,,,,,,,,,,,,,,,,,,,,,,,,,,,,,
65,robotics,Federated Learning,10,2025-06-18T13:59:00.346036,,,,,,,,,,,,,,,,,,,33.0,1.9577245712280273,computer vision,unknown,True,"Episode_33: 中間抽象度, 集約的 (dims: [360, 184, 305, 266, 71])",,,,,,,,,,,,,,,,,,,,,,,,,,,,,,,,,,,,
65,robotics,Federated Learning,10,2025-06-18T13:59:00.346036,,,,,,,,,,,,,,,,,,,,,,,,,43.0,1.9577245712280273,computer vision,unknown,True,"Episode_43: 中間抽象度, 集約的 (dims: [360, 184, 305, 266, 71])",,,,,,,,,,,,,,,,,,,,,,,,,,,,,,
65,robotics,Federated Learning,10,2025-06-18T13:59:00.346036,,,,,,,,,,,,,,,,,,,,,,,,,,,,,,,53.0,1.9577245712280273,computer vision,unknown,True,"Episode_53: 中間抽象度, 集約的 (dims: [360, 184, 305, 266, 71])",,,,,,,,,,,,,,,,,,,,,,,,
65,robotics,Federated Learning,10,2025-06-18T13:59:00.346036,,,,,,,,,,,,,,,,,,,,,,,,,,,,,,,,,,,,,63.0,1.9577245712280273,computer vision,unknown,True,"Episode_63: 中間抽象度, 集約的 (dims: [360, 184, 305, 266, 71])",,,,,,,,,,,,,,,,,,
65,robotics,Federated Learning,10,2025-06-18T13:59:00.346036,,,,,,,,,,,,,,,,,,,,,,,,,,,,,,,,,,,,,,,,,,,0.0,1.8845016956329346,medical diagnosis,unknown,True,"Episode_0: 中間抽象度, 集約的 (dims: [13, 282, 58, 91, 281])",,,,,,,,,,,,
65,robotics,Federated Learning,10,2025-06-18T13:59:00.346036,,,,,,,,,,,,,,,,,,,,,,,,,,,,,,,,,,,,,,,,,,,,,,,,,10.0,1.8845016956329346,medical diagnosis,unknown,True,"Episode_10: 中間抽象度, 集約的 (dims: [13, 282, 58, 91, 281])",,,,,,
65,robotics,Federated Learning,10,2025-06-18T13:59:00.346036,,,,,,,,,,,,,,,,,,,,,,,,,,,,,,,,,,,,,,,,,,,,,,,,,,,,,,,20.0,1.8845016956329346,medical diagnosis,unknown,True,"Episode_20: 中間抽象度, 集約的 (dims: [13, 282, 58, 91, 281])"
66,cybersecurity,Explainable AI,7,2025-06-18T13:59:00.390701,3.0,1.979767918586731,computer vision,unknown,True,"Episode_3: 中間抽象度, 集約的 (dims: [360, 184, 305, 266, 71])",,,,,,,,,,,,,,,,,,,,,,,,,,,,,,,,,,,,,,,,,,,,,,,,,,,,,,
66,cybersecurity,Explainable AI,7,2025-06-18T13:59:00.390701,,,,,,,13.0,1.979767918586731,computer vision,unknown,True,"Episode_13: 中間抽象度, 集約的 (dims: [360, 184, 305, 266, 71])",,,,,,,,,,,,,,,,,,,,,,,,,,,,,,,,,,,,,,,,,,,,,,,,
66,cybersecurity,Explainable AI,7,2025-06-18T13:59:00.390701,,,,,,,,,,,,,23.0,1.979767918586731,computer vision,unknown,True,"Episode_23: 中間抽象度, 集約的 (dims: [360, 184, 305, 266, 71])",,,,,,,,,,,,,,,,,,,,,,,,,,,,,,,,,,,,,,,,,,
66,cybersecurity,Explainable AI,7,2025-06-18T13:59:00.390701,,,,,,,,,,,,,,,,,,,33.0,1.979767918586731,computer vision,unknown,True,"Episode_33: 中間抽象度, 集約的 (dims: [360, 184, 305, 266, 71])",,,,,,,,,,,,,,,,,,,,,,,,,,,,,,,,,,,,
66,cybersecurity,Explainable AI,7,2025-06-18T13:59:00.390701,,,,,,,,,,,,,,,,,,,,,,,,,43.0,1.979767918586731,computer vision,unknown,True,"Episode_43: 中間抽象度, 集約的 (dims: [360, 184, 305, 266, 71])",,,,,,,,,,,,,,,,,,,,,,,,,,,,,,
66,cybersecurity,Explainable AI,7,2025-06-18T13:59:00.390701,,,,,,,,,,,,,,,,,,,,,,,,,,,,,,,53.0,1.979767918586731,computer vision,unknown,True,"Episode_53: 中間抽象度, 集約的 (dims: [360, 184, 305, 266, 71])",,,,,,,,,,,,,,,,,,,,,,,,
66,cybersecurity,Explainable AI,7,2025-06-18T13:59:00.390701,,,,,,,,,,,,,,,,,,,,,,,,,,,,,,,,,,,,,63.0,1.979767918586731,computer vision,unknown,True,"Episode_63: 中間抽象度, 集約的 (dims: [360, 184, 305, 266, 71])",,,,,,,,,,,,,,,,,,
66,cybersecurity,Explainable AI,7,2025-06-18T13:59:00.390701,,,,,,,,,,,,,,,,,,,,,,,,,,,,,,,,,,,,,,,,,,,5.0,1.9190136194229126,cybersecurity,unknown,False,"Episode_5: 中間抽象度, 集約的 (dims: [106, 62, 379, 367, 71])",,,,,,,,,,,,
66,cybersecurity,Explainable AI,7,2025-06-18T13:59:00.390701,,,,,,,,,,,,,,,,,,,,,,,,,,,,,,,,,,,,,,,,,,,,,,,,,15.0,1.9190136194229126,cybersecurity,unknown,False,"Episode_15: 中間抽象度, 集約的 (dims: [106, 62, 379, 367, 71])",,,,,,
66,cybersecurity,Explainable AI,7,2025-06-18T13:59:00.390701,,,,,,,,,,,,,,,,,,,,,,,,,,,,,,,,,,,,,,,,,,,,,,,,,,,,,,,25.0,1.9190136194229126,cybersecurity,unknown,False,"Episode_25: 中間抽象度, 集約的 (dims: [106, 62, 379, 367, 71])"
67,climate modeling,Multimodal Learning,10,2025-06-18T13:59:00.436333,3.0,1.9836041927337646,computer vision,unknown,True,"Episode_3: 中間抽象度, 集約的 (dims: [360, 184, 305, 266, 71])",,,,,,,,,,,,,,,,,,,,,,,,,,,,,,,,,,,,,,,,,,,,,,,,,,,,,,
67,climate modeling,Multimodal Learning,10,2025-06-18T13:59:00.436333,,,,,,,13.0,1.9836041927337646,computer vision,unknown,True,"Episode_13: 中間抽象度, 集約的 (dims: [360, 184, 305, 266, 71])",,,,,,,,,,,,,,,,,,,,,,,,,,,,,,,,,,,,,,,,,,,,,,,,
67,climate modeling,Multimodal Learning,10,2025-06-18T13:59:00.436333,,,,,,,,,,,,,23.0,1.9836041927337646,computer vision,unknown,True,"Episode_23: 中間抽象度, 集約的 (dims: [360, 184, 305, 266, 71])",,,,,,,,,,,,,,,,,,,,,,,,,,,,,,,,,,,,,,,,,,
67,climate modeling,Multimodal Learning,10,2025-06-18T13:59:00.436333,,,,,,,,,,,,,,,,,,,33.0,1.9836041927337646,computer vision,unknown,True,"Episode_33: 中間抽象度, 集約的 (dims: [360, 184, 305, 266, 71])",,,,,,,,,,,,,,,,,,,,,,,,,,,,,,,,,,,,
67,climate modeling,Multimodal Learning,10,2025-06-18T13:59:00.436333,,,,,,,,,,,,,,,,,,,,,,,,,43.0,1.9836041927337646,computer vision,unknown,True,"Episode_43: 中間抽象度, 集約的 (dims: [360, 184, 305, 266, 71])",,,,,,,,,,,,,,,,,,,,,,,,,,,,,,
67,climate modeling,Multimodal Learning,10,2025-06-18T13:59:00.436333,,,,,,,,,,,,,,,,,,,,,,,,,,,,,,,53.0,1.9836041927337646,computer vision,unknown,True,"Episode_53: 中間抽象度, 集約的 (dims: [360, 184, 305, 266, 71])",,,,,,,,,,,,,,,,,,,,,,,,
67,climate modeling,Multimodal Learning,10,2025-06-18T13:59:00.436333,,,,,,,,,,,,,,,,,,,,,,,,,,,,,,,,,,,,,0.0,1.943310022354126,medical diagnosis,unknown,True,"Episode_0: 中間抽象度, 集約的 (dims: [13, 282, 58, 91, 281])",,,,,,,,,,,,,,,,,,
67,climate modeling,Multimodal Learning,10,2025-06-18T13:59:00.436333,,,,,,,,,,,,,,,,,,,,,,,,,,,,,,,,,,,,,,,,,,,10.0,1.943310022354126,medical diagnosis,unknown,True,"Episode_10: 中間抽象度, 集約的 (dims: [13, 282, 58, 91, 281])",,,,,,,,,,,,
67,climate modeling,Multimodal Learning,10,2025-06-18T13:59:00.436333,,,,,,,,,,,,,,,,,,,,,,,,,,,,,,,,,,,,,,,,,,,,,,,,,20.0,1.943310022354126,medical diagnosis,unknown,True,"Episode_20: 中間抽象度, 集約的 (dims: [13, 282, 58, 91, 281])",,,,,,
67,climate modeling,Multimodal Learning,10,2025-06-18T13:59:00.436333,,,,,,,,,,,,,,,,,,,,,,,,,,,,,,,,,,,,,,,,,,,,,,,,,,,,,,,30.0,1.943310022354126,medical diagnosis,unknown,True,"Episode_30: 中間抽象度, 集約的 (dims: [13, 282, 58, 91, 281])"
68,drug discovery,Few-shot Learning,10,2025-06-18T13:59:00.480759,3.0,1.9675366878509521,computer vision,unknown,True,"Episode_3: 中間抽象度, 集約的 (dims: [360, 184, 305, 266, 71])",,,,,,,,,,,,,,,,,,,,,,,,,,,,,,,,,,,,,,,,,,,,,,,,,,,,,,
68,drug discovery,Few-shot Learning,10,2025-06-18T13:59:00.480759,,,,,,,13.0,1.9675366878509521,computer vision,unknown,True,"Episode_13: 中間抽象度, 集約的 (dims: [360, 184, 305, 266, 71])",,,,,,,,,,,,,,,,,,,,,,,,,,,,,,,,,,,,,,,,,,,,,,,,
68,drug discovery,Few-shot Learning,10,2025-06-18T13:59:00.480759,,,,,,,,,,,,,23.0,1.9675366878509521,computer vision,unknown,True,"Episode_23: 中間抽象度, 集約的 (dims: [360, 184, 305, 266, 71])",,,,,,,,,,,,,,,,,,,,,,,,,,,,,,,,,,,,,,,,,,
68,drug discovery,Few-shot Learning,10,2025-06-18T13:59:00.480759,,,,,,,,,,,,,,,,,,,33.0,1.9675366878509521,computer vision,unknown,True,"Episode_33: 中間抽象度, 集約的 (dims: [360, 184, 305, 266, 71])",,,,,,,,,,,,,,,,,,,,,,,,,,,,,,,,,,,,
68,drug discovery,Few-shot Learning,10,2025-06-18T13:59:00.480759,,,,,,,,,,,,,,,,,,,,,,,,,43.0,1.9675366878509521,computer vision,unknown,True,"Episode_43: 中間抽象度, 集約的 (dims: [360, 184, 305, 266, 71])",,,,,,,,,,,,,,,,,,,,,,,,,,,,,,
68,drug discovery,Few-shot Learning,10,2025-06-18T13:59:00.480759,,,,,,,,,,,,,,,,,,,,,,,,,,,,,,,53.0,1.9675366878509521,computer vision,unknown,True,"Episode_53: 中間抽象度, 集約的 (dims: [360, 184, 305, 266, 71])",,,,,,,,,,,,,,,,,,,,,,,,
68,drug discovery,Few-shot Learning,10,2025-06-18T13:59:00.480759,,,,,,,,,,,,,,,,,,,,,,,,,,,,,,,,,,,,,5.0,1.9423749446868896,cybersecurity,unknown,True,"Episode_5: 中間抽象度, 集約的 (dims: [106, 62, 379, 367, 71])",,,,,,,,,,,,,,,,,,
68,drug discovery,Few-shot Learning,10,2025-06-18T13:59:00.480759,,,,,,,,,,,,,,,,,,,,,,,,,,,,,,,,,,,,,,,,,,,15.0,1.9423749446868896,cybersecurity,unknown,True,"Episode_15: 中間抽象度, 集約的 (dims: [106, 62, 379, 367, 71])",,,,,,,,,,,,
68,drug discovery,Few-shot Learning,10,2025-06-18T13:59:00.480759,,,,,,,,,,,,,,,,,,,,,,,,,,,,,,,,,,,,,,,,,,,,,,,,,25.0,1.9423749446868896,cybersecurity,unknown,True,"Episode_25: 中間抽象度, 集約的 (dims: [106, 62, 379, 367, 71])",,,,,,
68,drug discovery,Few-shot Learning,10,2025-06-18T13:59:00.480759,,,,,,,,,,,,,,,,,,,,,,,,,,,,,,,,,,,,,,,,,,,,,,,,,,,,,,,35.0,1.9423749446868896,cybersecurity,unknown,True,"Episode_35: 中間抽象度, 集約的 (dims: [106, 62, 379, 367, 71])"
69,financial prediction,Transfer Learning,10,2025-06-18T13:59:00.525848,3.0,1.9944021701812744,computer vision,unknown,True,"Episode_3: 中間抽象度, 集約的 (dims: [360, 184, 305, 266, 71])",,,,,,,,,,,,,,,,,,,,,,,,,,,,,,,,,,,,,,,,,,,,,,,,,,,,,,
69,financial prediction,Transfer Learning,10,2025-06-18T13:59:00.525848,,,,,,,13.0,1.9944021701812744,computer vision,unknown,True,"Episode_13: 中間抽象度, 集約的 (dims: [360, 184, 305, 266, 71])",,,,,,,,,,,,,,,,,,,,,,,,,,,,,,,,,,,,,,,,,,,,,,,,
69,financial prediction,Transfer Learning,10,2025-06-18T13:59:00.525848,,,,,,,,,,,,,23.0,1.9944021701812744,computer vision,unknown,True,"Episode_23: 中間抽象度, 集約的 (dims: [360, 184, 305, 266, 71])",,,,,,,,,,,,,,,,,,,,,,,,,,,,,,,,,,,,,,,,,,
69,financial prediction,Transfer Learning,10,2025-06-18T13:59:00.525848,,,,,,,,,,,,,,,,,,,33.0,1.9944021701812744,computer vision,unknown,True,"Episode_33: 中間抽象度, 集約的 (dims: [360, 184, 305, 266, 71])",,,,,,,,,,,,,,,,,,,,,,,,,,,,,,,,,,,,
69,financial prediction,Transfer Learning,10,2025-06-18T13:59:00.525848,,,,,,,,,,,,,,,,,,,,,,,,,43.0,1.9944021701812744,computer vision,unknown,True,"Episode_43: 中間抽象度, 集約的 (dims: [360, 184, 305, 266, 71])",,,,,,,,,,,,,,,,,,,,,,,,,,,,,,
69,financial prediction,Transfer Learning,10,2025-06-18T13:59:00.525848,,,,,,,,,,,,,,,,,,,,,,,,,,,,,,,53.0,1.9944021701812744,computer vision,unknown,True,"Episode_53: 中間抽象度, 集約的 (dims: [360, 184, 305, 266, 71])",,,,,,,,,,,,,,,,,,,,,,,,
69,financial prediction,Transfer Learning,10,2025-06-18T13:59:00.525848,,,,,,,,,,,,,,,,,,,,,,,,,,,,,,,,,,,,,5.0,1.927770733833313,cybersecurity,unknown,True,"Episode_5: 中間抽象度, 集約的 (dims: [106, 62, 379, 367, 71])",,,,,,,,,,,,,,,,,,
69,financial prediction,Transfer Learning,10,2025-06-18T13:59:00.525848,,,,,,,,,,,,,,,,,,,,,,,,,,,,,,,,,,,,,,,,,,,15.0,1.927770733833313,cybersecurity,unknown,True,"Episode_15: 中間抽象度, 集約的 (dims: [106, 62, 379, 367, 71])",,,,,,,,,,,,
69,financial prediction,Transfer Learning,10,2025-06-18T13:59:00.525848,,,,,,,,,,,,,,,,,,,,,,,,,,,,,,,,,,,,,,,,,,,,,,,,,25.0,1.927770733833313,cybersecurity,unknown,True,"Episode_25: 中間抽象度, 集約的 (dims: [106, 62, 379, 367, 71])",,,,,,
69,financial prediction,Transfer Learning,10,2025-06-18T13:59:00.525848,,,,,,,,,,,,,,,,,,,,,,,,,,,,,,,,,,,,,,,,,,,,,,,,,,,,,,,35.0,1.927770733833313,cybersecurity,unknown,True,"Episode_35: 中間抽象度, 集約的 (dims: [106, 62, 379, 367, 71])"
70,educational technology,Adversarial Machine Learning,10,2025-06-18T13:59:00.570364,3.0,2.0219197273254395,computer vision,unknown,True,"Episode_3: 中間抽象度, 集約的 (dims: [360, 184, 305, 266, 71])",,,,,,,,,,,,,,,,,,,,,,,,,,,,,,,,,,,,,,,,,,,,,,,,,,,,,,
70,educational technology,Adversarial Machine Learning,10,2025-06-18T13:59:00.570364,,,,,,,13.0,2.0219197273254395,computer vision,unknown,True,"Episode_13: 中間抽象度, 集約的 (dims: [360, 184, 305, 266, 71])",,,,,,,,,,,,,,,,,,,,,,,,,,,,,,,,,,,,,,,,,,,,,,,,
70,educational technology,Adversarial Machine Learning,10,2025-06-18T13:59:00.570364,,,,,,,,,,,,,23.0,2.0219197273254395,computer vision,unknown,True,"Episode_23: 中間抽象度, 集約的 (dims: [360, 184, 305, 266, 71])",,,,,,,,,,,,,,,,,,,,,,,,,,,,,,,,,,,,,,,,,,
70,educational technology,Adversarial Machine Learning,10,2025-06-18T13:59:00.570364,,,,,,,,,,,,,,,,,,,33.0,2.0219197273254395,computer vision,unknown,True,"Episode_33: 中間抽象度, 集約的 (dims: [360, 184, 305, 266, 71])",,,,,,,,,,,,,,,,,,,,,,,,,,,,,,,,,,,,
70,educational technology,Adversarial Machine Learning,10,2025-06-18T13:59:00.570364,,,,,,,,,,,,,,,,,,,,,,,,,43.0,2.0219197273254395,computer vision,unknown,True,"Episode_43: 中間抽象度, 集約的 (dims: [360, 184, 305, 266, 71])",,,,,,,,,,,,,,,,,,,,,,,,,,,,,,
70,educational technology,Adversarial Machine Learning,10,2025-06-18T13:59:00.570364,,,,,,,,,,,,,,,,,,,,,,,,,,,,,,,53.0,2.0219197273254395,computer vision,unknown,True,"Episode_53: 中間抽象度, 集約的 (dims: [360, 184, 305, 266, 71])",,,,,,,,,,,,,,,,,,,,,,,,
70,educational technology,Adversarial Machine Learning,10,2025-06-18T13:59:00.570364,,,,,,,,,,,,,,,,,,,,,,,,,,,,,,,,,,,,,5.0,1.932023525238037,cybersecurity,unknown,True,"Episode_5: 中間抽象度, 集約的 (dims: [106, 62, 379, 367, 71])",,,,,,,,,,,,,,,,,,
70,educational technology,Adversarial Machine Learning,10,2025-06-18T13:59:00.570364,,,,,,,,,,,,,,,,,,,,,,,,,,,,,,,,,,,,,,,,,,,15.0,1.932023525238037,cybersecurity,unknown,True,"Episode_15: 中間抽象度, 集約的 (dims: [106, 62, 379, 367, 71])",,,,,,,,,,,,
70,educational technology,Adversarial Machine Learning,10,2025-06-18T13:59:00.570364,,,,,,,,,,,,,,,,,,,,,,,,,,,,,,,,,,,,,,,,,,,,,,,,,25.0,1.932023525238037,cybersecurity,unknown,True,"Episode_25: 中間抽象度, 集約的 (dims: [106, 62, 379, 367, 71])",,,,,,
70,educational technology,Adversarial Machine Learning,10,2025-06-18T13:59:00.570364,,,,,,,,,,,,,,,,,,,,,,,,,,,,,,,,,,,,,,,,,,,,,,,,,,,,,,,35.0,1.932023525238037,cybersecurity,unknown,True,"Episode_35: 中間抽象度, 集約的 (dims: [106, 62, 379, 367, 71])"
71,medical diagnosis,Large Language Models,10,2025-06-18T13:59:00.615975,3.0,1.9703150987625122,computer vision,unknown,True,"Episode_3: 中間抽象度, 集約的 (dims: [360, 184, 305, 266, 71])",,,,,,,,,,,,,,,,,,,,,,,,,,,,,,,,,,,,,,,,,,,,,,,,,,,,,,
71,medical diagnosis,Large Language Models,10,2025-06-18T13:59:00.615975,,,,,,,13.0,1.9703150987625122,computer vision,unknown,True,"Episode_13: 中間抽象度, 集約的 (dims: [360, 184, 305, 266, 71])",,,,,,,,,,,,,,,,,,,,,,,,,,,,,,,,,,,,,,,,,,,,,,,,
71,medical diagnosis,Large Language Models,10,2025-06-18T13:59:00.615975,,,,,,,,,,,,,23.0,1.9703150987625122,computer vision,unknown,True,"Episode_23: 中間抽象度, 集約的 (dims: [360, 184, 305, 266, 71])",,,,,,,,,,,,,,,,,,,,,,,,,,,,,,,,,,,,,,,,,,
71,medical diagnosis,Large Language Models,10,2025-06-18T13:59:00.615975,,,,,,,,,,,,,,,,,,,33.0,1.9703150987625122,computer vision,unknown,True,"Episode_33: 中間抽象度, 集約的 (dims: [360, 184, 305, 266, 71])",,,,,,,,,,,,,,,,,,,,,,,,,,,,,,,,,,,,
71,medical diagnosis,Large Language Models,10,2025-06-18T13:59:00.615975,,,,,,,,,,,,,,,,,,,,,,,,,43.0,1.9703150987625122,computer vision,unknown,True,"Episode_43: 中間抽象度, 集約的 (dims: [360, 184, 305, 266, 71])",,,,,,,,,,,,,,,,,,,,,,,,,,,,,,
71,medical diagnosis,Large Language Models,10,2025-06-18T13:59:00.615975,,,,,,,,,,,,,,,,,,,,,,,,,,,,,,,53.0,1.9703150987625122,computer vision,unknown,True,"Episode_53: 中間抽象度, 集約的 (dims: [360, 184, 305, 266, 71])",,,,,,,,,,,,,,,,,,,,,,,,
71,medical diagnosis,Large Language Models,10,2025-06-18T13:59:00.615975,,,,,,,,,,,,,,,,,,,,,,,,,,,,,,,,,,,,,5.0,1.893110990524292,cybersecurity,unknown,True,"Episode_5: 中間抽象度, 集約的 (dims: [106, 62, 379, 367, 71])",,,,,,,,,,,,,,,,,,
71,medical diagnosis,Large Language Models,10,2025-06-18T13:59:00.615975,,,,,,,,,,,,,,,,,,,,,,,,,,,,,,,,,,,,,,,,,,,15.0,1.893110990524292,cybersecurity,unknown,True,"Episode_15: 中間抽象度, 集約的 (dims: [106, 62, 379, 367, 71])",,,,,,,,,,,,
71,medical diagnosis,Large Language Models,10,2025-06-18T13:59:00.615975,,,,,,,,,,,,,,,,,,,,,,,,,,,,,,,,,,,,,,,,,,,,,,,,,25.0,1.893110990524292,cybersecurity,unknown,True,"Episode_25: 中間抽象度, 集約的 (dims: [106, 62, 379, 367, 71])",,,,,,
71,medical diagnosis,Large Language Models,10,2025-06-18T13:59:00.615975,,,,,,,,,,,,,,,,,,,,,,,,,,,,,,,,,,,,,,,,,,,,,,,,,,,,,,,35.0,1.893110990524292,cybersecurity,unknown,True,"Episode_35: 中間抽象度, 集約的 (dims: [106, 62, 379, 367, 71])"
72,autonomous systems,Computer Vision,10,2025-06-18T13:59:00.659793,3.0,1.9687590599060059,computer vision,unknown,True,"Episode_3: 中間抽象度, 集約的 (dims: [360, 184, 305, 266, 71])",,,,,,,,,,,,,,,,,,,,,,,,,,,,,,,,,,,,,,,,,,,,,,,,,,,,,,
72,autonomous systems,Computer Vision,10,2025-06-18T13:59:00.659793,,,,,,,13.0,1.9687590599060059,computer vision,unknown,True,"Episode_13: 中間抽象度, 集約的 (dims: [360, 184, 305, 266, 71])",,,,,,,,,,,,,,,,,,,,,,,,,,,,,,,,,,,,,,,,,,,,,,,,
72,autonomous systems,Computer Vision,10,2025-06-18T13:59:00.659793,,,,,,,,,,,,,23.0,1.9687590599060059,computer vision,unknown,True,"Episode_23: 中間抽象度, 集約的 (dims: [360, 184, 305, 266, 71])",,,,,,,,,,,,,,,,,,,,,,,,,,,,,,,,,,,,,,,,,,
72,autonomous systems,Computer Vision,10,2025-06-18T13:59:00.659793,,,,,,,,,,,,,,,,,,,33.0,1.9687590599060059,computer vision,unknown,True,"Episode_33: 中間抽象度, 集約的 (dims: [360, 184, 305, 266, 71])",,,,,,,,,,,,,,,,,,,,,,,,,,,,,,,,,,,,
72,autonomous systems,Computer Vision,10,2025-06-18T13:59:00.659793,,,,,,,,,,,,,,,,,,,,,,,,,43.0,1.9687590599060059,computer vision,unknown,True,"Episode_43: 中間抽象度, 集約的 (dims: [360, 184, 305, 266, 71])",,,,,,,,,,,,,,,,,,,,,,,,,,,,,,
72,autonomous systems,Computer Vision,10,2025-06-18T13:59:00.659793,,,,,,,,,,,,,,,,,,,,,,,,,,,,,,,5.0,1.913588047027588,cybersecurity,unknown,True,"Episode_5: 中間抽象度, 集約的 (dims: [106, 62, 379, 367, 71])",,,,,,,,,,,,,,,,,,,,,,,,
72,autonomous systems,Computer Vision,10,2025-06-18T13:59:00.659793,,,,,,,,,,,,,,,,,,,,,,,,,,,,,,,,,,,,,15.0,1.913588047027588,cybersecurity,unknown,True,"Episode_15: 中間抽象度, 集約的 (dims: [106, 62, 379, 367, 71])",,,,,,,,,,,,,,,,,,
72,autonomous systems,Computer Vision,10,2025-06-18T13:59:00.659793,,,,,,,,,,,,,,,,,,,,,,,,,,,,,,,,,,,,,,,,,,,25.0,1.913588047027588,cybersecurity,unknown,True,"Episode_25: 中間抽象度, 集約的 (dims: [106, 62, 379, 367, 71])",,,,,,,,,,,,
72,autonomous systems,Computer Vision,10,2025-06-18T13:59:00.659793,,,,,,,,,,,,,,,,,,,,,,,,,,,,,,,,,,,,,,,,,,,,,,,,,35.0,1.913588047027588,cybersecurity,unknown,True,"Episode_35: 中間抽象度, 集約的 (dims: [106, 62, 379, 367, 71])",,,,,,
72,autonomous systems,Computer Vision,10,2025-06-18T13:59:00.659793,,,,,,,,,,,,,,,,,,,,,,,,,,,,,,,,,,,,,,,,,,,,,,,,,,,,,,,45.0,1.913588047027588,cybersecurity,unknown,True,"Episode_45: 中間抽象度, 集約的 (dims: [106, 62, 379, 367, 71])"
73,natural language processing,Reinforcement Learning,10,2025-06-18T13:59:00.703632,3.0,1.9338160753250122,computer vision,unknown,True,"Episode_3: 中間抽象度, 集約的 (dims: [360, 184, 305, 266, 71])",,,,,,,,,,,,,,,,,,,,,,,,,,,,,,,,,,,,,,,,,,,,,,,,,,,,,,
73,natural language processing,Reinforcement Learning,10,2025-06-18T13:59:00.703632,,,,,,,13.0,1.9338160753250122,computer vision,unknown,True,"Episode_13: 中間抽象度, 集約的 (dims: [360, 184, 305, 266, 71])",,,,,,,,,,,,,,,,,,,,,,,,,,,,,,,,,,,,,,,,,,,,,,,,
73,natural language processing,Reinforcement Learning,10,2025-06-18T13:59:00.703632,,,,,,,,,,,,,23.0,1.9338160753250122,computer vision,unknown,True,"Episode_23: 中間抽象度, 集約的 (dims: [360, 184, 305, 266, 71])",,,,,,,,,,,,,,,,,,,,,,,,,,,,,,,,,,,,,,,,,,
73,natural language processing,Reinforcement Learning,10,2025-06-18T13:59:00.703632,,,,,,,,,,,,,,,,,,,33.0,1.9338160753250122,computer vision,unknown,True,"Episode_33: 中間抽象度, 集約的 (dims: [360, 184, 305, 266, 71])",,,,,,,,,,,,,,,,,,,,,,,,,,,,,,,,,,,,
73,natural language processing,Reinforcement Learning,10,2025-06-18T13:59:00.703632,,,,,,,,,,,,,,,,,,,,,,,,,43.0,1.9338160753250122,computer vision,unknown,True,"Episode_43: 中間抽象度, 集約的 (dims: [360, 184, 305, 266, 71])",,,,,,,,,,,,,,,,,,,,,,,,,,,,,,
73,natural language processing,Reinforcement Learning,10,2025-06-18T13:59:00.703632,,,,,,,,,,,,,,,,,,,,,,,,,,,,,,,0.0,1.9134697914123535,medical diagnosis,unknown,True,"Episode_0: 中間抽象度, 集約的 (dims: [13, 282, 58, 91, 281])",,,,,,,,,,,,,,,,,,,,,,,,
73,natural language processing,Reinforcement Learning,10,2025-06-18T13:59:00.703632,,,,,,,,,,,,,,,,,,,,,,,,,,,,,,,,,,,,,10.0,1.9134697914123535,medical diagnosis,unknown,True,"Episode_10: 中間抽象度, 集約的 (dims: [13, 282, 58, 91, 281])",,,,,,,,,,,,,,,,,,
73,natural language processing,Reinforcement Learning,10,2025-06-18T13:59:00.703632,,,,,,,,,,,,,,,,,,,,,,,,,,,,,,,,,,,,,,,,,,,20.0,1.9134697914123535,medical diagnosis,unknown,True,"Episode_20: 中間抽象度, 集約的 (dims: [13, 282, 58, 91, 281])",,,,,,,,,,,,
73,natural language processing,Reinforcement Learning,10,2025-06-18T13:59:00.703632,,,,,,,,,,,,,,,,,,,,,,,,,,,,,,,,,,,,,,,,,,,,,,,,,30.0,1.9134697914123535,medical diagnosis,unknown,True,"Episode_30: 中間抽象度, 集約的 (dims: [13, 282, 58, 91, 281])",,,,,,
73,natural language processing,Reinforcement Learning,10,2025-06-18T13:59:00.703632,,,,,,,,,,,,,,,,,,,,,,,,,,,,,,,,,,,,,,,,,,,,,,,,,,,,,,,40.0,1.9134697914123535,medical diagnosis,unknown,True,"Episode_40: 中間抽象度, 集約的 (dims: [13, 282, 58, 91, 281])"
74,computer vision,Graph Neural Networks,5,2025-06-18T13:59:00.747168,3.0,2.0034995079040527,computer vision,unknown,False,"Episode_3: 中間抽象度, 集約的 (dims: [360, 184, 305, 266, 71])",,,,,,,,,,,,,,,,,,,,,,,,,,,,,,,,,,,,,,,,,,,,,,,,,,,,,,
74,computer vision,Graph Neural Networks,5,2025-06-18T13:59:00.747168,,,,,,,13.0,2.0034995079040527,computer vision,unknown,False,"Episode_13: 中間抽象度, 集約的 (dims: [360, 184, 305, 266, 71])",,,,,,,,,,,,,,,,,,,,,,,,,,,,,,,,,,,,,,,,,,,,,,,,
74,computer vision,Graph Neural Networks,5,2025-06-18T13:59:00.747168,,,,,,,,,,,,,23.0,2.0034995079040527,computer vision,unknown,False,"Episode_23: 中間抽象度, 集約的 (dims: [360, 184, 305, 266, 71])",,,,,,,,,,,,,,,,,,,,,,,,,,,,,,,,,,,,,,,,,,
74,computer vision,Graph Neural Networks,5,2025-06-18T13:59:00.747168,,,,,,,,,,,,,,,,,,,33.0,2.0034995079040527,computer vision,unknown,False,"Episode_33: 中間抽象度, 集約的 (dims: [360, 184, 305, 266, 71])",,,,,,,,,,,,,,,,,,,,,,,,,,,,,,,,,,,,
74,computer vision,Graph Neural Networks,5,2025-06-18T13:59:00.747168,,,,,,,,,,,,,,,,,,,,,,,,,43.0,2.0034995079040527,computer vision,unknown,False,"Episode_43: 中間抽象度, 集約的 (dims: [360, 184, 305, 266, 71])",,,,,,,,,,,,,,,,,,,,,,,,,,,,,,
74,computer vision,Graph Neural Networks,5,2025-06-18T13:59:00.747168,,,,,,,,,,,,,,,,,,,,,,,,,,,,,,,5.0,1.9527543783187866,cybersecurity,unknown,True,"Episode_5: 中間抽象度, 集約的 (dims: [106, 62, 379, 367, 71])",,,,,,,,,,,,,,,,,,,,,,,,
74,computer vision,Graph Neural Networks,5,2025-06-18T13:59:00.747168,,,,,,,,,,,,,,,,,,,,,,,,,,,,,,,,,,,,,15.0,1.9527543783187866,cybersecurity,unknown,True,"Episode_15: 中間抽象度, 集約的 (dims: [106, 62, 379, 367, 71])",,,,,,,,,,,,,,,,,,
74,computer vision,Graph Neural Networks,5,2025-06-18T13:59:00.747168,,,,,,,,,,,,,,,,,,,,,,,,,,,,,,,,,,,,,,,,,,,25.0,1.9527543783187866,cybersecurity,unknown,True,"Episode_25: 中間抽象度, 集約的 (dims: [106, 62, 379, 367, 71])",,,,,,,,,,,,
74,computer vision,Graph Neural Networks,5,2025-06-18T13:59:00.747168,,,,,,,,,,,,,,,,,,,,,,,,,,,,,,,,,,,,,,,,,,,,,,,,,35.0,1.9527543783187866,cybersecurity,unknown,True,"Episode_35: 中間抽象度, 集約的 (dims: [106, 62, 379, 367, 71])",,,,,,
74,computer vision,Graph Neural Networks,5,2025-06-18T13:59:00.747168,,,,,,,,,,,,,,,,,,,,,,,,,,,,,,,,,,,,,,,,,,,,,,,,,,,,,,,45.0,1.9527543783187866,cybersecurity,unknown,True,"Episode_45: 中間抽象度, 集約的 (dims: [106, 62, 379, 367, 71])"
75,robotics,Federated Learning,10,2025-06-18T13:59:00.790590,3.0,1.9577245712280273,computer vision,unknown,True,"Episode_3: 中間抽象度, 集約的 (dims: [360, 184, 305, 266, 71])",,,,,,,,,,,,,,,,,,,,,,,,,,,,,,,,,,,,,,,,,,,,,,,,,,,,,,
75,robotics,Federated Learning,10,2025-06-18T13:59:00.790590,,,,,,,13.0,1.9577245712280273,computer vision,unknown,True,"Episode_13: 中間抽象度, 集約的 (dims: [360, 184, 305, 266, 71])",,,,,,,,,,,,,,,,,,,,,,,,,,,,,,,,,,,,,,,,,,,,,,,,
75,robotics,Federated Learning,10,2025-06-18T13:59:00.790590,,,,,,,,,,,,,23.0,1.9577245712280273,computer vision,unknown,True,"Episode_23: 中間抽象度, 集約的 (dims: [360, 184, 305, 266, 71])",,,,,,,,,,,,,,,,,,,,,,,,,,,,,,,,,,,,,,,,,,
75,robotics,Federated Learning,10,2025-06-18T13:59:00.790590,,,,,,,,,,,,,,,,,,,33.0,1.9577245712280273,computer vision,unknown,True,"Episode_33: 中間抽象度, 集約的 (dims: [360, 184, 305, 266, 71])",,,,,,,,,,,,,,,,,,,,,,,,,,,,,,,,,,,,
75,robotics,Federated Learning,10,2025-06-18T13:59:00.790590,,,,,,,,,,,,,,,,,,,,,,,,,43.0,1.9577245712280273,computer vision,unknown,True,"Episode_43: 中間抽象度, 集約的 (dims: [360, 184, 305, 266, 71])",,,,,,,,,,,,,,,,,,,,,,,,,,,,,,
75,robotics,Federated Learning,10,2025-06-18T13:59:00.790590,,,,,,,,,,,,,,,,,,,,,,,,,,,,,,,0.0,1.8845016956329346,medical diagnosis,unknown,True,"Episode_0: 中間抽象度, 集約的 (dims: [13, 282, 58, 91, 281])",,,,,,,,,,,,,,,,,,,,,,,,
75,robotics,Federated Learning,10,2025-06-18T13:59:00.790590,,,,,,,,,,,,,,,,,,,,,,,,,,,,,,,,,,,,,10.0,1.8845016956329346,medical diagnosis,unknown,True,"Episode_10: 中間抽象度, 集約的 (dims: [13, 282, 58, 91, 281])",,,,,,,,,,,,,,,,,,
75,robotics,Federated Learning,10,2025-06-18T13:59:00.790590,,,,,,,,,,,,,,,,,,,,,,,,,,,,,,,,,,,,,,,,,,,20.0,1.8845016956329346,medical diagnosis,unknown,True,"Episode_20: 中間抽象度, 集約的 (dims: [13, 282, 58, 91, 281])",,,,,,,,,,,,
75,robotics,Federated Learning,10,2025-06-18T13:59:00.790590,,,,,,,,,,,,,,,,,,,,,,,,,,,,,,,,,,,,,,,,,,,,,,,,,30.0,1.8845016956329346,medical diagnosis,unknown,True,"Episode_30: 中間抽象度, 集約的 (dims: [13, 282, 58, 91, 281])",,,,,,
75,robotics,Federated Learning,10,2025-06-18T13:59:00.790590,,,,,,,,,,,,,,,,,,,,,,,,,,,,,,,,,,,,,,,,,,,,,,,,,,,,,,,40.0,1.8845016956329346,medical diagnosis,unknown,True,"Episode_40: 中間抽象度, 集約的 (dims: [13, 282, 58, 91, 281])"
76,cybersecurity,Explainable AI,5,2025-06-18T13:59:00.835109,3.0,1.979767918586731,computer vision,unknown,True,"Episode_3: 中間抽象度, 集約的 (dims: [360, 184, 305, 266, 71])",,,,,,,,,,,,,,,,,,,,,,,,,,,,,,,,,,,,,,,,,,,,,,,,,,,,,,
76,cybersecurity,Explainable AI,5,2025-06-18T13:59:00.835109,,,,,,,13.0,1.979767918586731,computer vision,unknown,True,"Episode_13: 中間抽象度, 集約的 (dims: [360, 184, 305, 266, 71])",,,,,,,,,,,,,,,,,,,,,,,,,,,,,,,,,,,,,,,,,,,,,,,,
76,cybersecurity,Explainable AI,5,2025-06-18T13:59:00.835109,,,,,,,,,,,,,23.0,1.979767918586731,computer vision,unknown,True,"Episode_23: 中間抽象度, 集約的 (dims: [360, 184, 305, 266, 71])",,,,,,,,,,,,,,,,,,,,,,,,,,,,,,,,,,,,,,,,,,
76,cybersecurity,Explainable AI,5,2025-06-18T13:59:00.835109,,,,,,,,,,,,,,,,,,,33.0,1.979767918586731,computer vision,unknown,True,"Episode_33: 中間抽象度, 集約的 (dims: [360, 184, 305, 266, 71])",,,,,,,,,,,,,,,,,,,,,,,,,,,,,,,,,,,,
76,cybersecurity,Explainable AI,5,2025-06-18T13:59:00.835109,,,,,,,,,,,,,,,,,,,,,,,,,43.0,1.979767918586731,computer vision,unknown,True,"Episode_43: 中間抽象度, 集約的 (dims: [360, 184, 305, 266, 71])",,,,,,,,,,,,,,,,,,,,,,,,,,,,,,
76,cybersecurity,Explainable AI,5,2025-06-18T13:59:00.835109,,,,,,,,,,,,,,,,,,,,,,,,,,,,,,,5.0,1.9190136194229126,cybersecurity,unknown,False,"Episode_5: 中間抽象度, 集約的 (dims: [106, 62, 379, 367, 71])",,,,,,,,,,,,,,,,,,,,,,,,
76,cybersecurity,Explainable AI,5,2025-06-18T13:59:00.835109,,,,,,,,,,,,,,,,,,,,,,,,,,,,,,,,,,,,,15.0,1.9190136194229126,cybersecurity,unknown,False,"Episode_15: 中間抽象度, 集約的 (dims: [106, 62, 379, 367, 71])",,,,,,,,,,,,,,,,,,
76,cybersecurity,Explainable AI,5,2025-06-18T13:59:00.835109,,,,,,,,,,,,,,,,,,,,,,,,,,,,,,,,,,,,,,,,,,,25.0,1.9190136194229126,cybersecurity,unknown,False,"Episode_25: 中間抽象度, 集約的 (dims: [106, 62, 379, 367, 71])",,,,,,,,,,,,
76,cybersecurity,Explainable AI,5,2025-06-18T13:59:00.835109,,,,,,,,,,,,,,,,,,,,,,,,,,,,,,,,,,,,,,,,,,,,,,,,,35.0,1.9190136194229126,cybersecurity,unknown,False,"Episode_35: 中間抽象度, 集約的 (dims: [106, 62, 379, 367, 71])",,,,,,
76,cybersecurity,Explainable AI,5,2025-06-18T13:59:00.835109,,,,,,,,,,,,,,,,,,,,,,,,,,,,,,,,,,,,,,,,,,,,,,,,,,,,,,,45.0,1.9190136194229126,cybersecurity,unknown,False,"Episode_45: 中間抽象度, 集約的 (dims: [106, 62, 379, 367, 71])"
77,climate modeling,Multimodal Learning,10,2025-06-18T13:59:00.879894,3.0,1.9836041927337646,computer vision,unknown,True,"Episode_3: 中間抽象度, 集約的 (dims: [360, 184, 305, 266, 71])",,,,,,,,,,,,,,,,,,,,,,,,,,,,,,,,,,,,,,,,,,,,,,,,,,,,,,
77,climate modeling,Multimodal Learning,10,2025-06-18T13:59:00.879894,,,,,,,13.0,1.9836041927337646,computer vision,unknown,True,"Episode_13: 中間抽象度, 集約的 (dims: [360, 184, 305, 266, 71])",,,,,,,,,,,,,,,,,,,,,,,,,,,,,,,,,,,,,,,,,,,,,,,,
77,climate modeling,Multimodal Learning,10,2025-06-18T13:59:00.879894,,,,,,,,,,,,,23.0,1.9836041927337646,computer vision,unknown,True,"Episode_23: 中間抽象度, 集約的 (dims: [360, 184, 305, 266, 71])",,,,,,,,,,,,,,,,,,,,,,,,,,,,,,,,,,,,,,,,,,
77,climate modeling,Multimodal Learning,10,2025-06-18T13:59:00.879894,,,,,,,,,,,,,,,,,,,33.0,1.9836041927337646,computer vision,unknown,True,"Episode_33: 中間抽象度, 集約的 (dims: [360, 184, 305, 266, 71])",,,,,,,,,,,,,,,,,,,,,,,,,,,,,,,,,,,,
77,climate modeling,Multimodal Learning,10,2025-06-18T13:59:00.879894,,,,,,,,,,,,,,,,,,,,,,,,,0.0,1.943310022354126,medical diagnosis,unknown,True,"Episode_0: 中間抽象度, 集約的 (dims: [13, 282, 58, 91, 281])",,,,,,,,,,,,,,,,,,,,,,,,,,,,,,
77,climate modeling,Multimodal Learning,10,2025-06-18T13:59:00.879894,,,,,,,,,,,,,,,,,,,,,,,,,,,,,,,10.0,1.943310022354126,medical diagnosis,unknown,True,"Episode_10: 中間抽象度, 集約的 (dims: [13, 282, 58, 91, 281])",,,,,,,,,,,,,,,,,,,,,,,,
77,climate modeling,Multimodal Learning,10,2025-06-18T13:59:00.879894,,,,,,,,,,,,,,,,,,,,,,,,,,,,,,,,,,,,,20.0,1.943310022354126,medical diagnosis,unknown,True,"Episode_20: 中間抽象度, 集約的 (dims: [13, 282, 58, 91, 281])",,,,,,,,,,,,,,,,,,
77,climate modeling,Multimodal Learning,10,2025-06-18T13:59:00.879894,,,,,,,,,,,,,,,,,,,,,,,,,,,,,,,,,,,,,,,,,,,30.0,1.943310022354126,medical diagnosis,unknown,True,"Episode_30: 中間抽象度, 集約的 (dims: [13, 282, 58, 91, 281])",,,,,,,,,,,,
77,climate modeling,Multimodal Learning,10,2025-06-18T13:59:00.879894,,,,,,,,,,,,,,,,,,,,,,,,,,,,,,,,,,,,,,,,,,,,,,,,,40.0,1.943310022354126,medical diagnosis,unknown,True,"Episode_40: 中間抽象度, 集約的 (dims: [13, 282, 58, 91, 281])",,,,,,
77,climate modeling,Multimodal Learning,10,2025-06-18T13:59:00.879894,,,,,,,,,,,,,,,,,,,,,,,,,,,,,,,,,,,,,,,,,,,,,,,,,,,,,,,50.0,1.943310022354126,medical diagnosis,unknown,True,"Episode_50: 中間抽象度, 集約的 (dims: [13, 282, 58, 91, 281])"
78,drug discovery,Few-shot Learning,10,2025-06-18T13:59:00.926276,3.0,1.9675366878509521,computer vision,unknown,True,"Episode_3: 中間抽象度, 集約的 (dims: [360, 184, 305, 266, 71])",,,,,,,,,,,,,,,,,,,,,,,,,,,,,,,,,,,,,,,,,,,,,,,,,,,,,,
78,drug discovery,Few-shot Learning,10,2025-06-18T13:59:00.926276,,,,,,,13.0,1.9675366878509521,computer vision,unknown,True,"Episode_13: 中間抽象度, 集約的 (dims: [360, 184, 305, 266, 71])",,,,,,,,,,,,,,,,,,,,,,,,,,,,,,,,,,,,,,,,,,,,,,,,
78,drug discovery,Few-shot Learning,10,2025-06-18T13:59:00.926276,,,,,,,,,,,,,23.0,1.9675366878509521,computer vision,unknown,True,"Episode_23: 中間抽象度, 集約的 (dims: [360, 184, 305, 266, 71])",,,,,,,,,,,,,,,,,,,,,,,,,,,,,,,,,,,,,,,,,,
78,drug discovery,Few-shot Learning,10,2025-06-18T13:59:00.926276,,,,,,,,,,,,,,,,,,,33.0,1.9675366878509521,computer vision,unknown,True,"Episode_33: 中間抽象度, 集約的 (dims: [360, 184, 305, 266, 71])",,,,,,,,,,,,,,,,,,,,,,,,,,,,,,,,,,,,
78,drug discovery,Few-shot Learning,10,2025-06-18T13:59:00.926276,,,,,,,,,,,,,,,,,,,,,,,,,5.0,1.9423749446868896,cybersecurity,unknown,True,"Episode_5: 中間抽象度, 集約的 (dims: [106, 62, 379, 367, 71])",,,,,,,,,,,,,,,,,,,,,,,,,,,,,,
78,drug discovery,Few-shot Learning,10,2025-06-18T13:59:00.926276,,,,,,,,,,,,,,,,,,,,,,,,,,,,,,,15.0,1.9423749446868896,cybersecurity,unknown,True,"Episode_15: 中間抽象度, 集約的 (dims: [106, 62, 379, 367, 71])",,,,,,,,,,,,,,,,,,,,,,,,
78,drug discovery,Few-shot Learning,10,2025-06-18T13:59:00.926276,,,,,,,,,,,,,,,,,,,,,,,,,,,,,,,,,,,,,25.0,1.9423749446868896,cybersecurity,unknown,True,"Episode_25: 中間抽象度, 集約的 (dims: [106, 62, 379, 367, 71])",,,,,,,,,,,,,,,,,,
78,drug discovery,Few-shot Learning,10,2025-06-18T13:59:00.926276,,,,,,,,,,,,,,,,,,,,,,,,,,,,,,,,,,,,,,,,,,,35.0,1.9423749446868896,cybersecurity,unknown,True,"Episode_35: 中間抽象度, 集約的 (dims: [106, 62, 379, 367, 71])",,,,,,,,,,,,
78,drug discovery,Few-shot Learning,10,2025-06-18T13:59:00.926276,,,,,,,,,,,,,,,,,,,,,,,,,,,,,,,,,,,,,,,,,,,,,,,,,45.0,1.9423749446868896,cybersecurity,unknown,True,"Episode_45: 中間抽象度, 集約的 (dims: [106, 62, 379, 367, 71])",,,,,,
78,drug discovery,Few-shot Learning,10,2025-06-18T13:59:00.926276,,,,,,,,,,,,,,,,,,,,,,,,,,,,,,,,,,,,,,,,,,,,,,,,,,,,,,,55.0,1.9423749446868896,cybersecurity,unknown,True,"Episode_55: 中間抽象度, 集約的 (dims: [106, 62, 379, 367, 71])"
79,financial prediction,Transfer Learning,10,2025-06-18T13:59:00.967558,3.0,1.9944021701812744,computer vision,unknown,True,"Episode_3: 中間抽象度, 集約的 (dims: [360, 184, 305, 266, 71])",,,,,,,,,,,,,,,,,,,,,,,,,,,,,,,,,,,,,,,,,,,,,,,,,,,,,,
79,financial prediction,Transfer Learning,10,2025-06-18T13:59:00.967558,,,,,,,13.0,1.9944021701812744,computer vision,unknown,True,"Episode_13: 中間抽象度, 集約的 (dims: [360, 184, 305, 266, 71])",,,,,,,,,,,,,,,,,,,,,,,,,,,,,,,,,,,,,,,,,,,,,,,,
79,financial prediction,Transfer Learning,10,2025-06-18T13:59:00.967558,,,,,,,,,,,,,23.0,1.9944021701812744,computer vision,unknown,True,"Episode_23: 中間抽象度, 集約的 (dims: [360, 184, 305, 266, 71])",,,,,,,,,,,,,,,,,,,,,,,,,,,,,,,,,,,,,,,,,,
79,financial prediction,Transfer Learning,10,2025-06-18T13:59:00.967558,,,,,,,,,,,,,,,,,,,33.0,1.9944021701812744,computer vision,unknown,True,"Episode_33: 中間抽象度, 集約的 (dims: [360, 184, 305, 266, 71])",,,,,,,,,,,,,,,,,,,,,,,,,,,,,,,,,,,,
79,financial prediction,Transfer Learning,10,2025-06-18T13:59:00.967558,,,,,,,,,,,,,,,,,,,,,,,,,5.0,1.927770733833313,cybersecurity,unknown,True,"Episode_5: 中間抽象度, 集約的 (dims: [106, 62, 379, 367, 71])",,,,,,,,,,,,,,,,,,,,,,,,,,,,,,
79,financial prediction,Transfer Learning,10,2025-06-18T13:59:00.967558,,,,,,,,,,,,,,,,,,,,,,,,,,,,,,,15.0,1.927770733833313,cybersecurity,unknown,True,"Episode_15: 中間抽象度, 集約的 (dims: [106, 62, 379, 367, 71])",,,,,,,,,,,,,,,,,,,,,,,,
79,financial prediction,Transfer Learning,10,2025-06-18T13:59:00.967558,,,,,,,,,,,,,,,,,,,,,,,,,,,,,,,,,,,,,25.0,1.927770733833313,cybersecurity,unknown,True,"Episode_25: 中間抽象度, 集約的 (dims: [106, 62, 379, 367, 71])",,,,,,,,,,,,,,,,,,
79,financial prediction,Transfer Learning,10,2025-06-18T13:59:00.967558,,,,,,,,,,,,,,,,,,,,,,,,,,,,,,,,,,,,,,,,,,,35.0,1.927770733833313,cybersecurity,unknown,True,"Episode_35: 中間抽象度, 集約的 (dims: [106, 62, 379, 367, 71])",,,,,,,,,,,,
79,financial prediction,Transfer Learning,10,2025-06-18T13:59:00.967558,,,,,,,,,,,,,,,,,,,,,,,,,,,,,,,,,,,,,,,,,,,,,,,,,45.0,1.927770733833313,cybersecurity,unknown,True,"Episode_45: 中間抽象度, 集約的 (dims: [106, 62, 379, 367, 71])",,,,,,
79,financial prediction,Transfer Learning,10,2025-06-18T13:59:00.967558,,,,,,,,,,,,,,,,,,,,,,,,,,,,,,,,,,,,,,,,,,,,,,,,,,,,,,,55.0,1.927770733833313,cybersecurity,unknown,True,"Episode_55: 中間抽象度, 集約的 (dims: [106, 62, 379, 367, 71])"
80,educational technology,Adversarial Machine Learning,10,2025-06-18T13:59:01.011658,3.0,2.0219197273254395,computer vision,unknown,True,"Episode_3: 中間抽象度, 集約的 (dims: [360, 184, 305, 266, 71])",,,,,,,,,,,,,,,,,,,,,,,,,,,,,,,,,,,,,,,,,,,,,,,,,,,,,,
80,educational technology,Adversarial Machine Learning,10,2025-06-18T13:59:01.011658,,,,,,,13.0,2.0219197273254395,computer vision,unknown,True,"Episode_13: 中間抽象度, 集約的 (dims: [360, 184, 305, 266, 71])",,,,,,,,,,,,,,,,,,,,,,,,,,,,,,,,,,,,,,,,,,,,,,,,
80,educational technology,Adversarial Machine Learning,10,2025-06-18T13:59:01.011658,,,,,,,,,,,,,23.0,2.0219197273254395,computer vision,unknown,True,"Episode_23: 中間抽象度, 集約的 (dims: [360, 184, 305, 266, 71])",,,,,,,,,,,,,,,,,,,,,,,,,,,,,,,,,,,,,,,,,,
80,educational technology,Adversarial Machine Learning,10,2025-06-18T13:59:01.011658,,,,,,,,,,,,,,,,,,,33.0,2.0219197273254395,computer vision,unknown,True,"Episode_33: 中間抽象度, 集約的 (dims: [360, 184, 305, 266, 71])",,,,,,,,,,,,,,,,,,,,,,,,,,,,,,,,,,,,
80,educational technology,Adversarial Machine Learning,10,2025-06-18T13:59:01.011658,,,,,,,,,,,,,,,,,,,,,,,,,5.0,1.932023525238037,cybersecurity,unknown,True,"Episode_5: 中間抽象度, 集約的 (dims: [106, 62, 379, 367, 71])",,,,,,,,,,,,,,,,,,,,,,,,,,,,,,
80,educational technology,Adversarial Machine Learning,10,2025-06-18T13:59:01.011658,,,,,,,,,,,,,,,,,,,,,,,,,,,,,,,15.0,1.932023525238037,cybersecurity,unknown,True,"Episode_15: 中間抽象度, 集約的 (dims: [106, 62, 379, 367, 71])",,,,,,,,,,,,,,,,,,,,,,,,
80,educational technology,Adversarial Machine Learning,10,2025-06-18T13:59:01.011658,,,,,,,,,,,,,,,,,,,,,,,,,,,,,,,,,,,,,25.0,1.932023525238037,cybersecurity,unknown,True,"Episode_25: 中間抽象度, 集約的 (dims: [106, 62, 379, 367, 71])",,,,,,,,,,,,,,,,,,
80,educational technology,Adversarial Machine Learning,10,2025-06-18T13:59:01.011658,,,,,,,,,,,,,,,,,,,,,,,,,,,,,,,,,,,,,,,,,,,35.0,1.932023525238037,cybersecurity,unknown,True,"Episode_35: 中間抽象度, 集約的 (dims: [106, 62, 379, 367, 71])",,,,,,,,,,,,
80,educational technology,Adversarial Machine Learning,10,2025-06-18T13:59:01.011658,,,,,,,,,,,,,,,,,,,,,,,,,,,,,,,,,,,,,,,,,,,,,,,,,45.0,1.932023525238037,cybersecurity,unknown,True,"Episode_45: 中間抽象度, 集約的 (dims: [106, 62, 379, 367, 71])",,,,,,
80,educational technology,Adversarial Machine Learning,10,2025-06-18T13:59:01.011658,,,,,,,,,,,,,,,,,,,,,,,,,,,,,,,,,,,,,,,,,,,,,,,,,,,,,,,55.0,1.932023525238037,cybersecurity,unknown,True,"Episode_55: 中間抽象度, 集約的 (dims: [106, 62, 379, 367, 71])"
81,medical diagnosis,Large Language Models,10,2025-06-18T13:59:01.057831,3.0,1.9703150987625122,computer vision,unknown,True,"Episode_3: 中間抽象度, 集約的 (dims: [360, 184, 305, 266, 71])",,,,,,,,,,,,,,,,,,,,,,,,,,,,,,,,,,,,,,,,,,,,,,,,,,,,,,
81,medical diagnosis,Large Language Models,10,2025-06-18T13:59:01.057831,,,,,,,13.0,1.9703150987625122,computer vision,unknown,True,"Episode_13: 中間抽象度, 集約的 (dims: [360, 184, 305, 266, 71])",,,,,,,,,,,,,,,,,,,,,,,,,,,,,,,,,,,,,,,,,,,,,,,,
81,medical diagnosis,Large Language Models,10,2025-06-18T13:59:01.057831,,,,,,,,,,,,,23.0,1.9703150987625122,computer vision,unknown,True,"Episode_23: 中間抽象度, 集約的 (dims: [360, 184, 305, 266, 71])",,,,,,,,,,,,,,,,,,,,,,,,,,,,,,,,,,,,,,,,,,
81,medical diagnosis,Large Language Models,10,2025-06-18T13:59:01.057831,,,,,,,,,,,,,,,,,,,33.0,1.9703150987625122,computer vision,unknown,True,"Episode_33: 中間抽象度, 集約的 (dims: [360, 184, 305, 266, 71])",,,,,,,,,,,,,,,,,,,,,,,,,,,,,,,,,,,,
81,medical diagnosis,Large Language Models,10,2025-06-18T13:59:01.057831,,,,,,,,,,,,,,,,,,,,,,,,,5.0,1.893110990524292,cybersecurity,unknown,True,"Episode_5: 中間抽象度, 集約的 (dims: [106, 62, 379, 367, 71])",,,,,,,,,,,,,,,,,,,,,,,,,,,,,,
81,medical diagnosis,Large Language Models,10,2025-06-18T13:59:01.057831,,,,,,,,,,,,,,,,,,,,,,,,,,,,,,,15.0,1.893110990524292,cybersecurity,unknown,True,"Episode_15: 中間抽象度, 集約的 (dims: [106, 62, 379, 367, 71])",,,,,,,,,,,,,,,,,,,,,,,,
81,medical diagnosis,Large Language Models,10,2025-06-18T13:59:01.057831,,,,,,,,,,,,,,,,,,,,,,,,,,,,,,,,,,,,,25.0,1.893110990524292,cybersecurity,unknown,True,"Episode_25: 中間抽象度, 集約的 (dims: [106, 62, 379, 367, 71])",,,,,,,,,,,,,,,,,,
81,medical diagnosis,Large Language Models,10,2025-06-18T13:59:01.057831,,,,,,,,,,,,,,,,,,,,,,,,,,,,,,,,,,,,,,,,,,,35.0,1.893110990524292,cybersecurity,unknown,True,"Episode_35: 中間抽象度, 集約的 (dims: [106, 62, 379, 367, 71])",,,,,,,,,,,,
81,medical diagnosis,Large Language Models,10,2025-06-18T13:59:01.057831,,,,,,,,,,,,,,,,,,,,,,,,,,,,,,,,,,,,,,,,,,,,,,,,,45.0,1.893110990524292,cybersecurity,unknown,True,"Episode_45: 中間抽象度, 集約的 (dims: [106, 62, 379, 367, 71])",,,,,,
81,medical diagnosis,Large Language Models,10,2025-06-18T13:59:01.057831,,,,,,,,,,,,,,,,,,,,,,,,,,,,,,,,,,,,,,,,,,,,,,,,,,,,,,,55.0,1.893110990524292,cybersecurity,unknown,True,"Episode_55: 中間抽象度, 集約的 (dims: [106, 62, 379, 367, 71])"
82,autonomous systems,Computer Vision,10,2025-06-18T13:59:01.101436,3.0,1.9687590599060059,computer vision,unknown,True,"Episode_3: 中間抽象度, 集約的 (dims: [360, 184, 305, 266, 71])",,,,,,,,,,,,,,,,,,,,,,,,,,,,,,,,,,,,,,,,,,,,,,,,,,,,,,
82,autonomous systems,Computer Vision,10,2025-06-18T13:59:01.101436,,,,,,,13.0,1.9687590599060059,computer vision,unknown,True,"Episode_13: 中間抽象度, 集約的 (dims: [360, 184, 305, 266, 71])",,,,,,,,,,,,,,,,,,,,,,,,,,,,,,,,,,,,,,,,,,,,,,,,
82,autonomous systems,Computer Vision,10,2025-06-18T13:59:01.101436,,,,,,,,,,,,,23.0,1.9687590599060059,computer vision,unknown,True,"Episode_23: 中間抽象度, 集約的 (dims: [360, 184, 305, 266, 71])",,,,,,,,,,,,,,,,,,,,,,,,,,,,,,,,,,,,,,,,,,
82,autonomous systems,Computer Vision,10,2025-06-18T13:59:01.101436,,,,,,,,,,,,,,,,,,,5.0,1.913588047027588,cybersecurity,unknown,True,"Episode_5: 中間抽象度, 集約的 (dims: [106, 62, 379, 367, 71])",,,,,,,,,,,,,,,,,,,,,,,,,,,,,,,,,,,,
82,autonomous systems,Computer Vision,10,2025-06-18T13:59:01.101436,,,,,,,,,,,,,,,,,,,,,,,,,15.0,1.913588047027588,cybersecurity,unknown,True,"Episode_15: 中間抽象度, 集約的 (dims: [106, 62, 379, 367, 71])",,,,,,,,,,,,,,,,,,,,,,,,,,,,,,
82,autonomous systems,Computer Vision,10,2025-06-18T13:59:01.101436,,,,,,,,,,,,,,,,,,,,,,,,,,,,,,,25.0,1.913588047027588,cybersecurity,unknown,True,"Episode_25: 中間抽象度, 集約的 (dims: [106, 62, 379, 367, 71])",,,,,,,,,,,,,,,,,,,,,,,,
82,autonomous systems,Computer Vision,10,2025-06-18T13:59:01.101436,,,,,,,,,,,,,,,,,,,,,,,,,,,,,,,,,,,,,35.0,1.913588047027588,cybersecurity,unknown,True,"Episode_35: 中間抽象度, 集約的 (dims: [106, 62, 379, 367, 71])",,,,,,,,,,,,,,,,,,
82,autonomous systems,Computer Vision,10,2025-06-18T13:59:01.101436,,,,,,,,,,,,,,,,,,,,,,,,,,,,,,,,,,,,,,,,,,,45.0,1.913588047027588,cybersecurity,unknown,True,"Episode_45: 中間抽象度, 集約的 (dims: [106, 62, 379, 367, 71])",,,,,,,,,,,,
82,autonomous systems,Computer Vision,10,2025-06-18T13:59:01.101436,,,,,,,,,,,,,,,,,,,,,,,,,,,,,,,,,,,,,,,,,,,,,,,,,55.0,1.913588047027588,cybersecurity,unknown,True,"Episode_55: 中間抽象度, 集約的 (dims: [106, 62, 379, 367, 71])",,,,,,
82,autonomous systems,Computer Vision,10,2025-06-18T13:59:01.101436,,,,,,,,,,,,,,,,,,,,,,,,,,,,,,,,,,,,,,,,,,,,,,,,,,,,,,,65.0,1.913588047027588,cybersecurity,unknown,True,"Episode_65: 中間抽象度, 集約的 (dims: [106, 62, 379, 367, 71])"
83,natural language processing,Reinforcement Learning,10,2025-06-18T13:59:01.145072,3.0,1.9338160753250122,computer vision,unknown,True,"Episode_3: 中間抽象度, 集約的 (dims: [360, 184, 305, 266, 71])",,,,,,,,,,,,,,,,,,,,,,,,,,,,,,,,,,,,,,,,,,,,,,,,,,,,,,
83,natural language processing,Reinforcement Learning,10,2025-06-18T13:59:01.145072,,,,,,,13.0,1.9338160753250122,computer vision,unknown,True,"Episode_13: 中間抽象度, 集約的 (dims: [360, 184, 305, 266, 71])",,,,,,,,,,,,,,,,,,,,,,,,,,,,,,,,,,,,,,,,,,,,,,,,
83,natural language processing,Reinforcement Learning,10,2025-06-18T13:59:01.145072,,,,,,,,,,,,,23.0,1.9338160753250122,computer vision,unknown,True,"Episode_23: 中間抽象度, 集約的 (dims: [360, 184, 305, 266, 71])",,,,,,,,,,,,,,,,,,,,,,,,,,,,,,,,,,,,,,,,,,
83,natural language processing,Reinforcement Learning,10,2025-06-18T13:59:01.145072,,,,,,,,,,,,,,,,,,,0.0,1.9134697914123535,medical diagnosis,unknown,True,"Episode_0: 中間抽象度, 集約的 (dims: [13, 282, 58, 91, 281])",,,,,,,,,,,,,,,,,,,,,,,,,,,,,,,,,,,,
83,natural language processing,Reinforcement Learning,10,2025-06-18T13:59:01.145072,,,,,,,,,,,,,,,,,,,,,,,,,10.0,1.9134697914123535,medical diagnosis,unknown,True,"Episode_10: 中間抽象度, 集約的 (dims: [13, 282, 58, 91, 281])",,,,,,,,,,,,,,,,,,,,,,,,,,,,,,
83,natural language processing,Reinforcement Learning,10,2025-06-18T13:59:01.145072,,,,,,,,,,,,,,,,,,,,,,,,,,,,,,,20.0,1.9134697914123535,medical diagnosis,unknown,True,"Episode_20: 中間抽象度, 集約的 (dims: [13, 282, 58, 91, 281])",,,,,,,,,,,,,,,,,,,,,,,,
83,natural language processing,Reinforcement Learning,10,2025-06-18T13:59:01.145072,,,,,,,,,,,,,,,,,,,,,,,,,,,,,,,,,,,,,30.0,1.9134697914123535,medical diagnosis,unknown,True,"Episode_30: 中間抽象度, 集約的 (dims: [13, 282, 58, 91, 281])",,,,,,,,,,,,,,,,,,
83,natural language processing,Reinforcement Learning,10,2025-06-18T13:59:01.145072,,,,,,,,,,,,,,,,,,,,,,,,,,,,,,,,,,,,,,,,,,,40.0,1.9134697914123535,medical diagnosis,unknown,True,"Episode_40: 中間抽象度, 集約的 (dims: [13, 282, 58, 91, 281])",,,,,,,,,,,,
83,natural language processing,Reinforcement Learning,10,2025-06-18T13:59:01.145072,,,,,,,,,,,,,,,,,,,,,,,,,,,,,,,,,,,,,,,,,,,,,,,,,50.0,1.9134697914123535,medical diagnosis,unknown,True,"Episode_50: 中間抽象度, 集約的 (dims: [13, 282, 58, 91, 281])",,,,,,
83,natural language processing,Reinforcement Learning,10,2025-06-18T13:59:01.145072,,,,,,,,,,,,,,,,,,,,,,,,,,,,,,,,,,,,,,,,,,,,,,,,,,,,,,,60.0,1.9134697914123535,medical diagnosis,unknown,True,"Episode_60: 中間抽象度, 集約的 (dims: [13, 282, 58, 91, 281])"
84,computer vision,Graph Neural Networks,7,2025-06-18T13:59:01.188986,3.0,2.0034995079040527,computer vision,unknown,False,"Episode_3: 中間抽象度, 集約的 (dims: [360, 184, 305, 266, 71])",,,,,,,,,,,,,,,,,,,,,,,,,,,,,,,,,,,,,,,,,,,,,,,,,,,,,,
84,computer vision,Graph Neural Networks,7,2025-06-18T13:59:01.188986,,,,,,,13.0,2.0034995079040527,computer vision,unknown,False,"Episode_13: 中間抽象度, 集約的 (dims: [360, 184, 305, 266, 71])",,,,,,,,,,,,,,,,,,,,,,,,,,,,,,,,,,,,,,,,,,,,,,,,
84,computer vision,Graph Neural Networks,7,2025-06-18T13:59:01.188986,,,,,,,,,,,,,23.0,2.0034995079040527,computer vision,unknown,False,"Episode_23: 中間抽象度, 集約的 (dims: [360, 184, 305, 266, 71])",,,,,,,,,,,,,,,,,,,,,,,,,,,,,,,,,,,,,,,,,,
84,computer vision,Graph Neural Networks,7,2025-06-18T13:59:01.188986,,,,,,,,,,,,,,,,,,,5.0,1.9527543783187866,cybersecurity,unknown,True,"Episode_5: 中間抽象度, 集約的 (dims: [106, 62, 379, 367, 71])",,,,,,,,,,,,,,,,,,,,,,,,,,,,,,,,,,,,
84,computer vision,Graph Neural Networks,7,2025-06-18T13:59:01.188986,,,,,,,,,,,,,,,,,,,,,,,,,15.0,1.9527543783187866,cybersecurity,unknown,True,"Episode_15: 中間抽象度, 集約的 (dims: [106, 62, 379, 367, 71])",,,,,,,,,,,,,,,,,,,,,,,,,,,,,,
84,computer vision,Graph Neural Networks,7,2025-06-18T13:59:01.188986,,,,,,,,,,,,,,,,,,,,,,,,,,,,,,,25.0,1.9527543783187866,cybersecurity,unknown,True,"Episode_25: 中間抽象度, 集約的 (dims: [106, 62, 379, 367, 71])",,,,,,,,,,,,,,,,,,,,,,,,
84,computer vision,Graph Neural Networks,7,2025-06-18T13:59:01.188986,,,,,,,,,,,,,,,,,,,,,,,,,,,,,,,,,,,,,35.0,1.9527543783187866,cybersecurity,unknown,True,"Episode_35: 中間抽象度, 集約的 (dims: [106, 62, 379, 367, 71])",,,,,,,,,,,,,,,,,,
84,computer vision,Graph Neural Networks,7,2025-06-18T13:59:01.188986,,,,,,,,,,,,,,,,,,,,,,,,,,,,,,,,,,,,,,,,,,,45.0,1.9527543783187866,cybersecurity,unknown,True,"Episode_45: 中間抽象度, 集約的 (dims: [106, 62, 379, 367, 71])",,,,,,,,,,,,
84,computer vision,Graph Neural Networks,7,2025-06-18T13:59:01.188986,,,,,,,,,,,,,,,,,,,,,,,,,,,,,,,,,,,,,,,,,,,,,,,,,55.0,1.9527543783187866,cybersecurity,unknown,True,"Episode_55: 中間抽象度, 集約的 (dims: [106, 62, 379, 367, 71])",,,,,,
84,computer vision,Graph Neural Networks,7,2025-06-18T13:59:01.188986,,,,,,,,,,,,,,,,,,,,,,,,,,,,,,,,,,,,,,,,,,,,,,,,,,,,,,,65.0,1.9527543783187866,cybersecurity,unknown,True,"Episode_65: 中間抽象度, 集約的 (dims: [106, 62, 379, 367, 71])"
85,robotics,Federated Learning,10,2025-06-18T13:59:01.232450,3.0,1.9577245712280273,computer vision,unknown,True,"Episode_3: 中間抽象度, 集約的 (dims: [360, 184, 305, 266, 71])",,,,,,,,,,,,,,,,,,,,,,,,,,,,,,,,,,,,,,,,,,,,,,,,,,,,,,
85,robotics,Federated Learning,10,2025-06-18T13:59:01.232450,,,,,,,13.0,1.9577245712280273,computer vision,unknown,True,"Episode_13: 中間抽象度, 集約的 (dims: [360, 184, 305, 266, 71])",,,,,,,,,,,,,,,,,,,,,,,,,,,,,,,,,,,,,,,,,,,,,,,,
85,robotics,Federated Learning,10,2025-06-18T13:59:01.232450,,,,,,,,,,,,,23.0,1.9577245712280273,computer vision,unknown,True,"Episode_23: 中間抽象度, 集約的 (dims: [360, 184, 305, 266, 71])",,,,,,,,,,,,,,,,,,,,,,,,,,,,,,,,,,,,,,,,,,
85,robotics,Federated Learning,10,2025-06-18T13:59:01.232450,,,,,,,,,,,,,,,,,,,0.0,1.8845016956329346,medical diagnosis,unknown,True,"Episode_0: 中間抽象度, 集約的 (dims: [13, 282, 58, 91, 281])",,,,,,,,,,,,,,,,,,,,,,,,,,,,,,,,,,,,
85,robotics,Federated Learning,10,2025-06-18T13:59:01.232450,,,,,,,,,,,,,,,,,,,,,,,,,10.0,1.8845016956329346,medical diagnosis,unknown,True,"Episode_10: 中間抽象度, 集約的 (dims: [13, 282, 58, 91, 281])",,,,,,,,,,,,,,,,,,,,,,,,,,,,,,
85,robotics,Federated Learning,10,2025-06-18T13:59:01.232450,,,,,,,,,,,,,,,,,,,,,,,,,,,,,,,20.0,1.8845016956329346,medical diagnosis,unknown,True,"Episode_20: 中間抽象度, 集約的 (dims: [13, 282, 58, 91, 281])",,,,,,,,,,,,,,,,,,,,,,,,
85,robotics,Federated Learning,10,2025-06-18T13:59:01.232450,,,,,,,,,,,,,,,,,,,,,,,,,,,,,,,,,,,,,30.0,1.8845016956329346,medical diagnosis,unknown,True,"Episode_30: 中間抽象度, 集約的 (dims: [13, 282, 58, 91, 281])",,,,,,,,,,,,,,,,,,
85,robotics,Federated Learning,10,2025-06-18T13:59:01.232450,,,,,,,,,,,,,,,,,,,,,,,,,,,,,,,,,,,,,,,,,,,40.0,1.8845016956329346,medical diagnosis,unknown,True,"Episode_40: 中間抽象度, 集約的 (dims: [13, 282, 58, 91, 281])",,,,,,,,,,,,
85,robotics,Federated Learning,10,2025-06-18T13:59:01.232450,,,,,,,,,,,,,,,,,,,,,,,,,,,,,,,,,,,,,,,,,,,,,,,,,50.0,1.8845016956329346,medical diagnosis,unknown,True,"Episode_50: 中間抽象度, 集約的 (dims: [13, 282, 58, 91, 281])",,,,,,
85,robotics,Federated Learning,10,2025-06-18T13:59:01.232450,,,,,,,,,,,,,,,,,,,,,,,,,,,,,,,,,,,,,,,,,,,,,,,,,,,,,,,60.0,1.8845016956329346,medical diagnosis,unknown,True,"Episode_60: 中間抽象度, 集約的 (dims: [13, 282, 58, 91, 281])"
86,cybersecurity,Explainable AI,3,2025-06-18T13:59:01.277322,3.0,1.979767918586731,computer vision,unknown,True,"Episode_3: 中間抽象度, 集約的 (dims: [360, 184, 305, 266, 71])",,,,,,,,,,,,,,,,,,,,,,,,,,,,,,,,,,,,,,,,,,,,,,,,,,,,,,
86,cybersecurity,Explainable AI,3,2025-06-18T13:59:01.277322,,,,,,,13.0,1.979767918586731,computer vision,unknown,True,"Episode_13: 中間抽象度, 集約的 (dims: [360, 184, 305, 266, 71])",,,,,,,,,,,,,,,,,,,,,,,,,,,,,,,,,,,,,,,,,,,,,,,,
86,cybersecurity,Explainable AI,3,2025-06-18T13:59:01.277322,,,,,,,,,,,,,23.0,1.979767918586731,computer vision,unknown,True,"Episode_23: 中間抽象度, 集約的 (dims: [360, 184, 305, 266, 71])",,,,,,,,,,,,,,,,,,,,,,,,,,,,,,,,,,,,,,,,,,
86,cybersecurity,Explainable AI,3,2025-06-18T13:59:01.277322,,,,,,,,,,,,,,,,,,,5.0,1.9190136194229126,cybersecurity,unknown,False,"Episode_5: 中間抽象度, 集約的 (dims: [106, 62, 379, 367, 71])",,,,,,,,,,,,,,,,,,,,,,,,,,,,,,,,,,,,
86,cybersecurity,Explainable AI,3,2025-06-18T13:59:01.277322,,,,,,,,,,,,,,,,,,,,,,,,,15.0,1.9190136194229126,cybersecurity,unknown,False,"Episode_15: 中間抽象度, 集約的 (dims: [106, 62, 379, 367, 71])",,,,,,,,,,,,,,,,,,,,,,,,,,,,,,
86,cybersecurity,Explainable AI,3,2025-06-18T13:59:01.277322,,,,,,,,,,,,,,,,,,,,,,,,,,,,,,,25.0,1.9190136194229126,cybersecurity,unknown,False,"Episode_25: 中間抽象度, 集約的 (dims: [106, 62, 379, 367, 71])",,,,,,,,,,,,,,,,,,,,,,,,
86,cybersecurity,Explainable AI,3,2025-06-18T13:59:01.277322,,,,,,,,,,,,,,,,,,,,,,,,,,,,,,,,,,,,,35.0,1.9190136194229126,cybersecurity,unknown,False,"Episode_35: 中間抽象度, 集約的 (dims: [106, 62, 379, 367, 71])",,,,,,,,,,,,,,,,,,
86,cybersecurity,Explainable AI,3,2025-06-18T13:59:01.277322,,,,,,,,,,,,,,,,,,,,,,,,,,,,,,,,,,,,,,,,,,,45.0,1.9190136194229126,cybersecurity,unknown,False,"Episode_45: 中間抽象度, 集約的 (dims: [106, 62, 379, 367, 71])",,,,,,,,,,,,
86,cybersecurity,Explainable AI,3,2025-06-18T13:59:01.277322,,,,,,,,,,,,,,,,,,,,,,,,,,,,,,,,,,,,,,,,,,,,,,,,,55.0,1.9190136194229126,cybersecurity,unknown,False,"Episode_55: 中間抽象度, 集約的 (dims: [106, 62, 379, 367, 71])",,,,,,
86,cybersecurity,Explainable AI,3,2025-06-18T13:59:01.277322,,,,,,,,,,,,,,,,,,,,,,,,,,,,,,,,,,,,,,,,,,,,,,,,,,,,,,,65.0,1.9190136194229126,cybersecurity,unknown,False,"Episode_65: 中間抽象度, 集約的 (dims: [106, 62, 379, 367, 71])"
87,climate modeling,Multimodal Learning,10,2025-06-18T13:59:01.321283,3.0,1.9836041927337646,computer vision,unknown,True,"Episode_3: 中間抽象度, 集約的 (dims: [360, 184, 305, 266, 71])",,,,,,,,,,,,,,,,,,,,,,,,,,,,,,,,,,,,,,,,,,,,,,,,,,,,,,
87,climate modeling,Multimodal Learning,10,2025-06-18T13:59:01.321283,,,,,,,13.0,1.9836041927337646,computer vision,unknown,True,"Episode_13: 中間抽象度, 集約的 (dims: [360, 184, 305, 266, 71])",,,,,,,,,,,,,,,,,,,,,,,,,,,,,,,,,,,,,,,,,,,,,,,,
87,climate modeling,Multimodal Learning,10,2025-06-18T13:59:01.321283,,,,,,,,,,,,,0.0,1.943310022354126,medical diagnosis,unknown,True,"Episode_0: 中間抽象度, 集約的 (dims: [13, 282, 58, 91, 281])",,,,,,,,,,,,,,,,,,,,,,,,,,,,,,,,,,,,,,,,,,
87,climate modeling,Multimodal Learning,10,2025-06-18T13:59:01.321283,,,,,,,,,,,,,,,,,,,10.0,1.943310022354126,medical diagnosis,unknown,True,"Episode_10: 中間抽象度, 集約的 (dims: [13, 282, 58, 91, 281])",,,,,,,,,,,,,,,,,,,,,,,,,,,,,,,,,,,,
87,climate modeling,Multimodal Learning,10,2025-06-18T13:59:01.321283,,,,,,,,,,,,,,,,,,,,,,,,,20.0,1.943310022354126,medical diagnosis,unknown,True,"Episode_20: 中間抽象度, 集約的 (dims: [13, 282, 58, 91, 281])",,,,,,,,,,,,,,,,,,,,,,,,,,,,,,
87,climate modeling,Multimodal Learning,10,2025-06-18T13:59:01.321283,,,,,,,,,,,,,,,,,,,,,,,,,,,,,,,30.0,1.943310022354126,medical diagnosis,unknown,True,"Episode_30: 中間抽象度, 集約的 (dims: [13, 282, 58, 91, 281])",,,,,,,,,,,,,,,,,,,,,,,,
87,climate modeling,Multimodal Learning,10,2025-06-18T13:59:01.321283,,,,,,,,,,,,,,,,,,,,,,,,,,,,,,,,,,,,,40.0,1.943310022354126,medical diagnosis,unknown,True,"Episode_40: 中間抽象度, 集約的 (dims: [13, 282, 58, 91, 281])",,,,,,,,,,,,,,,,,,
87,climate modeling,Multimodal Learning,10,2025-06-18T13:59:01.321283,,,,,,,,,,,,,,,,,,,,,,,,,,,,,,,,,,,,,,,,,,,50.0,1.943310022354126,medical diagnosis,unknown,True,"Episode_50: 中間抽象度, 集約的 (dims: [13, 282, 58, 91, 281])",,,,,,,,,,,,
87,climate modeling,Multimodal Learning,10,2025-06-18T13:59:01.321283,,,,,,,,,,,,,,,,,,,,,,,,,,,,,,,,,,,,,,,,,,,,,,,,,60.0,1.943310022354126,medical diagnosis,unknown,True,"Episode_60: 中間抽象度, 集約的 (dims: [13, 282, 58, 91, 281])",,,,,,
87,climate modeling,Multimodal Learning,10,2025-06-18T13:59:01.321283,,,,,,,,,,,,,,,,,,,,,,,,,,,,,,,,,,,,,,,,,,,,,,,,,,,,,,,70.0,1.943310022354126,medical diagnosis,unknown,True,"Episode_70: 中間抽象度, 集約的 (dims: [13, 282, 58, 91, 281])"
88,drug discovery,Few-shot Learning,10,2025-06-18T13:59:01.365923,3.0,1.9675366878509521,computer vision,unknown,True,"Episode_3: 中間抽象度, 集約的 (dims: [360, 184, 305, 266, 71])",,,,,,,,,,,,,,,,,,,,,,,,,,,,,,,,,,,,,,,,,,,,,,,,,,,,,,
88,drug discovery,Few-shot Learning,10,2025-06-18T13:59:01.365923,,,,,,,13.0,1.9675366878509521,computer vision,unknown,True,"Episode_13: 中間抽象度, 集約的 (dims: [360, 184, 305, 266, 71])",,,,,,,,,,,,,,,,,,,,,,,,,,,,,,,,,,,,,,,,,,,,,,,,
88,drug discovery,Few-shot Learning,10,2025-06-18T13:59:01.365923,,,,,,,,,,,,,5.0,1.9423749446868896,cybersecurity,unknown,True,"Episode_5: 中間抽象度, 集約的 (dims: [106, 62, 379, 367, 71])",,,,,,,,,,,,,,,,,,,,,,,,,,,,,,,,,,,,,,,,,,
88,drug discovery,Few-shot Learning,10,2025-06-18T13:59:01.365923,,,,,,,,,,,,,,,,,,,15.0,1.9423749446868896,cybersecurity,unknown,True,"Episode_15: 中間抽象度, 集約的 (dims: [106, 62, 379, 367, 71])",,,,,,,,,,,,,,,,,,,,,,,,,,,,,,,,,,,,
88,drug discovery,Few-shot Learning,10,2025-06-18T13:59:01.365923,,,,,,,,,,,,,,,,,,,,,,,,,25.0,1.9423749446868896,cybersecurity,unknown,True,"Episode_25: 中間抽象度, 集約的 (dims: [106, 62, 379, 367, 71])",,,,,,,,,,,,,,,,,,,,,,,,,,,,,,
88,drug discovery,Few-shot Learning,10,2025-06-18T13:59:01.365923,,,,,,,,,,,,,,,,,,,,,,,,,,,,,,,35.0,1.9423749446868896,cybersecurity,unknown,True,"Episode_35: 中間抽象度, 集約的 (dims: [106, 62, 379, 367, 71])",,,,,,,,,,,,,,,,,,,,,,,,
88,drug discovery,Few-shot Learning,10,2025-06-18T13:59:01.365923,,,,,,,,,,,,,,,,,,,,,,,,,,,,,,,,,,,,,45.0,1.9423749446868896,cybersecurity,unknown,True,"Episode_45: 中間抽象度, 集約的 (dims: [106, 62, 379, 367, 71])",,,,,,,,,,,,,,,,,,
88,drug discovery,Few-shot Learning,10,2025-06-18T13:59:01.365923,,,,,,,,,,,,,,,,,,,,,,,,,,,,,,,,,,,,,,,,,,,55.0,1.9423749446868896,cybersecurity,unknown,True,"Episode_55: 中間抽象度, 集約的 (dims: [106, 62, 379, 367, 71])",,,,,,,,,,,,
88,drug discovery,Few-shot Learning,10,2025-06-18T13:59:01.365923,,,,,,,,,,,,,,,,,,,,,,,,,,,,,,,,,,,,,,,,,,,,,,,,,65.0,1.9423749446868896,cybersecurity,unknown,True,"Episode_65: 中間抽象度, 集約的 (dims: [106, 62, 379, 367, 71])",,,,,,
88,drug discovery,Few-shot Learning,10,2025-06-18T13:59:01.365923,,,,,,,,,,,,,,,,,,,,,,,,,,,,,,,,,,,,,,,,,,,,,,,,,,,,,,,75.0,1.9423749446868896,cybersecurity,unknown,True,"Episode_75: 中間抽象度, 集約的 (dims: [106, 62, 379, 367, 71])"
89,financial prediction,Transfer Learning,10,2025-06-18T13:59:01.409406,3.0,1.9944021701812744,computer vision,unknown,True,"Episode_3: 中間抽象度, 集約的 (dims: [360, 184, 305, 266, 71])",,,,,,,,,,,,,,,,,,,,,,,,,,,,,,,,,,,,,,,,,,,,,,,,,,,,,,
89,financial prediction,Transfer Learning,10,2025-06-18T13:59:01.409406,,,,,,,13.0,1.9944021701812744,computer vision,unknown,True,"Episode_13: 中間抽象度, 集約的 (dims: [360, 184, 305, 266, 71])",,,,,,,,,,,,,,,,,,,,,,,,,,,,,,,,,,,,,,,,,,,,,,,,
89,financial prediction,Transfer Learning,10,2025-06-18T13:59:01.409406,,,,,,,,,,,,,5.0,1.927770733833313,cybersecurity,unknown,True,"Episode_5: 中間抽象度, 集約的 (dims: [106, 62, 379, 367, 71])",,,,,,,,,,,,,,,,,,,,,,,,,,,,,,,,,,,,,,,,,,
89,financial prediction,Transfer Learning,10,2025-06-18T13:59:01.409406,,,,,,,,,,,,,,,,,,,15.0,1.927770733833313,cybersecurity,unknown,True,"Episode_15: 中間抽象度, 集約的 (dims: [106, 62, 379, 367, 71])",,,,,,,,,,,,,,,,,,,,,,,,,,,,,,,,,,,,
89,financial prediction,Transfer Learning,10,2025-06-18T13:59:01.409406,,,,,,,,,,,,,,,,,,,,,,,,,25.0,1.927770733833313,cybersecurity,unknown,True,"Episode_25: 中間抽象度, 集約的 (dims: [106, 62, 379, 367, 71])",,,,,,,,,,,,,,,,,,,,,,,,,,,,,,
89,financial prediction,Transfer Learning,10,2025-06-18T13:59:01.409406,,,,,,,,,,,,,,,,,,,,,,,,,,,,,,,35.0,1.927770733833313,cybersecurity,unknown,True,"Episode_35: 中間抽象度, 集約的 (dims: [106, 62, 379, 367, 71])",,,,,,,,,,,,,,,,,,,,,,,,
89,financial prediction,Transfer Learning,10,2025-06-18T13:59:01.409406,,,,,,,,,,,,,,,,,,,,,,,,,,,,,,,,,,,,,45.0,1.927770733833313,cybersecurity,unknown,True,"Episode_45: 中間抽象度, 集約的 (dims: [106, 62, 379, 367, 71])",,,,,,,,,,,,,,,,,,
89,financial prediction,Transfer Learning,10,2025-06-18T13:59:01.409406,,,,,,,,,,,,,,,,,,,,,,,,,,,,,,,,,,,,,,,,,,,55.0,1.927770733833313,cybersecurity,unknown,True,"Episode_55: 中間抽象度, 集約的 (dims: [106, 62, 379, 367, 71])",,,,,,,,,,,,
89,financial prediction,Transfer Learning,10,2025-06-18T13:59:01.409406,,,,,,,,,,,,,,,,,,,,,,,,,,,,,,,,,,,,,,,,,,,,,,,,,65.0,1.927770733833313,cybersecurity,unknown,True,"Episode_65: 中間抽象度, 集約的 (dims: [106, 62, 379, 367, 71])",,,,,,
89,financial prediction,Transfer Learning,10,2025-06-18T13:59:01.409406,,,,,,,,,,,,,,,,,,,,,,,,,,,,,,,,,,,,,,,,,,,,,,,,,,,,,,,75.0,1.927770733833313,cybersecurity,unknown,True,"Episode_75: 中間抽象度, 集約的 (dims: [106, 62, 379, 367, 71])"
90,educational technology,Adversarial Machine Learning,10,2025-06-18T13:59:01.453562,3.0,2.0219197273254395,computer vision,unknown,True,"Episode_3: 中間抽象度, 集約的 (dims: [360, 184, 305, 266, 71])",,,,,,,,,,,,,,,,,,,,,,,,,,,,,,,,,,,,,,,,,,,,,,,,,,,,,,
90,educational technology,Adversarial Machine Learning,10,2025-06-18T13:59:01.453562,,,,,,,13.0,2.0219197273254395,computer vision,unknown,True,"Episode_13: 中間抽象度, 集約的 (dims: [360, 184, 305, 266, 71])",,,,,,,,,,,,,,,,,,,,,,,,,,,,,,,,,,,,,,,,,,,,,,,,
90,educational technology,Adversarial Machine Learning,10,2025-06-18T13:59:01.453562,,,,,,,,,,,,,5.0,1.932023525238037,cybersecurity,unknown,True,"Episode_5: 中間抽象度, 集約的 (dims: [106, 62, 379, 367, 71])",,,,,,,,,,,,,,,,,,,,,,,,,,,,,,,,,,,,,,,,,,
90,educational technology,Adversarial Machine Learning,10,2025-06-18T13:59:01.453562,,,,,,,,,,,,,,,,,,,15.0,1.932023525238037,cybersecurity,unknown,True,"Episode_15: 中間抽象度, 集約的 (dims: [106, 62, 379, 367, 71])",,,,,,,,,,,,,,,,,,,,,,,,,,,,,,,,,,,,
90,educational technology,Adversarial Machine Learning,10,2025-06-18T13:59:01.453562,,,,,,,,,,,,,,,,,,,,,,,,,25.0,1.932023525238037,cybersecurity,unknown,True,"Episode_25: 中間抽象度, 集約的 (dims: [106, 62, 379, 367, 71])",,,,,,,,,,,,,,,,,,,,,,,,,,,,,,
90,educational technology,Adversarial Machine Learning,10,2025-06-18T13:59:01.453562,,,,,,,,,,,,,,,,,,,,,,,,,,,,,,,35.0,1.932023525238037,cybersecurity,unknown,True,"Episode_35: 中間抽象度, 集約的 (dims: [106, 62, 379, 367, 71])",,,,,,,,,,,,,,,,,,,,,,,,
90,educational technology,Adversarial Machine Learning,10,2025-06-18T13:59:01.453562,,,,,,,,,,,,,,,,,,,,,,,,,,,,,,,,,,,,,45.0,1.932023525238037,cybersecurity,unknown,True,"Episode_45: 中間抽象度, 集約的 (dims: [106, 62, 379, 367, 71])",,,,,,,,,,,,,,,,,,
90,educational technology,Adversarial Machine Learning,10,2025-06-18T13:59:01.453562,,,,,,,,,,,,,,,,,,,,,,,,,,,,,,,,,,,,,,,,,,,55.0,1.932023525238037,cybersecurity,unknown,True,"Episode_55: 中間抽象度, 集約的 (dims: [106, 62, 379, 367, 71])",,,,,,,,,,,,
90,educational technology,Adversarial Machine Learning,10,2025-06-18T13:59:01.453562,,,,,,,,,,,,,,,,,,,,,,,,,,,,,,,,,,,,,,,,,,,,,,,,,65.0,1.932023525238037,cybersecurity,unknown,True,"Episode_65: 中間抽象度, 集約的 (dims: [106, 62, 379, 367, 71])",,,,,,
90,educational technology,Adversarial Machine Learning,10,2025-06-18T13:59:01.453562,,,,,,,,,,,,,,,,,,,,,,,,,,,,,,,,,,,,,,,,,,,,,,,,,,,,,,,75.0,1.932023525238037,cybersecurity,unknown,True,"Episode_75: 中間抽象度, 集約的 (dims: [106, 62, 379, 367, 71])"
91,medical diagnosis,Large Language Models,10,2025-06-18T13:59:01.498568,3.0,1.9703150987625122,computer vision,unknown,True,"Episode_3: 中間抽象度, 集約的 (dims: [360, 184, 305, 266, 71])",,,,,,,,,,,,,,,,,,,,,,,,,,,,,,,,,,,,,,,,,,,,,,,,,,,,,,
91,medical diagnosis,Large Language Models,10,2025-06-18T13:59:01.498568,,,,,,,13.0,1.9703150987625122,computer vision,unknown,True,"Episode_13: 中間抽象度, 集約的 (dims: [360, 184, 305, 266, 71])",,,,,,,,,,,,,,,,,,,,,,,,,,,,,,,,,,,,,,,,,,,,,,,,
91,medical diagnosis,Large Language Models,10,2025-06-18T13:59:01.498568,,,,,,,,,,,,,5.0,1.893110990524292,cybersecurity,unknown,True,"Episode_5: 中間抽象度, 集約的 (dims: [106, 62, 379, 367, 71])",,,,,,,,,,,,,,,,,,,,,,,,,,,,,,,,,,,,,,,,,,
91,medical diagnosis,Large Language Models,10,2025-06-18T13:59:01.498568,,,,,,,,,,,,,,,,,,,15.0,1.893110990524292,cybersecurity,unknown,True,"Episode_15: 中間抽象度, 集約的 (dims: [106, 62, 379, 367, 71])",,,,,,,,,,,,,,,,,,,,,,,,,,,,,,,,,,,,
91,medical diagnosis,Large Language Models,10,2025-06-18T13:59:01.498568,,,,,,,,,,,,,,,,,,,,,,,,,25.0,1.893110990524292,cybersecurity,unknown,True,"Episode_25: 中間抽象度, 集約的 (dims: [106, 62, 379, 367, 71])",,,,,,,,,,,,,,,,,,,,,,,,,,,,,,
91,medical diagnosis,Large Language Models,10,2025-06-18T13:59:01.498568,,,,,,,,,,,,,,,,,,,,,,,,,,,,,,,35.0,1.893110990524292,cybersecurity,unknown,True,"Episode_35: 中間抽象度, 集約的 (dims: [106, 62, 379, 367, 71])",,,,,,,,,,,,,,,,,,,,,,,,
91,medical diagnosis,Large Language Models,10,2025-06-18T13:59:01.498568,,,,,,,,,,,,,,,,,,,,,,,,,,,,,,,,,,,,,45.0,1.893110990524292,cybersecurity,unknown,True,"Episode_45: 中間抽象度, 集約的 (dims: [106, 62, 379, 367, 71])",,,,,,,,,,,,,,,,,,
91,medical diagnosis,Large Language Models,10,2025-06-18T13:59:01.498568,,,,,,,,,,,,,,,,,,,,,,,,,,,,,,,,,,,,,,,,,,,55.0,1.893110990524292,cybersecurity,unknown,True,"Episode_55: 中間抽象度, 集約的 (dims: [106, 62, 379, 367, 71])",,,,,,,,,,,,
91,medical diagnosis,Large Language Models,10,2025-06-18T13:59:01.498568,,,,,,,,,,,,,,,,,,,,,,,,,,,,,,,,,,,,,,,,,,,,,,,,,65.0,1.893110990524292,cybersecurity,unknown,True,"Episode_65: 中間抽象度, 集約的 (dims: [106, 62, 379, 367, 71])",,,,,,
91,medical diagnosis,Large Language Models,10,2025-06-18T13:59:01.498568,,,,,,,,,,,,,,,,,,,,,,,,,,,,,,,,,,,,,,,,,,,,,,,,,,,,,,,75.0,1.893110990524292,cybersecurity,unknown,True,"Episode_75: 中間抽象度, 集約的 (dims: [106, 62, 379, 367, 71])"
92,autonomous systems,Computer Vision,10,2025-06-18T13:59:01.541150,3.0,1.9687590599060059,computer vision,unknown,True,"Episode_3: 中間抽象度, 集約的 (dims: [360, 184, 305, 266, 71])",,,,,,,,,,,,,,,,,,,,,,,,,,,,,,,,,,,,,,,,,,,,,,,,,,,,,,
92,autonomous systems,Computer Vision,10,2025-06-18T13:59:01.541150,,,,,,,5.0,1.913588047027588,cybersecurity,unknown,True,"Episode_5: 中間抽象度, 集約的 (dims: [106, 62, 379, 367, 71])",,,,,,,,,,,,,,,,,,,,,,,,,,,,,,,,,,,,,,,,,,,,,,,,
92,autonomous systems,Computer Vision,10,2025-06-18T13:59:01.541150,,,,,,,,,,,,,15.0,1.913588047027588,cybersecurity,unknown,True,"Episode_15: 中間抽象度, 集約的 (dims: [106, 62, 379, 367, 71])",,,,,,,,,,,,,,,,,,,,,,,,,,,,,,,,,,,,,,,,,,
92,autonomous systems,Computer Vision,10,2025-06-18T13:59:01.541150,,,,,,,,,,,,,,,,,,,25.0,1.913588047027588,cybersecurity,unknown,True,"Episode_25: 中間抽象度, 集約的 (dims: [106, 62, 379, 367, 71])",,,,,,,,,,,,,,,,,,,,,,,,,,,,,,,,,,,,
92,autonomous systems,Computer Vision,10,2025-06-18T13:59:01.541150,,,,,,,,,,,,,,,,,,,,,,,,,35.0,1.913588047027588,cybersecurity,unknown,True,"Episode_35: 中間抽象度, 集約的 (dims: [106, 62, 379, 367, 71])",,,,,,,,,,,,,,,,,,,,,,,,,,,,,,
92,autonomous systems,Computer Vision,10,2025-06-18T13:59:01.541150,,,,,,,,,,,,,,,,,,,,,,,,,,,,,,,45.0,1.913588047027588,cybersecurity,unknown,True,"Episode_45: 中間抽象度, 集約的 (dims: [106, 62, 379, 367, 71])",,,,,,,,,,,,,,,,,,,,,,,,
92,autonomous systems,Computer Vision,10,2025-06-18T13:59:01.541150,,,,,,,,,,,,,,,,,,,,,,,,,,,,,,,,,,,,,55.0,1.913588047027588,cybersecurity,unknown,True,"Episode_55: 中間抽象度, 集約的 (dims: [106, 62, 379, 367, 71])",,,,,,,,,,,,,,,,,,
92,autonomous systems,Computer Vision,10,2025-06-18T13:59:01.541150,,,,,,,,,,,,,,,,,,,,,,,,,,,,,,,,,,,,,,,,,,,65.0,1.913588047027588,cybersecurity,unknown,True,"Episode_65: 中間抽象度, 集約的 (dims: [106, 62, 379, 367, 71])",,,,,,,,,,,,
92,autonomous systems,Computer Vision,10,2025-06-18T13:59:01.541150,,,,,,,,,,,,,,,,,,,,,,,,,,,,,,,,,,,,,,,,,,,,,,,,,75.0,1.913588047027588,cybersecurity,unknown,True,"Episode_75: 中間抽象度, 集約的 (dims: [106, 62, 379, 367, 71])",,,,,,
92,autonomous systems,Computer Vision,10,2025-06-18T13:59:01.541150,,,,,,,,,,,,,,,,,,,,,,,,,,,,,,,,,,,,,,,,,,,,,,,,,,,,,,,85.0,1.913588047027588,cybersecurity,unknown,True,"Episode_85: 中間抽象度, 集約的 (dims: [106, 62, 379, 367, 71])"
93,natural language processing,Reinforcement Learning,10,2025-06-18T13:59:01.585022,3.0,1.9338160753250122,computer vision,unknown,True,"Episode_3: 中間抽象度, 集約的 (dims: [360, 184, 305, 266, 71])",,,,,,,,,,,,,,,,,,,,,,,,,,,,,,,,,,,,,,,,,,,,,,,,,,,,,,
93,natural language processing,Reinforcement Learning,10,2025-06-18T13:59:01.585022,,,,,,,0.0,1.9134697914123535,medical diagnosis,unknown,True,"Episode_0: 中間抽象度, 集約的 (dims: [13, 282, 58, 91, 281])",,,,,,,,,,,,,,,,,,,,,,,,,,,,,,,,,,,,,,,,,,,,,,,,
93,natural language processing,Reinforcement Learning,10,2025-06-18T13:59:01.585022,,,,,,,,,,,,,10.0,1.9134697914123535,medical diagnosis,unknown,True,"Episode_10: 中間抽象度, 集約的 (dims: [13, 282, 58, 91, 281])",,,,,,,,,,,,,,,,,,,,,,,,,,,,,,,,,,,,,,,,,,
93,natural language processing,Reinforcement Learning,10,2025-06-18T13:59:01.585022,,,,,,,,,,,,,,,,,,,20.0,1.9134697914123535,medical diagnosis,unknown,True,"Episode_20: 中間抽象度, 集約的 (dims: [13, 282, 58, 91, 281])",,,,,,,,,,,,,,,,,,,,,,,,,,,,,,,,,,,,
93,natural language processing,Reinforcement Learning,10,2025-06-18T13:59:01.585022,,,,,,,,,,,,,,,,,,,,,,,,,30.0,1.9134697914123535,medical diagnosis,unknown,True,"Episode_30: 中間抽象度, 集約的 (dims: [13, 282, 58, 91, 281])",,,,,,,,,,,,,,,,,,,,,,,,,,,,,,
93,natural language processing,Reinforcement Learning,10,2025-06-18T13:59:01.585022,,,,,,,,,,,,,,,,,,,,,,,,,,,,,,,40.0,1.9134697914123535,medical diagnosis,unknown,True,"Episode_40: 中間抽象度, 集約的 (dims: [13, 282, 58, 91, 281])",,,,,,,,,,,,,,,,,,,,,,,,
93,natural language processing,Reinforcement Learning,10,2025-06-18T13:59:01.585022,,,,,,,,,,,,,,,,,,,,,,,,,,,,,,,,,,,,,50.0,1.9134697914123535,medical diagnosis,unknown,True,"Episode_50: 中間抽象度, 集約的 (dims: [13, 282, 58, 91, 281])",,,,,,,,,,,,,,,,,,
93,natural language processing,Reinforcement Learning,10,2025-06-18T13:59:01.585022,,,,,,,,,,,,,,,,,,,,,,,,,,,,,,,,,,,,,,,,,,,60.0,1.9134697914123535,medical diagnosis,unknown,True,"Episode_60: 中間抽象度, 集約的 (dims: [13, 282, 58, 91, 281])",,,,,,,,,,,,
93,natural language processing,Reinforcement Learning,10,2025-06-18T13:59:01.585022,,,,,,,,,,,,,,,,,,,,,,,,,,,,,,,,,,,,,,,,,,,,,,,,,70.0,1.9134697914123535,medical diagnosis,unknown,True,"Episode_70: 中間抽象度, 集約的 (dims: [13, 282, 58, 91, 281])",,,,,,
93,natural language processing,Reinforcement Learning,10,2025-06-18T13:59:01.585022,,,,,,,,,,,,,,,,,,,,,,,,,,,,,,,,,,,,,,,,,,,,,,,,,,,,,,,80.0,1.9134697914123535,medical diagnosis,unknown,True,"Episode_80: 中間抽象度, 集約的 (dims: [13, 282, 58, 91, 281])"
94,computer vision,Graph Neural Networks,9,2025-06-18T13:59:01.628379,3.0,2.0034995079040527,computer vision,unknown,False,"Episode_3: 中間抽象度, 集約的 (dims: [360, 184, 305, 266, 71])",,,,,,,,,,,,,,,,,,,,,,,,,,,,,,,,,,,,,,,,,,,,,,,,,,,,,,
94,computer vision,Graph Neural Networks,9,2025-06-18T13:59:01.628379,,,,,,,5.0,1.9527543783187866,cybersecurity,unknown,True,"Episode_5: 中間抽象度, 集約的 (dims: [106, 62, 379, 367, 71])",,,,,,,,,,,,,,,,,,,,,,,,,,,,,,,,,,,,,,,,,,,,,,,,
94,computer vision,Graph Neural Networks,9,2025-06-18T13:59:01.628379,,,,,,,,,,,,,15.0,1.9527543783187866,cybersecurity,unknown,True,"Episode_15: 中間抽象度, 集約的 (dims: [106, 62, 379, 367, 71])",,,,,,,,,,,,,,,,,,,,,,,,,,,,,,,,,,,,,,,,,,
94,computer vision,Graph Neural Networks,9,2025-06-18T13:59:01.628379,,,,,,,,,,,,,,,,,,,25.0,1.9527543783187866,cybersecurity,unknown,True,"Episode_25: 中間抽象度, 集約的 (dims: [106, 62, 379, 367, 71])",,,,,,,,,,,,,,,,,,,,,,,,,,,,,,,,,,,,
94,computer vision,Graph Neural Networks,9,2025-06-18T13:59:01.628379,,,,,,,,,,,,,,,,,,,,,,,,,35.0,1.9527543783187866,cybersecurity,unknown,True,"Episode_35: 中間抽象度, 集約的 (dims: [106, 62, 379, 367, 71])",,,,,,,,,,,,,,,,,,,,,,,,,,,,,,
94,computer vision,Graph Neural Networks,9,2025-06-18T13:59:01.628379,,,,,,,,,,,,,,,,,,,,,,,,,,,,,,,45.0,1.9527543783187866,cybersecurity,unknown,True,"Episode_45: 中間抽象度, 集約的 (dims: [106, 62, 379, 367, 71])",,,,,,,,,,,,,,,,,,,,,,,,
94,computer vision,Graph Neural Networks,9,2025-06-18T13:59:01.628379,,,,,,,,,,,,,,,,,,,,,,,,,,,,,,,,,,,,,55.0,1.9527543783187866,cybersecurity,unknown,True,"Episode_55: 中間抽象度, 集約的 (dims: [106, 62, 379, 367, 71])",,,,,,,,,,,,,,,,,,
94,computer vision,Graph Neural Networks,9,2025-06-18T13:59:01.628379,,,,,,,,,,,,,,,,,,,,,,,,,,,,,,,,,,,,,,,,,,,65.0,1.9527543783187866,cybersecurity,unknown,True,"Episode_65: 中間抽象度, 集約的 (dims: [106, 62, 379, 367, 71])",,,,,,,,,,,,
94,computer vision,Graph Neural Networks,9,2025-06-18T13:59:01.628379,,,,,,,,,,,,,,,,,,,,,,,,,,,,,,,,,,,,,,,,,,,,,,,,,75.0,1.9527543783187866,cybersecurity,unknown,True,"Episode_75: 中間抽象度, 集約的 (dims: [106, 62, 379, 367, 71])",,,,,,
94,computer vision,Graph Neural Networks,9,2025-06-18T13:59:01.628379,,,,,,,,,,,,,,,,,,,,,,,,,,,,,,,,,,,,,,,,,,,,,,,,,,,,,,,85.0,1.9527543783187866,cybersecurity,unknown,True,"Episode_85: 中間抽象度, 集約的 (dims: [106, 62, 379, 367, 71])"
95,robotics,Federated Learning,10,2025-06-18T13:59:01.671479,3.0,1.9577245712280273,computer vision,unknown,True,"Episode_3: 中間抽象度, 集約的 (dims: [360, 184, 305, 266, 71])",,,,,,,,,,,,,,,,,,,,,,,,,,,,,,,,,,,,,,,,,,,,,,,,,,,,,,
95,robotics,Federated Learning,10,2025-06-18T13:59:01.671479,,,,,,,0.0,1.8845016956329346,medical diagnosis,unknown,True,"Episode_0: 中間抽象度, 集約的 (dims: [13, 282, 58, 91, 281])",,,,,,,,,,,,,,,,,,,,,,,,,,,,,,,,,,,,,,,,,,,,,,,,
95,robotics,Federated Learning,10,2025-06-18T13:59:01.671479,,,,,,,,,,,,,10.0,1.8845016956329346,medical diagnosis,unknown,True,"Episode_10: 中間抽象度, 集約的 (dims: [13, 282, 58, 91, 281])",,,,,,,,,,,,,,,,,,,,,,,,,,,,,,,,,,,,,,,,,,
95,robotics,Federated Learning,10,2025-06-18T13:59:01.671479,,,,,,,,,,,,,,,,,,,20.0,1.8845016956329346,medical diagnosis,unknown,True,"Episode_20: 中間抽象度, 集約的 (dims: [13, 282, 58, 91, 281])",,,,,,,,,,,,,,,,,,,,,,,,,,,,,,,,,,,,
95,robotics,Federated Learning,10,2025-06-18T13:59:01.671479,,,,,,,,,,,,,,,,,,,,,,,,,30.0,1.8845016956329346,medical diagnosis,unknown,True,"Episode_30: 中間抽象度, 集約的 (dims: [13, 282, 58, 91, 281])",,,,,,,,,,,,,,,,,,,,,,,,,,,,,,
95,robotics,Federated Learning,10,2025-06-18T13:59:01.671479,,,,,,,,,,,,,,,,,,,,,,,,,,,,,,,40.0,1.8845016956329346,medical diagnosis,unknown,True,"Episode_40: 中間抽象度, 集約的 (dims: [13, 282, 58, 91, 281])",,,,,,,,,,,,,,,,,,,,,,,,
95,robotics,Federated Learning,10,2025-06-18T13:59:01.671479,,,,,,,,,,,,,,,,,,,,,,,,,,,,,,,,,,,,,50.0,1.8845016956329346,medical diagnosis,unknown,True,"Episode_50: 中間抽象度, 集約的 (dims: [13, 282, 58, 91, 281])",,,,,,,,,,,,,,,,,,
95,robotics,Federated Learning,10,2025-06-18T13:59:01.671479,,,,,,,,,,,,,,,,,,,,,,,,,,,,,,,,,,,,,,,,,,,60.0,1.8845016956329346,medical diagnosis,unknown,True,"Episode_60: 中間抽象度, 集約的 (dims: [13, 282, 58, 91, 281])",,,,,,,,,,,,
95,robotics,Federated Learning,10,2025-06-18T13:59:01.671479,,,,,,,,,,,,,,,,,,,,,,,,,,,,,,,,,,,,,,,,,,,,,,,,,70.0,1.8845016956329346,medical diagnosis,unknown,True,"Episode_70: 中間抽象度, 集約的 (dims: [13, 282, 58, 91, 281])",,,,,,
95,robotics,Federated Learning,10,2025-06-18T13:59:01.671479,,,,,,,,,,,,,,,,,,,,,,,,,,,,,,,,,,,,,,,,,,,,,,,,,,,,,,,80.0,1.8845016956329346,medical diagnosis,unknown,True,"Episode_80: 中間抽象度, 集約的 (dims: [13, 282, 58, 91, 281])"
96,cybersecurity,Explainable AI,1,2025-06-18T13:59:01.716124,3.0,1.979767918586731,computer vision,unknown,True,"Episode_3: 中間抽象度, 集約的 (dims: [360, 184, 305, 266, 71])",,,,,,,,,,,,,,,,,,,,,,,,,,,,,,,,,,,,,,,,,,,,,,,,,,,,,,
96,cybersecurity,Explainable AI,1,2025-06-18T13:59:01.716124,,,,,,,5.0,1.9190136194229126,cybersecurity,unknown,False,"Episode_5: 中間抽象度, 集約的 (dims: [106, 62, 379, 367, 71])",,,,,,,,,,,,,,,,,,,,,,,,,,,,,,,,,,,,,,,,,,,,,,,,
96,cybersecurity,Explainable AI,1,2025-06-18T13:59:01.716124,,,,,,,,,,,,,15.0,1.9190136194229126,cybersecurity,unknown,False,"Episode_15: 中間抽象度, 集約的 (dims: [106, 62, 379, 367, 71])",,,,,,,,,,,,,,,,,,,,,,,,,,,,,,,,,,,,,,,,,,
96,cybersecurity,Explainable AI,1,2025-06-18T13:59:01.716124,,,,,,,,,,,,,,,,,,,25.0,1.9190136194229126,cybersecurity,unknown,False,"Episode_25: 中間抽象度, 集約的 (dims: [106, 62, 379, 367, 71])",,,,,,,,,,,,,,,,,,,,,,,,,,,,,,,,,,,,
96,cybersecurity,Explainable AI,1,2025-06-18T13:59:01.716124,,,,,,,,,,,,,,,,,,,,,,,,,35.0,1.9190136194229126,cybersecurity,unknown,False,"Episode_35: 中間抽象度, 集約的 (dims: [106, 62, 379, 367, 71])",,,,,,,,,,,,,,,,,,,,,,,,,,,,,,
96,cybersecurity,Explainable AI,1,2025-06-18T13:59:01.716124,,,,,,,,,,,,,,,,,,,,,,,,,,,,,,,45.0,1.9190136194229126,cybersecurity,unknown,False,"Episode_45: 中間抽象度, 集約的 (dims: [106, 62, 379, 367, 71])",,,,,,,,,,,,,,,,,,,,,,,,
96,cybersecurity,Explainable AI,1,2025-06-18T13:59:01.716124,,,,,,,,,,,,,,,,,,,,,,,,,,,,,,,,,,,,,55.0,1.9190136194229126,cybersecurity,unknown,False,"Episode_55: 中間抽象度, 集約的 (dims: [106, 62, 379, 367, 71])",,,,,,,,,,,,,,,,,,
96,cybersecurity,Explainable AI,1,2025-06-18T13:59:01.716124,,,,,,,,,,,,,,,,,,,,,,,,,,,,,,,,,,,,,,,,,,,65.0,1.9190136194229126,cybersecurity,unknown,False,"Episode_65: 中間抽象度, 集約的 (dims: [106, 62, 379, 367, 71])",,,,,,,,,,,,
96,cybersecurity,Explainable AI,1,2025-06-18T13:59:01.716124,,,,,,,,,,,,,,,,,,,,,,,,,,,,,,,,,,,,,,,,,,,,,,,,,75.0,1.9190136194229126,cybersecurity,unknown,False,"Episode_75: 中間抽象度, 集約的 (dims: [106, 62, 379, 367, 71])",,,,,,
96,cybersecurity,Explainable AI,1,2025-06-18T13:59:01.716124,,,,,,,,,,,,,,,,,,,,,,,,,,,,,,,,,,,,,,,,,,,,,,,,,,,,,,,85.0,1.9190136194229126,cybersecurity,unknown,False,"Episode_85: 中間抽象度, 集約的 (dims: [106, 62, 379, 367, 71])"
97,climate modeling,Multimodal Learning,10,2025-06-18T13:59:01.760352,0.0,1.943310022354126,medical diagnosis,unknown,True,"Episode_0: 中間抽象度, 集約的 (dims: [13, 282, 58, 91, 281])",,,,,,,,,,,,,,,,,,,,,,,,,,,,,,,,,,,,,,,,,,,,,,,,,,,,,,
97,climate modeling,Multimodal Learning,10,2025-06-18T13:59:01.760352,,,,,,,10.0,1.943310022354126,medical diagnosis,unknown,True,"Episode_10: 中間抽象度, 集約的 (dims: [13, 282, 58, 91, 281])",,,,,,,,,,,,,,,,,,,,,,,,,,,,,,,,,,,,,,,,,,,,,,,,
97,climate modeling,Multimodal Learning,10,2025-06-18T13:59:01.760352,,,,,,,,,,,,,20.0,1.943310022354126,medical diagnosis,unknown,True,"Episode_20: 中間抽象度, 集約的 (dims: [13, 282, 58, 91, 281])",,,,,,,,,,,,,,,,,,,,,,,,,,,,,,,,,,,,,,,,,,
97,climate modeling,Multimodal Learning,10,2025-06-18T13:59:01.760352,,,,,,,,,,,,,,,,,,,30.0,1.943310022354126,medical diagnosis,unknown,True,"Episode_30: 中間抽象度, 集約的 (dims: [13, 282, 58, 91, 281])",,,,,,,,,,,,,,,,,,,,,,,,,,,,,,,,,,,,
97,climate modeling,Multimodal Learning,10,2025-06-18T13:59:01.760352,,,,,,,,,,,,,,,,,,,,,,,,,40.0,1.943310022354126,medical diagnosis,unknown,True,"Episode_40: 中間抽象度, 集約的 (dims: [13, 282, 58, 91, 281])",,,,,,,,,,,,,,,,,,,,,,,,,,,,,,
97,climate modeling,Multimodal Learning,10,2025-06-18T13:59:01.760352,,,,,,,,,,,,,,,,,,,,,,,,,,,,,,,50.0,1.943310022354126,medical diagnosis,unknown,True,"Episode_50: 中間抽象度, 集約的 (dims: [13, 282, 58, 91, 281])",,,,,,,,,,,,,,,,,,,,,,,,
97,climate modeling,Multimodal Learning,10,2025-06-18T13:59:01.760352,,,,,,,,,,,,,,,,,,,,,,,,,,,,,,,,,,,,,60.0,1.943310022354126,medical diagnosis,unknown,True,"Episode_60: 中間抽象度, 集約的 (dims: [13, 282, 58, 91, 281])",,,,,,,,,,,,,,,,,,
97,climate modeling,Multimodal Learning,10,2025-06-18T13:59:01.760352,,,,,,,,,,,,,,,,,,,,,,,,,,,,,,,,,,,,,,,,,,,70.0,1.943310022354126,medical diagnosis,unknown,True,"Episode_70: 中間抽象度, 集約的 (dims: [13, 282, 58, 91, 281])",,,,,,,,,,,,
97,climate modeling,Multimodal Learning,10,2025-06-18T13:59:01.760352,,,,,,,,,,,,,,,,,,,,,,,,,,,,,,,,,,,,,,,,,,,,,,,,,80.0,1.943310022354126,medical diagnosis,unknown,True,"Episode_80: 中間抽象度, 集約的 (dims: [13, 282, 58, 91, 281])",,,,,,
97,climate modeling,Multimodal Learning,10,2025-06-18T13:59:01.760352,,,,,,,,,,,,,,,,,,,,,,,,,,,,,,,,,,,,,,,,,,,,,,,,,,,,,,,90.0,1.943310022354126,medical diagnosis,unknown,True,"Episode_90: 中間抽象度, 集約的 (dims: [13, 282, 58, 91, 281])"
98,drug discovery,Few-shot Learning,10,2025-06-18T13:59:01.806190,5.0,1.9423749446868896,cybersecurity,unknown,True,"Episode_5: 中間抽象度, 集約的 (dims: [106, 62, 379, 367, 71])",,,,,,,,,,,,,,,,,,,,,,,,,,,,,,,,,,,,,,,,,,,,,,,,,,,,,,
98,drug discovery,Few-shot Learning,10,2025-06-18T13:59:01.806190,,,,,,,15.0,1.9423749446868896,cybersecurity,unknown,True,"Episode_15: 中間抽象度, 集約的 (dims: [106, 62, 379, 367, 71])",,,,,,,,,,,,,,,,,,,,,,,,,,,,,,,,,,,,,,,,,,,,,,,,
98,drug discovery,Few-shot Learning,10,2025-06-18T13:59:01.806190,,,,,,,,,,,,,25.0,1.9423749446868896,cybersecurity,unknown,True,"Episode_25: 中間抽象度, 集約的 (dims: [106, 62, 379, 367, 71])",,,,,,,,,,,,,,,,,,,,,,,,,,,,,,,,,,,,,,,,,,
98,drug discovery,Few-shot Learning,10,2025-06-18T13:59:01.806190,,,,,,,,,,,,,,,,,,,35.0,1.9423749446868896,cybersecurity,unknown,True,"Episode_35: 中間抽象度, 集約的 (dims: [106, 62, 379, 367, 71])",,,,,,,,,,,,,,,,,,,,,,,,,,,,,,,,,,,,
98,drug discovery,Few-shot Learning,10,2025-06-18T13:59:01.806190,,,,,,,,,,,,,,,,,,,,,,,,,45.0,1.9423749446868896,cybersecurity,unknown,True,"Episode_45: 中間抽象度, 集約的 (dims: [106, 62, 379, 367, 71])",,,,,,,,,,,,,,,,,,,,,,,,,,,,,,
98,drug discovery,Few-shot Learning,10,2025-06-18T13:59:01.806190,,,,,,,,,,,,,,,,,,,,,,,,,,,,,,,55.0,1.9423749446868896,cybersecurity,unknown,True,"Episode_55: 中間抽象度, 集約的 (dims: [106, 62, 379, 367, 71])",,,,,,,,,,,,,,,,,,,,,,,,
98,drug discovery,Few-shot Learning,10,2025-06-18T13:59:01.806190,,,,,,,,,,,,,,,,,,,,,,,,,,,,,,,,,,,,,65.0,1.9423749446868896,cybersecurity,unknown,True,"Episode_65: 中間抽象度, 集約的 (dims: [106, 62, 379, 367, 71])",,,,,,,,,,,,,,,,,,
98,drug discovery,Few-shot Learning,10,2025-06-18T13:59:01.806190,,,,,,,,,,,,,,,,,,,,,,,,,,,,,,,,,,,,,,,,,,,75.0,1.9423749446868896,cybersecurity,unknown,True,"Episode_75: 中間抽象度, 集約的 (dims: [106, 62, 379, 367, 71])",,,,,,,,,,,,
98,drug discovery,Few-shot Learning,10,2025-06-18T13:59:01.806190,,,,,,,,,,,,,,,,,,,,,,,,,,,,,,,,,,,,,,,,,,,,,,,,,85.0,1.9423749446868896,cybersecurity,unknown,True,"Episode_85: 中間抽象度, 集約的 (dims: [106, 62, 379, 367, 71])",,,,,,
98,drug discovery,Few-shot Learning,10,2025-06-18T13:59:01.806190,,,,,,,,,,,,,,,,,,,,,,,,,,,,,,,,,,,,,,,,,,,,,,,,,,,,,,,95.0,1.9423749446868896,cybersecurity,unknown,True,"Episode_95: 中間抽象度, 集約的 (dims: [106, 62, 379, 367, 71])"
99,financial prediction,Transfer Learning,10,2025-06-18T13:59:01.850832,5.0,1.927770733833313,cybersecurity,unknown,True,"Episode_5: 中間抽象度, 集約的 (dims: [106, 62, 379, 367, 71])",,,,,,,,,,,,,,,,,,,,,,,,,,,,,,,,,,,,,,,,,,,,,,,,,,,,,,
99,financial prediction,Transfer Learning,10,2025-06-18T13:59:01.850832,,,,,,,15.0,1.927770733833313,cybersecurity,unknown,True,"Episode_15: 中間抽象度, 集約的 (dims: [106, 62, 379, 367, 71])",,,,,,,,,,,,,,,,,,,,,,,,,,,,,,,,,,,,,,,,,,,,,,,,
99,financial prediction,Transfer Learning,10,2025-06-18T13:59:01.850832,,,,,,,,,,,,,25.0,1.927770733833313,cybersecurity,unknown,True,"Episode_25: 中間抽象度, 集約的 (dims: [106, 62, 379, 367, 71])",,,,,,,,,,,,,,,,,,,,,,,,,,,,,,,,,,,,,,,,,,
99,financial prediction,Transfer Learning,10,2025-06-18T13:59:01.850832,,,,,,,,,,,,,,,,,,,35.0,1.927770733833313,cybersecurity,unknown,True,"Episode_35: 中間抽象度, 集約的 (dims: [106, 62, 379, 367, 71])",,,,,,,,,,,,,,,,,,,,,,,,,,,,,,,,,,,,
99,financial prediction,Transfer Learning,10,2025-06-18T13:59:01.850832,,,,,,,,,,,,,,,,,,,,,,,,,45.0,1.927770733833313,cybersecurity,unknown,True,"Episode_45: 中間抽象度, 集約的 (dims: [106, 62, 379, 367, 71])",,,,,,,,,,,,,,,,,,,,,,,,,,,,,,
99,financial prediction,Transfer Learning,10,2025-06-18T13:59:01.850832,,,,,,,,,,,,,,,,,,,,,,,,,,,,,,,55.0,1.927770733833313,cybersecurity,unknown,True,"Episode_55: 中間抽象度, 集約的 (dims: [106, 62, 379, 367, 71])",,,,,,,,,,,,,,,,,,,,,,,,
99,financial prediction,Transfer Learning,10,2025-06-18T13:59:01.850832,,,,,,,,,,,,,,,,,,,,,,,,,,,,,,,,,,,,,65.0,1.927770733833313,cybersecurity,unknown,True,"Episode_65: 中間抽象度, 集約的 (dims: [106, 62, 379, 367, 71])",,,,,,,,,,,,,,,,,,
99,financial prediction,Transfer Learning,10,2025-06-18T13:59:01.850832,,,,,,,,,,,,,,,,,,,,,,,,,,,,,,,,,,,,,,,,,,,75.0,1.927770733833313,cybersecurity,unknown,True,"Episode_75: 中間抽象度, 集約的 (dims: [106, 62, 379, 367, 71])",,,,,,,,,,,,
99,financial prediction,Transfer Learning,10,2025-06-18T13:59:01.850832,,,,,,,,,,,,,,,,,,,,,,,,,,,,,,,,,,,,,,,,,,,,,,,,,85.0,1.927770733833313,cybersecurity,unknown,True,"Episode_85: 中間抽象度, 集約的 (dims: [106, 62, 379, 367, 71])",,,,,,
99,financial prediction,Transfer Learning,10,2025-06-18T13:59:01.850832,,,,,,,,,,,,,,,,,,,,,,,,,,,,,,,,,,,,,,,,,,,,,,,,,,,,,,,95.0,1.927770733833313,cybersecurity,unknown,True,"Episode_95: 中間抽象度, 集約的 (dims: [106, 62, 379, 367, 71])"
100,educational technology,Adversarial Machine Learning,10,2025-06-18T13:59:01.896259,5.0,1.932023525238037,cybersecurity,unknown,True,"Episode_5: 中間抽象度, 集約的 (dims: [106, 62, 379, 367, 71])",,,,,,,,,,,,,,,,,,,,,,,,,,,,,,,,,,,,,,,,,,,,,,,,,,,,,,
100,educational technology,Adversarial Machine Learning,10,2025-06-18T13:59:01.896259,,,,,,,15.0,1.932023525238037,cybersecurity,unknown,True,"Episode_15: 中間抽象度, 集約的 (dims: [106, 62, 379, 367, 71])",,,,,,,,,,,,,,,,,,,,,,,,,,,,,,,,,,,,,,,,,,,,,,,,
100,educational technology,Adversarial Machine Learning,10,2025-06-18T13:59:01.896259,,,,,,,,,,,,,25.0,1.932023525238037,cybersecurity,unknown,True,"Episode_25: 中間抽象度, 集約的 (dims: [106, 62, 379, 367, 71])",,,,,,,,,,,,,,,,,,,,,,,,,,,,,,,,,,,,,,,,,,
100,educational technology,Adversarial Machine Learning,10,2025-06-18T13:59:01.896259,,,,,,,,,,,,,,,,,,,35.0,1.932023525238037,cybersecurity,unknown,True,"Episode_35: 中間抽象度, 集約的 (dims: [106, 62, 379, 367, 71])",,,,,,,,,,,,,,,,,,,,,,,,,,,,,,,,,,,,
100,educational technology,Adversarial Machine Learning,10,2025-06-18T13:59:01.896259,,,,,,,,,,,,,,,,,,,,,,,,,45.0,1.932023525238037,cybersecurity,unknown,True,"Episode_45: 中間抽象度, 集約的 (dims: [106, 62, 379, 367, 71])",,,,,,,,,,,,,,,,,,,,,,,,,,,,,,
100,educational technology,Adversarial Machine Learning,10,2025-06-18T13:59:01.896259,,,,,,,,,,,,,,,,,,,,,,,,,,,,,,,55.0,1.932023525238037,cybersecurity,unknown,True,"Episode_55: 中間抽象度, 集約的 (dims: [106, 62, 379, 367, 71])",,,,,,,,,,,,,,,,,,,,,,,,
100,educational technology,Adversarial Machine Learning,10,2025-06-18T13:59:01.896259,,,,,,,,,,,,,,,,,,,,,,,,,,,,,,,,,,,,,65.0,1.932023525238037,cybersecurity,unknown,True,"Episode_65: 中間抽象度, 集約的 (dims: [106, 62, 379, 367, 71])",,,,,,,,,,,,,,,,,,
100,educational technology,Adversarial Machine Learning,10,2025-06-18T13:59:01.896259,,,,,,,,,,,,,,,,,,,,,,,,,,,,,,,,,,,,,,,,,,,75.0,1.932023525238037,cybersecurity,unknown,True,"Episode_75: 中間抽象度, 集約的 (dims: [106, 62, 379, 367, 71])",,,,,,,,,,,,
100,educational technology,Adversarial Machine Learning,10,2025-06-18T13:59:01.896259,,,,,,,,,,,,,,,,,,,,,,,,,,,,,,,,,,,,,,,,,,,,,,,,,85.0,1.932023525238037,cybersecurity,unknown,True,"Episode_85: 中間抽象度, 集約的 (dims: [106, 62, 379, 367, 71])",,,,,,
100,educational technology,Adversarial Machine Learning,10,2025-06-18T13:59:01.896259,,,,,,,,,,,,,,,,,,,,,,,,,,,,,,,,,,,,,,,,,,,,,,,,,,,,,,,95.0,1.932023525238037,cybersecurity,unknown,True,"Episode_95: 中間抽象度, 集約的 (dims: [106, 62, 379, 367, 71])"
101,medical diagnosis,Large Language Models,10,2025-06-18T13:59:01.942411,5.0,1.893110990524292,cybersecurity,unknown,True,"Episode_5: 中間抽象度, 集約的 (dims: [106, 62, 379, 367, 71])",,,,,,,,,,,,,,,,,,,,,,,,,,,,,,,,,,,,,,,,,,,,,,,,,,,,,,
101,medical diagnosis,Large Language Models,10,2025-06-18T13:59:01.942411,,,,,,,15.0,1.893110990524292,cybersecurity,unknown,True,"Episode_15: 中間抽象度, 集約的 (dims: [106, 62, 379, 367, 71])",,,,,,,,,,,,,,,,,,,,,,,,,,,,,,,,,,,,,,,,,,,,,,,,
101,medical diagnosis,Large Language Models,10,2025-06-18T13:59:01.942411,,,,,,,,,,,,,25.0,1.893110990524292,cybersecurity,unknown,True,"Episode_25: 中間抽象度, 集約的 (dims: [106, 62, 379, 367, 71])",,,,,,,,,,,,,,,,,,,,,,,,,,,,,,,,,,,,,,,,,,
101,medical diagnosis,Large Language Models,10,2025-06-18T13:59:01.942411,,,,,,,,,,,,,,,,,,,35.0,1.893110990524292,cybersecurity,unknown,True,"Episode_35: 中間抽象度, 集約的 (dims: [106, 62, 379, 367, 71])",,,,,,,,,,,,,,,,,,,,,,,,,,,,,,,,,,,,
101,medical diagnosis,Large Language Models,10,2025-06-18T13:59:01.942411,,,,,,,,,,,,,,,,,,,,,,,,,45.0,1.893110990524292,cybersecurity,unknown,True,"Episode_45: 中間抽象度, 集約的 (dims: [106, 62, 379, 367, 71])",,,,,,,,,,,,,,,,,,,,,,,,,,,,,,
101,medical diagnosis,Large Language Models,10,2025-06-18T13:59:01.942411,,,,,,,,,,,,,,,,,,,,,,,,,,,,,,,55.0,1.893110990524292,cybersecurity,unknown,True,"Episode_55: 中間抽象度, 集約的 (dims: [106, 62, 379, 367, 71])",,,,,,,,,,,,,,,,,,,,,,,,
101,medical diagnosis,Large Language Models,10,2025-06-18T13:59:01.942411,,,,,,,,,,,,,,,,,,,,,,,,,,,,,,,,,,,,,65.0,1.893110990524292,cybersecurity,unknown,True,"Episode_65: 中間抽象度, 集約的 (dims: [106, 62, 379, 367, 71])",,,,,,,,,,,,,,,,,,
101,medical diagnosis,Large Language Models,10,2025-06-18T13:59:01.942411,,,,,,,,,,,,,,,,,,,,,,,,,,,,,,,,,,,,,,,,,,,75.0,1.893110990524292,cybersecurity,unknown,True,"Episode_75: 中間抽象度, 集約的 (dims: [106, 62, 379, 367, 71])",,,,,,,,,,,,
101,medical diagnosis,Large Language Models,10,2025-06-18T13:59:01.942411,,,,,,,,,,,,,,,,,,,,,,,,,,,,,,,,,,,,,,,,,,,,,,,,,85.0,1.893110990524292,cybersecurity,unknown,True,"Episode_85: 中間抽象度, 集約的 (dims: [106, 62, 379, 367, 71])",,,,,,
101,medical diagnosis,Large Language Models,10,2025-06-18T13:59:01.942411,,,,,,,,,,,,,,,,,,,,,,,,,,,,,,,,,,,,,,,,,,,,,,,,,,,,,,,95.0,1.893110990524292,cybersecurity,unknown,True,"Episode_95: 中間抽象度, 集約的 (dims: [106, 62, 379, 367, 71])"
102,autonomous systems,Computer Vision,10,2025-06-18T13:59:01.986703,5.0,1.913588047027588,cybersecurity,unknown,True,"Episode_5: 中間抽象度, 集約的 (dims: [106, 62, 379, 367, 71])",,,,,,,,,,,,,,,,,,,,,,,,,,,,,,,,,,,,,,,,,,,,,,,,,,,,,,
102,autonomous systems,Computer Vision,10,2025-06-18T13:59:01.986703,,,,,,,15.0,1.913588047027588,cybersecurity,unknown,True,"Episode_15: 中間抽象度, 集約的 (dims: [106, 62, 379, 367, 71])",,,,,,,,,,,,,,,,,,,,,,,,,,,,,,,,,,,,,,,,,,,,,,,,
102,autonomous systems,Computer Vision,10,2025-06-18T13:59:01.986703,,,,,,,,,,,,,25.0,1.913588047027588,cybersecurity,unknown,True,"Episode_25: 中間抽象度, 集約的 (dims: [106, 62, 379, 367, 71])",,,,,,,,,,,,,,,,,,,,,,,,,,,,,,,,,,,,,,,,,,
102,autonomous systems,Computer Vision,10,2025-06-18T13:59:01.986703,,,,,,,,,,,,,,,,,,,35.0,1.913588047027588,cybersecurity,unknown,True,"Episode_35: 中間抽象度, 集約的 (dims: [106, 62, 379, 367, 71])",,,,,,,,,,,,,,,,,,,,,,,,,,,,,,,,,,,,
102,autonomous systems,Computer Vision,10,2025-06-18T13:59:01.986703,,,,,,,,,,,,,,,,,,,,,,,,,45.0,1.913588047027588,cybersecurity,unknown,True,"Episode_45: 中間抽象度, 集約的 (dims: [106, 62, 379, 367, 71])",,,,,,,,,,,,,,,,,,,,,,,,,,,,,,
102,autonomous systems,Computer Vision,10,2025-06-18T13:59:01.986703,,,,,,,,,,,,,,,,,,,,,,,,,,,,,,,55.0,1.913588047027588,cybersecurity,unknown,True,"Episode_55: 中間抽象度, 集約的 (dims: [106, 62, 379, 367, 71])",,,,,,,,,,,,,,,,,,,,,,,,
102,autonomous systems,Computer Vision,10,2025-06-18T13:59:01.986703,,,,,,,,,,,,,,,,,,,,,,,,,,,,,,,,,,,,,65.0,1.913588047027588,cybersecurity,unknown,True,"Episode_65: 中間抽象度, 集約的 (dims: [106, 62, 379, 367, 71])",,,,,,,,,,,,,,,,,,
102,autonomous systems,Computer Vision,10,2025-06-18T13:59:01.986703,,,,,,,,,,,,,,,,,,,,,,,,,,,,,,,,,,,,,,,,,,,75.0,1.913588047027588,cybersecurity,unknown,True,"Episode_75: 中間抽象度, 集約的 (dims: [106, 62, 379, 367, 71])",,,,,,,,,,,,
102,autonomous systems,Computer Vision,10,2025-06-18T13:59:01.986703,,,,,,,,,,,,,,,,,,,,,,,,,,,,,,,,,,,,,,,,,,,,,,,,,85.0,1.913588047027588,cybersecurity,unknown,True,"Episode_85: 中間抽象度, 集約的 (dims: [106, 62, 379, 367, 71])",,,,,,
102,autonomous systems,Computer Vision,10,2025-06-18T13:59:01.986703,,,,,,,,,,,,,,,,,,,,,,,,,,,,,,,,,,,,,,,,,,,,,,,,,,,,,,,0.0,1.8768787384033203,medical diagnosis,unknown,True,"Episode_0: 中間抽象度, 集約的 (dims: [13, 282, 58, 91, 281])"
103,natural language processing,Reinforcement Learning,10,2025-06-18T13:59:02.031206,0.0,1.9134697914123535,medical diagnosis,unknown,True,"Episode_0: 中間抽象度, 集約的 (dims: [13, 282, 58, 91, 281])",,,,,,,,,,,,,,,,,,,,,,,,,,,,,,,,,,,,,,,,,,,,,,,,,,,,,,
103,natural language processing,Reinforcement Learning,10,2025-06-18T13:59:02.031206,,,,,,,10.0,1.9134697914123535,medical diagnosis,unknown,True,"Episode_10: 中間抽象度, 集約的 (dims: [13, 282, 58, 91, 281])",,,,,,,,,,,,,,,,,,,,,,,,,,,,,,,,,,,,,,,,,,,,,,,,
103,natural language processing,Reinforcement Learning,10,2025-06-18T13:59:02.031206,,,,,,,,,,,,,20.0,1.9134697914123535,medical diagnosis,unknown,True,"Episode_20: 中間抽象度, 集約的 (dims: [13, 282, 58, 91, 281])",,,,,,,,,,,,,,,,,,,,,,,,,,,,,,,,,,,,,,,,,,
103,natural language processing,Reinforcement Learning,10,2025-06-18T13:59:02.031206,,,,,,,,,,,,,,,,,,,30.0,1.9134697914123535,medical diagnosis,unknown,True,"Episode_30: 中間抽象度, 集約的 (dims: [13, 282, 58, 91, 281])",,,,,,,,,,,,,,,,,,,,,,,,,,,,,,,,,,,,
103,natural language processing,Reinforcement Learning,10,2025-06-18T13:59:02.031206,,,,,,,,,,,,,,,,,,,,,,,,,40.0,1.9134697914123535,medical diagnosis,unknown,True,"Episode_40: 中間抽象度, 集約的 (dims: [13, 282, 58, 91, 281])",,,,,,,,,,,,,,,,,,,,,,,,,,,,,,
103,natural language processing,Reinforcement Learning,10,2025-06-18T13:59:02.031206,,,,,,,,,,,,,,,,,,,,,,,,,,,,,,,50.0,1.9134697914123535,medical diagnosis,unknown,True,"Episode_50: 中間抽象度, 集約的 (dims: [13, 282, 58, 91, 281])",,,,,,,,,,,,,,,,,,,,,,,,
103,natural language processing,Reinforcement Learning,10,2025-06-18T13:59:02.031206,,,,,,,,,,,,,,,,,,,,,,,,,,,,,,,,,,,,,60.0,1.9134697914123535,medical diagnosis,unknown,True,"Episode_60: 中間抽象度, 集約的 (dims: [13, 282, 58, 91, 281])",,,,,,,,,,,,,,,,,,
103,natural language processing,Reinforcement Learning,10,2025-06-18T13:59:02.031206,,,,,,,,,,,,,,,,,,,,,,,,,,,,,,,,,,,,,,,,,,,70.0,1.9134697914123535,medical diagnosis,unknown,True,"Episode_70: 中間抽象度, 集約的 (dims: [13, 282, 58, 91, 281])",,,,,,,,,,,,
103,natural language processing,Reinforcement Learning,10,2025-06-18T13:59:02.031206,,,,,,,,,,,,,,,,,,,,,,,,,,,,,,,,,,,,,,,,,,,,,,,,,80.0,1.9134697914123535,medical diagnosis,unknown,True,"Episode_80: 中間抽象度, 集約的 (dims: [13, 282, 58, 91, 281])",,,,,,
103,natural language processing,Reinforcement Learning,10,2025-06-18T13:59:02.031206,,,,,,,,,,,,,,,,,,,,,,,,,,,,,,,,,,,,,,,,,,,,,,,,,,,,,,,90.0,1.9134697914123535,medical diagnosis,unknown,True,"Episode_90: 中間抽象度, 集約的 (dims: [13, 282, 58, 91, 281])"
104,computer vision,Graph Neural Networks,10,2025-06-18T13:59:02.075669,5.0,1.9527543783187866,cybersecurity,unknown,True,"Episode_5: 中間抽象度, 集約的 (dims: [106, 62, 379, 367, 71])",,,,,,,,,,,,,,,,,,,,,,,,,,,,,,,,,,,,,,,,,,,,,,,,,,,,,,
104,computer vision,Graph Neural Networks,10,2025-06-18T13:59:02.075669,,,,,,,15.0,1.9527543783187866,cybersecurity,unknown,True,"Episode_15: 中間抽象度, 集約的 (dims: [106, 62, 379, 367, 71])",,,,,,,,,,,,,,,,,,,,,,,,,,,,,,,,,,,,,,,,,,,,,,,,
104,computer vision,Graph Neural Networks,10,2025-06-18T13:59:02.075669,,,,,,,,,,,,,25.0,1.9527543783187866,cybersecurity,unknown,True,"Episode_25: 中間抽象度, 集約的 (dims: [106, 62, 379, 367, 71])",,,,,,,,,,,,,,,,,,,,,,,,,,,,,,,,,,,,,,,,,,
104,computer vision,Graph Neural Networks,10,2025-06-18T13:59:02.075669,,,,,,,,,,,,,,,,,,,35.0,1.9527543783187866,cybersecurity,unknown,True,"Episode_35: 中間抽象度, 集約的 (dims: [106, 62, 379, 367, 71])",,,,,,,,,,,,,,,,,,,,,,,,,,,,,,,,,,,,
104,computer vision,Graph Neural Networks,10,2025-06-18T13:59:02.075669,,,,,,,,,,,,,,,,,,,,,,,,,45.0,1.9527543783187866,cybersecurity,unknown,True,"Episode_45: 中間抽象度, 集約的 (dims: [106, 62, 379, 367, 71])",,,,,,,,,,,,,,,,,,,,,,,,,,,,,,
104,computer vision,Graph Neural Networks,10,2025-06-18T13:59:02.075669,,,,,,,,,,,,,,,,,,,,,,,,,,,,,,,55.0,1.9527543783187866,cybersecurity,unknown,True,"Episode_55: 中間抽象度, 集約的 (dims: [106, 62, 379, 367, 71])",,,,,,,,,,,,,,,,,,,,,,,,
104,computer vision,Graph Neural Networks,10,2025-06-18T13:59:02.075669,,,,,,,,,,,,,,,,,,,,,,,,,,,,,,,,,,,,,65.0,1.9527543783187866,cybersecurity,unknown,True,"Episode_65: 中間抽象度, 集約的 (dims: [106, 62, 379, 367, 71])",,,,,,,,,,,,,,,,,,
104,computer vision,Graph Neural Networks,10,2025-06-18T13:59:02.075669,,,,,,,,,,,,,,,,,,,,,,,,,,,,,,,,,,,,,,,,,,,75.0,1.9527543783187866,cybersecurity,unknown,True,"Episode_75: 中間抽象度, 集約的 (dims: [106, 62, 379, 367, 71])",,,,,,,,,,,,
104,computer vision,Graph Neural Networks,10,2025-06-18T13:59:02.075669,,,,,,,,,,,,,,,,,,,,,,,,,,,,,,,,,,,,,,,,,,,,,,,,,85.0,1.9527543783187866,cybersecurity,unknown,True,"Episode_85: 中間抽象度, 集約的 (dims: [106, 62, 379, 367, 71])",,,,,,
104,computer vision,Graph Neural Networks,10,2025-06-18T13:59:02.075669,,,,,,,,,,,,,,,,,,,,,,,,,,,,,,,,,,,,,,,,,,,,,,,,,,,,,,,0.0,1.894721269607544,medical diagnosis,unknown,True,"Episode_0: 中間抽象度, 集約的 (dims: [13, 282, 58, 91, 281])"
105,robotics,Federated Learning,10,2025-06-18T13:59:02.119433,0.0,1.8845016956329346,medical diagnosis,unknown,True,"Episode_0: 中間抽象度, 集約的 (dims: [13, 282, 58, 91, 281])",,,,,,,,,,,,,,,,,,,,,,,,,,,,,,,,,,,,,,,,,,,,,,,,,,,,,,
105,robotics,Federated Learning,10,2025-06-18T13:59:02.119433,,,,,,,10.0,1.8845016956329346,medical diagnosis,unknown,True,"Episode_10: 中間抽象度, 集約的 (dims: [13, 282, 58, 91, 281])",,,,,,,,,,,,,,,,,,,,,,,,,,,,,,,,,,,,,,,,,,,,,,,,
105,robotics,Federated Learning,10,2025-06-18T13:59:02.119433,,,,,,,,,,,,,20.0,1.8845016956329346,medical diagnosis,unknown,True,"Episode_20: 中間抽象度, 集約的 (dims: [13, 282, 58, 91, 281])",,,,,,,,,,,,,,,,,,,,,,,,,,,,,,,,,,,,,,,,,,
105,robotics,Federated Learning,10,2025-06-18T13:59:02.119433,,,,,,,,,,,,,,,,,,,30.0,1.8845016956329346,medical diagnosis,unknown,True,"Episode_30: 中間抽象度, 集約的 (dims: [13, 282, 58, 91, 281])",,,,,,,,,,,,,,,,,,,,,,,,,,,,,,,,,,,,
105,robotics,Federated Learning,10,2025-06-18T13:59:02.119433,,,,,,,,,,,,,,,,,,,,,,,,,40.0,1.8845016956329346,medical diagnosis,unknown,True,"Episode_40: 中間抽象度, 集約的 (dims: [13, 282, 58, 91, 281])",,,,,,,,,,,,,,,,,,,,,,,,,,,,,,
105,robotics,Federated Learning,10,2025-06-18T13:59:02.119433,,,,,,,,,,,,,,,,,,,,,,,,,,,,,,,50.0,1.8845016956329346,medical diagnosis,unknown,True,"Episode_50: 中間抽象度, 集約的 (dims: [13, 282, 58, 91, 281])",,,,,,,,,,,,,,,,,,,,,,,,
105,robotics,Federated Learning,10,2025-06-18T13:59:02.119433,,,,,,,,,,,,,,,,,,,,,,,,,,,,,,,,,,,,,60.0,1.8845016956329346,medical diagnosis,unknown,True,"Episode_60: 中間抽象度, 集約的 (dims: [13, 282, 58, 91, 281])",,,,,,,,,,,,,,,,,,
105,robotics,Federated Learning,10,2025-06-18T13:59:02.119433,,,,,,,,,,,,,,,,,,,,,,,,,,,,,,,,,,,,,,,,,,,70.0,1.8845016956329346,medical diagnosis,unknown,True,"Episode_70: 中間抽象度, 集約的 (dims: [13, 282, 58, 91, 281])",,,,,,,,,,,,
105,robotics,Federated Learning,10,2025-06-18T13:59:02.119433,,,,,,,,,,,,,,,,,,,,,,,,,,,,,,,,,,,,,,,,,,,,,,,,,80.0,1.8845016956329346,medical diagnosis,unknown,True,"Episode_80: 中間抽象度, 集約的 (dims: [13, 282, 58, 91, 281])",,,,,,
105,robotics,Federated Learning,10,2025-06-18T13:59:02.119433,,,,,,,,,,,,,,,,,,,,,,,,,,,,,,,,,,,,,,,,,,,,,,,,,,,,,,,90.0,1.8845016956329346,medical diagnosis,unknown,True,"Episode_90: 中間抽象度, 集約的 (dims: [13, 282, 58, 91, 281])"
106,cybersecurity,Explainable AI,1,2025-06-18T13:59:02.164240,5.0,1.9190136194229126,cybersecurity,unknown,False,"Episode_5: 中間抽象度, 集約的 (dims: [106, 62, 379, 367, 71])",,,,,,,,,,,,,,,,,,,,,,,,,,,,,,,,,,,,,,,,,,,,,,,,,,,,,,
106,cybersecurity,Explainable AI,1,2025-06-18T13:59:02.164240,,,,,,,15.0,1.9190136194229126,cybersecurity,unknown,False,"Episode_15: 中間抽象度, 集約的 (dims: [106, 62, 379, 367, 71])",,,,,,,,,,,,,,,,,,,,,,,,,,,,,,,,,,,,,,,,,,,,,,,,
106,cybersecurity,Explainable AI,1,2025-06-18T13:59:02.164240,,,,,,,,,,,,,25.0,1.9190136194229126,cybersecurity,unknown,False,"Episode_25: 中間抽象度, 集約的 (dims: [106, 62, 379, 367, 71])",,,,,,,,,,,,,,,,,,,,,,,,,,,,,,,,,,,,,,,,,,
106,cybersecurity,Explainable AI,1,2025-06-18T13:59:02.164240,,,,,,,,,,,,,,,,,,,35.0,1.9190136194229126,cybersecurity,unknown,False,"Episode_35: 中間抽象度, 集約的 (dims: [106, 62, 379, 367, 71])",,,,,,,,,,,,,,,,,,,,,,,,,,,,,,,,,,,,
106,cybersecurity,Explainable AI,1,2025-06-18T13:59:02.164240,,,,,,,,,,,,,,,,,,,,,,,,,45.0,1.9190136194229126,cybersecurity,unknown,False,"Episode_45: 中間抽象度, 集約的 (dims: [106, 62, 379, 367, 71])",,,,,,,,,,,,,,,,,,,,,,,,,,,,,,
106,cybersecurity,Explainable AI,1,2025-06-18T13:59:02.164240,,,,,,,,,,,,,,,,,,,,,,,,,,,,,,,55.0,1.9190136194229126,cybersecurity,unknown,False,"Episode_55: 中間抽象度, 集約的 (dims: [106, 62, 379, 367, 71])",,,,,,,,,,,,,,,,,,,,,,,,
106,cybersecurity,Explainable AI,1,2025-06-18T13:59:02.164240,,,,,,,,,,,,,,,,,,,,,,,,,,,,,,,,,,,,,65.0,1.9190136194229126,cybersecurity,unknown,False,"Episode_65: 中間抽象度, 集約的 (dims: [106, 62, 379, 367, 71])",,,,,,,,,,,,,,,,,,
106,cybersecurity,Explainable AI,1,2025-06-18T13:59:02.164240,,,,,,,,,,,,,,,,,,,,,,,,,,,,,,,,,,,,,,,,,,,75.0,1.9190136194229126,cybersecurity,unknown,False,"Episode_75: 中間抽象度, 集約的 (dims: [106, 62, 379, 367, 71])",,,,,,,,,,,,
106,cybersecurity,Explainable AI,1,2025-06-18T13:59:02.164240,,,,,,,,,,,,,,,,,,,,,,,,,,,,,,,,,,,,,,,,,,,,,,,,,85.0,1.9190136194229126,cybersecurity,unknown,False,"Episode_85: 中間抽象度, 集約的 (dims: [106, 62, 379, 367, 71])",,,,,,
106,cybersecurity,Explainable AI,1,2025-06-18T13:59:02.164240,,,,,,,,,,,,,,,,,,,,,,,,,,,,,,,,,,,,,,,,,,,,,,,,,,,,,,,0.0,1.911033272743225,medical diagnosis,unknown,True,"Episode_0: 中間抽象度, 集約的 (dims: [13, 282, 58, 91, 281])"
107,climate modeling,Multimodal Learning,10,2025-06-18T13:59:02.208582,0.0,1.943310022354126,medical diagnosis,unknown,True,"Episode_0: 中間抽象度, 集約的 (dims: [13, 282, 58, 91, 281])",,,,,,,,,,,,,,,,,,,,,,,,,,,,,,,,,,,,,,,,,,,,,,,,,,,,,,
107,climate modeling,Multimodal Learning,10,2025-06-18T13:59:02.208582,,,,,,,10.0,1.943310022354126,medical diagnosis,unknown,True,"Episode_10: 中間抽象度, 集約的 (dims: [13, 282, 58, 91, 281])",,,,,,,,,,,,,,,,,,,,,,,,,,,,,,,,,,,,,,,,,,,,,,,,
107,climate modeling,Multimodal Learning,10,2025-06-18T13:59:02.208582,,,,,,,,,,,,,20.0,1.943310022354126,medical diagnosis,unknown,True,"Episode_20: 中間抽象度, 集約的 (dims: [13, 282, 58, 91, 281])",,,,,,,,,,,,,,,,,,,,,,,,,,,,,,,,,,,,,,,,,,
107,climate modeling,Multimodal Learning,10,2025-06-18T13:59:02.208582,,,,,,,,,,,,,,,,,,,30.0,1.943310022354126,medical diagnosis,unknown,True,"Episode_30: 中間抽象度, 集約的 (dims: [13, 282, 58, 91, 281])",,,,,,,,,,,,,,,,,,,,,,,,,,,,,,,,,,,,
107,climate modeling,Multimodal Learning,10,2025-06-18T13:59:02.208582,,,,,,,,,,,,,,,,,,,,,,,,,40.0,1.943310022354126,medical diagnosis,unknown,True,"Episode_40: 中間抽象度, 集約的 (dims: [13, 282, 58, 91, 281])",,,,,,,,,,,,,,,,,,,,,,,,,,,,,,
107,climate modeling,Multimodal Learning,10,2025-06-18T13:59:02.208582,,,,,,,,,,,,,,,,,,,,,,,,,,,,,,,50.0,1.943310022354126,medical diagnosis,unknown,True,"Episode_50: 中間抽象度, 集約的 (dims: [13, 282, 58, 91, 281])",,,,,,,,,,,,,,,,,,,,,,,,
107,climate modeling,Multimodal Learning,10,2025-06-18T13:59:02.208582,,,,,,,,,,,,,,,,,,,,,,,,,,,,,,,,,,,,,60.0,1.943310022354126,medical diagnosis,unknown,True,"Episode_60: 中間抽象度, 集約的 (dims: [13, 282, 58, 91, 281])",,,,,,,,,,,,,,,,,,
107,climate modeling,Multimodal Learning,10,2025-06-18T13:59:02.208582,,,,,,,,,,,,,,,,,,,,,,,,,,,,,,,,,,,,,,,,,,,70.0,1.943310022354126,medical diagnosis,unknown,True,"Episode_70: 中間抽象度, 集約的 (dims: [13, 282, 58, 91, 281])",,,,,,,,,,,,
107,climate modeling,Multimodal Learning,10,2025-06-18T13:59:02.208582,,,,,,,,,,,,,,,,,,,,,,,,,,,,,,,,,,,,,,,,,,,,,,,,,80.0,1.943310022354126,medical diagnosis,unknown,True,"Episode_80: 中間抽象度, 集約的 (dims: [13, 282, 58, 91, 281])",,,,,,
107,climate modeling,Multimodal Learning,10,2025-06-18T13:59:02.208582,,,,,,,,,,,,,,,,,,,,,,,,,,,,,,,,,,,,,,,,,,,,,,,,,,,,,,,5.0,1.9013603925704956,cybersecurity,unknown,True,"Episode_5: 中間抽象度, 集約的 (dims: [106, 62, 379, 367, 71])"
108,drug discovery,Few-shot Learning,10,2025-06-18T13:59:02.253658,5.0,1.9423749446868896,cybersecurity,unknown,True,"Episode_5: 中間抽象度, 集約的 (dims: [106, 62, 379, 367, 71])",,,,,,,,,,,,,,,,,,,,,,,,,,,,,,,,,,,,,,,,,,,,,,,,,,,,,,
108,drug discovery,Few-shot Learning,10,2025-06-18T13:59:02.253658,,,,,,,15.0,1.9423749446868896,cybersecurity,unknown,True,"Episode_15: 中間抽象度, 集約的 (dims: [106, 62, 379, 367, 71])",,,,,,,,,,,,,,,,,,,,,,,,,,,,,,,,,,,,,,,,,,,,,,,,
108,drug discovery,Few-shot Learning,10,2025-06-18T13:59:02.253658,,,,,,,,,,,,,25.0,1.9423749446868896,cybersecurity,unknown,True,"Episode_25: 中間抽象度, 集約的 (dims: [106, 62, 379, 367, 71])",,,,,,,,,,,,,,,,,,,,,,,,,,,,,,,,,,,,,,,,,,
108,drug discovery,Few-shot Learning,10,2025-06-18T13:59:02.253658,,,,,,,,,,,,,,,,,,,35.0,1.9423749446868896,cybersecurity,unknown,True,"Episode_35: 中間抽象度, 集約的 (dims: [106, 62, 379, 367, 71])",,,,,,,,,,,,,,,,,,,,,,,,,,,,,,,,,,,,
108,drug discovery,Few-shot Learning,10,2025-06-18T13:59:02.253658,,,,,,,,,,,,,,,,,,,,,,,,,45.0,1.9423749446868896,cybersecurity,unknown,True,"Episode_45: 中間抽象度, 集約的 (dims: [106, 62, 379, 367, 71])",,,,,,,,,,,,,,,,,,,,,,,,,,,,,,
108,drug discovery,Few-shot Learning,10,2025-06-18T13:59:02.253658,,,,,,,,,,,,,,,,,,,,,,,,,,,,,,,55.0,1.9423749446868896,cybersecurity,unknown,True,"Episode_55: 中間抽象度, 集約的 (dims: [106, 62, 379, 367, 71])",,,,,,,,,,,,,,,,,,,,,,,,
108,drug discovery,Few-shot Learning,10,2025-06-18T13:59:02.253658,,,,,,,,,,,,,,,,,,,,,,,,,,,,,,,,,,,,,65.0,1.9423749446868896,cybersecurity,unknown,True,"Episode_65: 中間抽象度, 集約的 (dims: [106, 62, 379, 367, 71])",,,,,,,,,,,,,,,,,,
108,drug discovery,Few-shot Learning,10,2025-06-18T13:59:02.253658,,,,,,,,,,,,,,,,,,,,,,,,,,,,,,,,,,,,,,,,,,,75.0,1.9423749446868896,cybersecurity,unknown,True,"Episode_75: 中間抽象度, 集約的 (dims: [106, 62, 379, 367, 71])",,,,,,,,,,,,
108,drug discovery,Few-shot Learning,10,2025-06-18T13:59:02.253658,,,,,,,,,,,,,,,,,,,,,,,,,,,,,,,,,,,,,,,,,,,,,,,,,85.0,1.9423749446868896,cybersecurity,unknown,True,"Episode_85: 中間抽象度, 集約的 (dims: [106, 62, 379, 367, 71])",,,,,,
108,drug discovery,Few-shot Learning,10,2025-06-18T13:59:02.253658,,,,,,,,,,,,,,,,,,,,,,,,,,,,,,,,,,,,,,,,,,,,,,,,,,,,,,,0.0,1.9221811294555664,medical diagnosis,unknown,True,"Episode_0: 中間抽象度, 集約的 (dims: [13, 282, 58, 91, 281])"
109,financial prediction,Transfer Learning,10,2025-06-18T13:59:02.297458,5.0,1.927770733833313,cybersecurity,unknown,True,"Episode_5: 中間抽象度, 集約的 (dims: [106, 62, 379, 367, 71])",,,,,,,,,,,,,,,,,,,,,,,,,,,,,,,,,,,,,,,,,,,,,,,,,,,,,,
109,financial prediction,Transfer Learning,10,2025-06-18T13:59:02.297458,,,,,,,15.0,1.927770733833313,cybersecurity,unknown,True,"Episode_15: 中間抽象度, 集約的 (dims: [106, 62, 379, 367, 71])",,,,,,,,,,,,,,,,,,,,,,,,,,,,,,,,,,,,,,,,,,,,,,,,
109,financial prediction,Transfer Learning,10,2025-06-18T13:59:02.297458,,,,,,,,,,,,,25.0,1.927770733833313,cybersecurity,unknown,True,"Episode_25: 中間抽象度, 集約的 (dims: [106, 62, 379, 367, 71])",,,,,,,,,,,,,,,,,,,,,,,,,,,,,,,,,,,,,,,,,,
109,financial prediction,Transfer Learning,10,2025-06-18T13:59:02.297458,,,,,,,,,,,,,,,,,,,35.0,1.927770733833313,cybersecurity,unknown,True,"Episode_35: 中間抽象度, 集約的 (dims: [106, 62, 379, 367, 71])",,,,,,,,,,,,,,,,,,,,,,,,,,,,,,,,,,,,
109,financial prediction,Transfer Learning,10,2025-06-18T13:59:02.297458,,,,,,,,,,,,,,,,,,,,,,,,,45.0,1.927770733833313,cybersecurity,unknown,True,"Episode_45: 中間抽象度, 集約的 (dims: [106, 62, 379, 367, 71])",,,,,,,,,,,,,,,,,,,,,,,,,,,,,,
109,financial prediction,Transfer Learning,10,2025-06-18T13:59:02.297458,,,,,,,,,,,,,,,,,,,,,,,,,,,,,,,55.0,1.927770733833313,cybersecurity,unknown,True,"Episode_55: 中間抽象度, 集約的 (dims: [106, 62, 379, 367, 71])",,,,,,,,,,,,,,,,,,,,,,,,
109,financial prediction,Transfer Learning,10,2025-06-18T13:59:02.297458,,,,,,,,,,,,,,,,,,,,,,,,,,,,,,,,,,,,,65.0,1.927770733833313,cybersecurity,unknown,True,"Episode_65: 中間抽象度, 集約的 (dims: [106, 62, 379, 367, 71])",,,,,,,,,,,,,,,,,,
109,financial prediction,Transfer Learning,10,2025-06-18T13:59:02.297458,,,,,,,,,,,,,,,,,,,,,,,,,,,,,,,,,,,,,,,,,,,75.0,1.927770733833313,cybersecurity,unknown,True,"Episode_75: 中間抽象度, 集約的 (dims: [106, 62, 379, 367, 71])",,,,,,,,,,,,
109,financial prediction,Transfer Learning,10,2025-06-18T13:59:02.297458,,,,,,,,,,,,,,,,,,,,,,,,,,,,,,,,,,,,,,,,,,,,,,,,,85.0,1.927770733833313,cybersecurity,unknown,True,"Episode_85: 中間抽象度, 集約的 (dims: [106, 62, 379, 367, 71])",,,,,,
109,financial prediction,Transfer Learning,10,2025-06-18T13:59:02.297458,,,,,,,,,,,,,,,,,,,,,,,,,,,,,,,,,,,,,,,,,,,,,,,,,,,,,,,0.0,1.9256962537765503,medical diagnosis,unknown,True,"Episode_0: 中間抽象度, 集約的 (dims: [13, 282, 58, 91, 281])"
110,educational technology,Adversarial Machine Learning,10,2025-06-18T13:59:02.341998,5.0,1.932023525238037,cybersecurity,unknown,True,"Episode_5: 中間抽象度, 集約的 (dims: [106, 62, 379, 367, 71])",,,,,,,,,,,,,,,,,,,,,,,,,,,,,,,,,,,,,,,,,,,,,,,,,,,,,,
110,educational technology,Adversarial Machine Learning,10,2025-06-18T13:59:02.341998,,,,,,,15.0,1.932023525238037,cybersecurity,unknown,True,"Episode_15: 中間抽象度, 集約的 (dims: [106, 62, 379, 367, 71])",,,,,,,,,,,,,,,,,,,,,,,,,,,,,,,,,,,,,,,,,,,,,,,,
110,educational technology,Adversarial Machine Learning,10,2025-06-18T13:59:02.341998,,,,,,,,,,,,,25.0,1.932023525238037,cybersecurity,unknown,True,"Episode_25: 中間抽象度, 集約的 (dims: [106, 62, 379, 367, 71])",,,,,,,,,,,,,,,,,,,,,,,,,,,,,,,,,,,,,,,,,,
110,educational technology,Adversarial Machine Learning,10,2025-06-18T13:59:02.341998,,,,,,,,,,,,,,,,,,,35.0,1.932023525238037,cybersecurity,unknown,True,"Episode_35: 中間抽象度, 集約的 (dims: [106, 62, 379, 367, 71])",,,,,,,,,,,,,,,,,,,,,,,,,,,,,,,,,,,,
110,educational technology,Adversarial Machine Learning,10,2025-06-18T13:59:02.341998,,,,,,,,,,,,,,,,,,,,,,,,,45.0,1.932023525238037,cybersecurity,unknown,True,"Episode_45: 中間抽象度, 集約的 (dims: [106, 62, 379, 367, 71])",,,,,,,,,,,,,,,,,,,,,,,,,,,,,,
110,educational technology,Adversarial Machine Learning,10,2025-06-18T13:59:02.341998,,,,,,,,,,,,,,,,,,,,,,,,,,,,,,,55.0,1.932023525238037,cybersecurity,unknown,True,"Episode_55: 中間抽象度, 集約的 (dims: [106, 62, 379, 367, 71])",,,,,,,,,,,,,,,,,,,,,,,,
110,educational technology,Adversarial Machine Learning,10,2025-06-18T13:59:02.341998,,,,,,,,,,,,,,,,,,,,,,,,,,,,,,,,,,,,,65.0,1.932023525238037,cybersecurity,unknown,True,"Episode_65: 中間抽象度, 集約的 (dims: [106, 62, 379, 367, 71])",,,,,,,,,,,,,,,,,,
110,educational technology,Adversarial Machine Learning,10,2025-06-18T13:59:02.341998,,,,,,,,,,,,,,,,,,,,,,,,,,,,,,,,,,,,,,,,,,,75.0,1.932023525238037,cybersecurity,unknown,True,"Episode_75: 中間抽象度, 集約的 (dims: [106, 62, 379, 367, 71])",,,,,,,,,,,,
110,educational technology,Adversarial Machine Learning,10,2025-06-18T13:59:02.341998,,,,,,,,,,,,,,,,,,,,,,,,,,,,,,,,,,,,,,,,,,,,,,,,,85.0,1.932023525238037,cybersecurity,unknown,True,"Episode_85: 中間抽象度, 集約的 (dims: [106, 62, 379, 367, 71])",,,,,,
110,educational technology,Adversarial Machine Learning,10,2025-06-18T13:59:02.341998,,,,,,,,,,,,,,,,,,,,,,,,,,,,,,,,,,,,,,,,,,,,,,,,,,,,,,,0.0,1.928670048713684,medical diagnosis,unknown,True,"Episode_0: 中間抽象度, 集約的 (dims: [13, 282, 58, 91, 281])"
111,medical diagnosis,Large Language Models,9,2025-06-18T13:59:02.388041,5.0,1.893110990524292,cybersecurity,unknown,True,"Episode_5: 中間抽象度, 集約的 (dims: [106, 62, 379, 367, 71])",,,,,,,,,,,,,,,,,,,,,,,,,,,,,,,,,,,,,,,,,,,,,,,,,,,,,,
111,medical diagnosis,Large Language Models,9,2025-06-18T13:59:02.388041,,,,,,,15.0,1.893110990524292,cybersecurity,unknown,True,"Episode_15: 中間抽象度, 集約的 (dims: [106, 62, 379, 367, 71])",,,,,,,,,,,,,,,,,,,,,,,,,,,,,,,,,,,,,,,,,,,,,,,,
111,medical diagnosis,Large Language Models,9,2025-06-18T13:59:02.388041,,,,,,,,,,,,,25.0,1.893110990524292,cybersecurity,unknown,True,"Episode_25: 中間抽象度, 集約的 (dims: [106, 62, 379, 367, 71])",,,,,,,,,,,,,,,,,,,,,,,,,,,,,,,,,,,,,,,,,,
111,medical diagnosis,Large Language Models,9,2025-06-18T13:59:02.388041,,,,,,,,,,,,,,,,,,,35.0,1.893110990524292,cybersecurity,unknown,True,"Episode_35: 中間抽象度, 集約的 (dims: [106, 62, 379, 367, 71])",,,,,,,,,,,,,,,,,,,,,,,,,,,,,,,,,,,,
111,medical diagnosis,Large Language Models,9,2025-06-18T13:59:02.388041,,,,,,,,,,,,,,,,,,,,,,,,,45.0,1.893110990524292,cybersecurity,unknown,True,"Episode_45: 中間抽象度, 集約的 (dims: [106, 62, 379, 367, 71])",,,,,,,,,,,,,,,,,,,,,,,,,,,,,,
111,medical diagnosis,Large Language Models,9,2025-06-18T13:59:02.388041,,,,,,,,,,,,,,,,,,,,,,,,,,,,,,,55.0,1.893110990524292,cybersecurity,unknown,True,"Episode_55: 中間抽象度, 集約的 (dims: [106, 62, 379, 367, 71])",,,,,,,,,,,,,,,,,,,,,,,,
111,medical diagnosis,Large Language Models,9,2025-06-18T13:59:02.388041,,,,,,,,,,,,,,,,,,,,,,,,,,,,,,,,,,,,,65.0,1.893110990524292,cybersecurity,unknown,True,"Episode_65: 中間抽象度, 集約的 (dims: [106, 62, 379, 367, 71])",,,,,,,,,,,,,,,,,,
111,medical diagnosis,Large Language Models,9,2025-06-18T13:59:02.388041,,,,,,,,,,,,,,,,,,,,,,,,,,,,,,,,,,,,,,,,,,,75.0,1.893110990524292,cybersecurity,unknown,True,"Episode_75: 中間抽象度, 集約的 (dims: [106, 62, 379, 367, 71])",,,,,,,,,,,,
111,medical diagnosis,Large Language Models,9,2025-06-18T13:59:02.388041,,,,,,,,,,,,,,,,,,,,,,,,,,,,,,,,,,,,,,,,,,,,,,,,,85.0,1.893110990524292,cybersecurity,unknown,True,"Episode_85: 中間抽象度, 集約的 (dims: [106, 62, 379, 367, 71])",,,,,,
111,medical diagnosis,Large Language Models,9,2025-06-18T13:59:02.388041,,,,,,,,,,,,,,,,,,,,,,,,,,,,,,,,,,,,,,,,,,,,,,,,,,,,,,,0.0,1.8874430656433105,medical diagnosis,unknown,False,"Episode_0: 中間抽象度, 集約的 (dims: [13, 282, 58, 91, 281])"
112,autonomous systems,Computer Vision,10,2025-06-18T13:59:02.431771,5.0,1.913588047027588,cybersecurity,unknown,True,"Episode_5: 中間抽象度, 集約的 (dims: [106, 62, 379, 367, 71])",,,,,,,,,,,,,,,,,,,,,,,,,,,,,,,,,,,,,,,,,,,,,,,,,,,,,,
112,autonomous systems,Computer Vision,10,2025-06-18T13:59:02.431771,,,,,,,15.0,1.913588047027588,cybersecurity,unknown,True,"Episode_15: 中間抽象度, 集約的 (dims: [106, 62, 379, 367, 71])",,,,,,,,,,,,,,,,,,,,,,,,,,,,,,,,,,,,,,,,,,,,,,,,
112,autonomous systems,Computer Vision,10,2025-06-18T13:59:02.431771,,,,,,,,,,,,,25.0,1.913588047027588,cybersecurity,unknown,True,"Episode_25: 中間抽象度, 集約的 (dims: [106, 62, 379, 367, 71])",,,,,,,,,,,,,,,,,,,,,,,,,,,,,,,,,,,,,,,,,,
112,autonomous systems,Computer Vision,10,2025-06-18T13:59:02.431771,,,,,,,,,,,,,,,,,,,35.0,1.913588047027588,cybersecurity,unknown,True,"Episode_35: 中間抽象度, 集約的 (dims: [106, 62, 379, 367, 71])",,,,,,,,,,,,,,,,,,,,,,,,,,,,,,,,,,,,
112,autonomous systems,Computer Vision,10,2025-06-18T13:59:02.431771,,,,,,,,,,,,,,,,,,,,,,,,,45.0,1.913588047027588,cybersecurity,unknown,True,"Episode_45: 中間抽象度, 集約的 (dims: [106, 62, 379, 367, 71])",,,,,,,,,,,,,,,,,,,,,,,,,,,,,,
112,autonomous systems,Computer Vision,10,2025-06-18T13:59:02.431771,,,,,,,,,,,,,,,,,,,,,,,,,,,,,,,55.0,1.913588047027588,cybersecurity,unknown,True,"Episode_55: 中間抽象度, 集約的 (dims: [106, 62, 379, 367, 71])",,,,,,,,,,,,,,,,,,,,,,,,
112,autonomous systems,Computer Vision,10,2025-06-18T13:59:02.431771,,,,,,,,,,,,,,,,,,,,,,,,,,,,,,,,,,,,,65.0,1.913588047027588,cybersecurity,unknown,True,"Episode_65: 中間抽象度, 集約的 (dims: [106, 62, 379, 367, 71])",,,,,,,,,,,,,,,,,,
112,autonomous systems,Computer Vision,10,2025-06-18T13:59:02.431771,,,,,,,,,,,,,,,,,,,,,,,,,,,,,,,,,,,,,,,,,,,75.0,1.913588047027588,cybersecurity,unknown,True,"Episode_75: 中間抽象度, 集約的 (dims: [106, 62, 379, 367, 71])",,,,,,,,,,,,
112,autonomous systems,Computer Vision,10,2025-06-18T13:59:02.431771,,,,,,,,,,,,,,,,,,,,,,,,,,,,,,,,,,,,,,,,,,,,,,,,,0.0,1.8768787384033203,medical diagnosis,unknown,True,"Episode_0: 中間抽象度, 集約的 (dims: [13, 282, 58, 91, 281])",,,,,,
112,autonomous systems,Computer Vision,10,2025-06-18T13:59:02.431771,,,,,,,,,,,,,,,,,,,,,,,,,,,,,,,,,,,,,,,,,,,,,,,,,,,,,,,10.0,1.8768787384033203,medical diagnosis,unknown,True,"Episode_10: 中間抽象度, 集約的 (dims: [13, 282, 58, 91, 281])"
113,natural language processing,Reinforcement Learning,10,2025-06-18T13:59:02.476262,0.0,1.9134697914123535,medical diagnosis,unknown,True,"Episode_0: 中間抽象度, 集約的 (dims: [13, 282, 58, 91, 281])",,,,,,,,,,,,,,,,,,,,,,,,,,,,,,,,,,,,,,,,,,,,,,,,,,,,,,
113,natural language processing,Reinforcement Learning,10,2025-06-18T13:59:02.476262,,,,,,,10.0,1.9134697914123535,medical diagnosis,unknown,True,"Episode_10: 中間抽象度, 集約的 (dims: [13, 282, 58, 91, 281])",,,,,,,,,,,,,,,,,,,,,,,,,,,,,,,,,,,,,,,,,,,,,,,,
113,natural language processing,Reinforcement Learning,10,2025-06-18T13:59:02.476262,,,,,,,,,,,,,20.0,1.9134697914123535,medical diagnosis,unknown,True,"Episode_20: 中間抽象度, 集約的 (dims: [13, 282, 58, 91, 281])",,,,,,,,,,,,,,,,,,,,,,,,,,,,,,,,,,,,,,,,,,
113,natural language processing,Reinforcement Learning,10,2025-06-18T13:59:02.476262,,,,,,,,,,,,,,,,,,,30.0,1.9134697914123535,medical diagnosis,unknown,True,"Episode_30: 中間抽象度, 集約的 (dims: [13, 282, 58, 91, 281])",,,,,,,,,,,,,,,,,,,,,,,,,,,,,,,,,,,,
113,natural language processing,Reinforcement Learning,10,2025-06-18T13:59:02.476262,,,,,,,,,,,,,,,,,,,,,,,,,40.0,1.9134697914123535,medical diagnosis,unknown,True,"Episode_40: 中間抽象度, 集約的 (dims: [13, 282, 58, 91, 281])",,,,,,,,,,,,,,,,,,,,,,,,,,,,,,
113,natural language processing,Reinforcement Learning,10,2025-06-18T13:59:02.476262,,,,,,,,,,,,,,,,,,,,,,,,,,,,,,,50.0,1.9134697914123535,medical diagnosis,unknown,True,"Episode_50: 中間抽象度, 集約的 (dims: [13, 282, 58, 91, 281])",,,,,,,,,,,,,,,,,,,,,,,,
113,natural language processing,Reinforcement Learning,10,2025-06-18T13:59:02.476262,,,,,,,,,,,,,,,,,,,,,,,,,,,,,,,,,,,,,60.0,1.9134697914123535,medical diagnosis,unknown,True,"Episode_60: 中間抽象度, 集約的 (dims: [13, 282, 58, 91, 281])",,,,,,,,,,,,,,,,,,
113,natural language processing,Reinforcement Learning,10,2025-06-18T13:59:02.476262,,,,,,,,,,,,,,,,,,,,,,,,,,,,,,,,,,,,,,,,,,,70.0,1.9134697914123535,medical diagnosis,unknown,True,"Episode_70: 中間抽象度, 集約的 (dims: [13, 282, 58, 91, 281])",,,,,,,,,,,,
113,natural language processing,Reinforcement Learning,10,2025-06-18T13:59:02.476262,,,,,,,,,,,,,,,,,,,,,,,,,,,,,,,,,,,,,,,,,,,,,,,,,80.0,1.9134697914123535,medical diagnosis,unknown,True,"Episode_80: 中間抽象度, 集約的 (dims: [13, 282, 58, 91, 281])",,,,,,
113,natural language processing,Reinforcement Learning,10,2025-06-18T13:59:02.476262,,,,,,,,,,,,,,,,,,,,,,,,,,,,,,,,,,,,,,,,,,,,,,,,,,,,,,,5.0,1.8832250833511353,cybersecurity,unknown,True,"Episode_5: 中間抽象度, 集約的 (dims: [106, 62, 379, 367, 71])"
114,computer vision,Graph Neural Networks,10,2025-06-18T13:59:02.519947,5.0,1.9527543783187866,cybersecurity,unknown,True,"Episode_5: 中間抽象度, 集約的 (dims: [106, 62, 379, 367, 71])",,,,,,,,,,,,,,,,,,,,,,,,,,,,,,,,,,,,,,,,,,,,,,,,,,,,,,
114,computer vision,Graph Neural Networks,10,2025-06-18T13:59:02.519947,,,,,,,15.0,1.9527543783187866,cybersecurity,unknown,True,"Episode_15: 中間抽象度, 集約的 (dims: [106, 62, 379, 367, 71])",,,,,,,,,,,,,,,,,,,,,,,,,,,,,,,,,,,,,,,,,,,,,,,,
114,computer vision,Graph Neural Networks,10,2025-06-18T13:59:02.519947,,,,,,,,,,,,,25.0,1.9527543783187866,cybersecurity,unknown,True,"Episode_25: 中間抽象度, 集約的 (dims: [106, 62, 379, 367, 71])",,,,,,,,,,,,,,,,,,,,,,,,,,,,,,,,,,,,,,,,,,
114,computer vision,Graph Neural Networks,10,2025-06-18T13:59:02.519947,,,,,,,,,,,,,,,,,,,35.0,1.9527543783187866,cybersecurity,unknown,True,"Episode_35: 中間抽象度, 集約的 (dims: [106, 62, 379, 367, 71])",,,,,,,,,,,,,,,,,,,,,,,,,,,,,,,,,,,,
114,computer vision,Graph Neural Networks,10,2025-06-18T13:59:02.519947,,,,,,,,,,,,,,,,,,,,,,,,,45.0,1.9527543783187866,cybersecurity,unknown,True,"Episode_45: 中間抽象度, 集約的 (dims: [106, 62, 379, 367, 71])",,,,,,,,,,,,,,,,,,,,,,,,,,,,,,
114,computer vision,Graph Neural Networks,10,2025-06-18T13:59:02.519947,,,,,,,,,,,,,,,,,,,,,,,,,,,,,,,55.0,1.9527543783187866,cybersecurity,unknown,True,"Episode_55: 中間抽象度, 集約的 (dims: [106, 62, 379, 367, 71])",,,,,,,,,,,,,,,,,,,,,,,,
114,computer vision,Graph Neural Networks,10,2025-06-18T13:59:02.519947,,,,,,,,,,,,,,,,,,,,,,,,,,,,,,,,,,,,,65.0,1.9527543783187866,cybersecurity,unknown,True,"Episode_65: 中間抽象度, 集約的 (dims: [106, 62, 379, 367, 71])",,,,,,,,,,,,,,,,,,
114,computer vision,Graph Neural Networks,10,2025-06-18T13:59:02.519947,,,,,,,,,,,,,,,,,,,,,,,,,,,,,,,,,,,,,,,,,,,75.0,1.9527543783187866,cybersecurity,unknown,True,"Episode_75: 中間抽象度, 集約的 (dims: [106, 62, 379, 367, 71])",,,,,,,,,,,,
114,computer vision,Graph Neural Networks,10,2025-06-18T13:59:02.519947,,,,,,,,,,,,,,,,,,,,,,,,,,,,,,,,,,,,,,,,,,,,,,,,,0.0,1.894721269607544,medical diagnosis,unknown,True,"Episode_0: 中間抽象度, 集約的 (dims: [13, 282, 58, 91, 281])",,,,,,
114,computer vision,Graph Neural Networks,10,2025-06-18T13:59:02.519947,,,,,,,,,,,,,,,,,,,,,,,,,,,,,,,,,,,,,,,,,,,,,,,,,,,,,,,10.0,1.894721269607544,medical diagnosis,unknown,True,"Episode_10: 中間抽象度, 集約的 (dims: [13, 282, 58, 91, 281])"
115,robotics,Federated Learning,10,2025-06-18T13:59:02.563554,0.0,1.8845016956329346,medical diagnosis,unknown,True,"Episode_0: 中間抽象度, 集約的 (dims: [13, 282, 58, 91, 281])",,,,,,,,,,,,,,,,,,,,,,,,,,,,,,,,,,,,,,,,,,,,,,,,,,,,,,
115,robotics,Federated Learning,10,2025-06-18T13:59:02.563554,,,,,,,10.0,1.8845016956329346,medical diagnosis,unknown,True,"Episode_10: 中間抽象度, 集約的 (dims: [13, 282, 58, 91, 281])",,,,,,,,,,,,,,,,,,,,,,,,,,,,,,,,,,,,,,,,,,,,,,,,
115,robotics,Federated Learning,10,2025-06-18T13:59:02.563554,,,,,,,,,,,,,20.0,1.8845016956329346,medical diagnosis,unknown,True,"Episode_20: 中間抽象度, 集約的 (dims: [13, 282, 58, 91, 281])",,,,,,,,,,,,,,,,,,,,,,,,,,,,,,,,,,,,,,,,,,
115,robotics,Federated Learning,10,2025-06-18T13:59:02.563554,,,,,,,,,,,,,,,,,,,30.0,1.8845016956329346,medical diagnosis,unknown,True,"Episode_30: 中間抽象度, 集約的 (dims: [13, 282, 58, 91, 281])",,,,,,,,,,,,,,,,,,,,,,,,,,,,,,,,,,,,
115,robotics,Federated Learning,10,2025-06-18T13:59:02.563554,,,,,,,,,,,,,,,,,,,,,,,,,40.0,1.8845016956329346,medical diagnosis,unknown,True,"Episode_40: 中間抽象度, 集約的 (dims: [13, 282, 58, 91, 281])",,,,,,,,,,,,,,,,,,,,,,,,,,,,,,
115,robotics,Federated Learning,10,2025-06-18T13:59:02.563554,,,,,,,,,,,,,,,,,,,,,,,,,,,,,,,50.0,1.8845016956329346,medical diagnosis,unknown,True,"Episode_50: 中間抽象度, 集約的 (dims: [13, 282, 58, 91, 281])",,,,,,,,,,,,,,,,,,,,,,,,
115,robotics,Federated Learning,10,2025-06-18T13:59:02.563554,,,,,,,,,,,,,,,,,,,,,,,,,,,,,,,,,,,,,60.0,1.8845016956329346,medical diagnosis,unknown,True,"Episode_60: 中間抽象度, 集約的 (dims: [13, 282, 58, 91, 281])",,,,,,,,,,,,,,,,,,
115,robotics,Federated Learning,10,2025-06-18T13:59:02.563554,,,,,,,,,,,,,,,,,,,,,,,,,,,,,,,,,,,,,,,,,,,70.0,1.8845016956329346,medical diagnosis,unknown,True,"Episode_70: 中間抽象度, 集約的 (dims: [13, 282, 58, 91, 281])",,,,,,,,,,,,
115,robotics,Federated Learning,10,2025-06-18T13:59:02.563554,,,,,,,,,,,,,,,,,,,,,,,,,,,,,,,,,,,,,,,,,,,,,,,,,80.0,1.8845016956329346,medical diagnosis,unknown,True,"Episode_80: 中間抽象度, 集約的 (dims: [13, 282, 58, 91, 281])",,,,,,
115,robotics,Federated Learning,10,2025-06-18T13:59:02.563554,,,,,,,,,,,,,,,,,,,,,,,,,,,,,,,,,,,,,,,,,,,,,,,,,,,,,,,5.0,1.8728573322296143,cybersecurity,unknown,True,"Episode_5: 中間抽象度, 集約的 (dims: [106, 62, 379, 367, 71])"
116,cybersecurity,Explainable AI,2,2025-06-18T13:59:02.608168,5.0,1.9190136194229126,cybersecurity,unknown,False,"Episode_5: 中間抽象度, 集約的 (dims: [106, 62, 379, 367, 71])",,,,,,,,,,,,,,,,,,,,,,,,,,,,,,,,,,,,,,,,,,,,,,,,,,,,,,
116,cybersecurity,Explainable AI,2,2025-06-18T13:59:02.608168,,,,,,,15.0,1.9190136194229126,cybersecurity,unknown,False,"Episode_15: 中間抽象度, 集約的 (dims: [106, 62, 379, 367, 71])",,,,,,,,,,,,,,,,,,,,,,,,,,,,,,,,,,,,,,,,,,,,,,,,
116,cybersecurity,Explainable AI,2,2025-06-18T13:59:02.608168,,,,,,,,,,,,,25.0,1.9190136194229126,cybersecurity,unknown,False,"Episode_25: 中間抽象度, 集約的 (dims: [106, 62, 379, 367, 71])",,,,,,,,,,,,,,,,,,,,,,,,,,,,,,,,,,,,,,,,,,
116,cybersecurity,Explainable AI,2,2025-06-18T13:59:02.608168,,,,,,,,,,,,,,,,,,,35.0,1.9190136194229126,cybersecurity,unknown,False,"Episode_35: 中間抽象度, 集約的 (dims: [106, 62, 379, 367, 71])",,,,,,,,,,,,,,,,,,,,,,,,,,,,,,,,,,,,
116,cybersecurity,Explainable AI,2,2025-06-18T13:59:02.608168,,,,,,,,,,,,,,,,,,,,,,,,,45.0,1.9190136194229126,cybersecurity,unknown,False,"Episode_45: 中間抽象度, 集約的 (dims: [106, 62, 379, 367, 71])",,,,,,,,,,,,,,,,,,,,,,,,,,,,,,
116,cybersecurity,Explainable AI,2,2025-06-18T13:59:02.608168,,,,,,,,,,,,,,,,,,,,,,,,,,,,,,,55.0,1.9190136194229126,cybersecurity,unknown,False,"Episode_55: 中間抽象度, 集約的 (dims: [106, 62, 379, 367, 71])",,,,,,,,,,,,,,,,,,,,,,,,
116,cybersecurity,Explainable AI,2,2025-06-18T13:59:02.608168,,,,,,,,,,,,,,,,,,,,,,,,,,,,,,,,,,,,,65.0,1.9190136194229126,cybersecurity,unknown,False,"Episode_65: 中間抽象度, 集約的 (dims: [106, 62, 379, 367, 71])",,,,,,,,,,,,,,,,,,
116,cybersecurity,Explainable AI,2,2025-06-18T13:59:02.608168,,,,,,,,,,,,,,,,,,,,,,,,,,,,,,,,,,,,,,,,,,,75.0,1.9190136194229126,cybersecurity,unknown,False,"Episode_75: 中間抽象度, 集約的 (dims: [106, 62, 379, 367, 71])",,,,,,,,,,,,
116,cybersecurity,Explainable AI,2,2025-06-18T13:59:02.608168,,,,,,,,,,,,,,,,,,,,,,,,,,,,,,,,,,,,,,,,,,,,,,,,,0.0,1.911033272743225,medical diagnosis,unknown,True,"Episode_0: 中間抽象度, 集約的 (dims: [13, 282, 58, 91, 281])",,,,,,
116,cybersecurity,Explainable AI,2,2025-06-18T13:59:02.608168,,,,,,,,,,,,,,,,,,,,,,,,,,,,,,,,,,,,,,,,,,,,,,,,,,,,,,,10.0,1.911033272743225,medical diagnosis,unknown,True,"Episode_10: 中間抽象度, 集約的 (dims: [13, 282, 58, 91, 281])"
117,climate modeling,Multimodal Learning,10,2025-06-18T13:59:02.652741,0.0,1.943310022354126,medical diagnosis,unknown,True,"Episode_0: 中間抽象度, 集約的 (dims: [13, 282, 58, 91, 281])",,,,,,,,,,,,,,,,,,,,,,,,,,,,,,,,,,,,,,,,,,,,,,,,,,,,,,
117,climate modeling,Multimodal Learning,10,2025-06-18T13:59:02.652741,,,,,,,10.0,1.943310022354126,medical diagnosis,unknown,True,"Episode_10: 中間抽象度, 集約的 (dims: [13, 282, 58, 91, 281])",,,,,,,,,,,,,,,,,,,,,,,,,,,,,,,,,,,,,,,,,,,,,,,,
117,climate modeling,Multimodal Learning,10,2025-06-18T13:59:02.652741,,,,,,,,,,,,,20.0,1.943310022354126,medical diagnosis,unknown,True,"Episode_20: 中間抽象度, 集約的 (dims: [13, 282, 58, 91, 281])",,,,,,,,,,,,,,,,,,,,,,,,,,,,,,,,,,,,,,,,,,
117,climate modeling,Multimodal Learning,10,2025-06-18T13:59:02.652741,,,,,,,,,,,,,,,,,,,30.0,1.943310022354126,medical diagnosis,unknown,True,"Episode_30: 中間抽象度, 集約的 (dims: [13, 282, 58, 91, 281])",,,,,,,,,,,,,,,,,,,,,,,,,,,,,,,,,,,,
117,climate modeling,Multimodal Learning,10,2025-06-18T13:59:02.652741,,,,,,,,,,,,,,,,,,,,,,,,,40.0,1.943310022354126,medical diagnosis,unknown,True,"Episode_40: 中間抽象度, 集約的 (dims: [13, 282, 58, 91, 281])",,,,,,,,,,,,,,,,,,,,,,,,,,,,,,
117,climate modeling,Multimodal Learning,10,2025-06-18T13:59:02.652741,,,,,,,,,,,,,,,,,,,,,,,,,,,,,,,50.0,1.943310022354126,medical diagnosis,unknown,True,"Episode_50: 中間抽象度, 集約的 (dims: [13, 282, 58, 91, 281])",,,,,,,,,,,,,,,,,,,,,,,,
117,climate modeling,Multimodal Learning,10,2025-06-18T13:59:02.652741,,,,,,,,,,,,,,,,,,,,,,,,,,,,,,,,,,,,,60.0,1.943310022354126,medical diagnosis,unknown,True,"Episode_60: 中間抽象度, 集約的 (dims: [13, 282, 58, 91, 281])",,,,,,,,,,,,,,,,,,
117,climate modeling,Multimodal Learning,10,2025-06-18T13:59:02.652741,,,,,,,,,,,,,,,,,,,,,,,,,,,,,,,,,,,,,,,,,,,70.0,1.943310022354126,medical diagnosis,unknown,True,"Episode_70: 中間抽象度, 集約的 (dims: [13, 282, 58, 91, 281])",,,,,,,,,,,,
117,climate modeling,Multimodal Learning,10,2025-06-18T13:59:02.652741,,,,,,,,,,,,,,,,,,,,,,,,,,,,,,,,,,,,,,,,,,,,,,,,,5.0,1.9013603925704956,cybersecurity,unknown,True,"Episode_5: 中間抽象度, 集約的 (dims: [106, 62, 379, 367, 71])",,,,,,
117,climate modeling,Multimodal Learning,10,2025-06-18T13:59:02.652741,,,,,,,,,,,,,,,,,,,,,,,,,,,,,,,,,,,,,,,,,,,,,,,,,,,,,,,15.0,1.9013603925704956,cybersecurity,unknown,True,"Episode_15: 中間抽象度, 集約的 (dims: [106, 62, 379, 367, 71])"
118,drug discovery,Few-shot Learning,10,2025-06-18T13:59:02.698913,5.0,1.9423749446868896,cybersecurity,unknown,True,"Episode_5: 中間抽象度, 集約的 (dims: [106, 62, 379, 367, 71])",,,,,,,,,,,,,,,,,,,,,,,,,,,,,,,,,,,,,,,,,,,,,,,,,,,,,,
118,drug discovery,Few-shot Learning,10,2025-06-18T13:59:02.698913,,,,,,,15.0,1.9423749446868896,cybersecurity,unknown,True,"Episode_15: 中間抽象度, 集約的 (dims: [106, 62, 379, 367, 71])",,,,,,,,,,,,,,,,,,,,,,,,,,,,,,,,,,,,,,,,,,,,,,,,
118,drug discovery,Few-shot Learning,10,2025-06-18T13:59:02.698913,,,,,,,,,,,,,25.0,1.9423749446868896,cybersecurity,unknown,True,"Episode_25: 中間抽象度, 集約的 (dims: [106, 62, 379, 367, 71])",,,,,,,,,,,,,,,,,,,,,,,,,,,,,,,,,,,,,,,,,,
118,drug discovery,Few-shot Learning,10,2025-06-18T13:59:02.698913,,,,,,,,,,,,,,,,,,,35.0,1.9423749446868896,cybersecurity,unknown,True,"Episode_35: 中間抽象度, 集約的 (dims: [106, 62, 379, 367, 71])",,,,,,,,,,,,,,,,,,,,,,,,,,,,,,,,,,,,
118,drug discovery,Few-shot Learning,10,2025-06-18T13:59:02.698913,,,,,,,,,,,,,,,,,,,,,,,,,45.0,1.9423749446868896,cybersecurity,unknown,True,"Episode_45: 中間抽象度, 集約的 (dims: [106, 62, 379, 367, 71])",,,,,,,,,,,,,,,,,,,,,,,,,,,,,,
118,drug discovery,Few-shot Learning,10,2025-06-18T13:59:02.698913,,,,,,,,,,,,,,,,,,,,,,,,,,,,,,,55.0,1.9423749446868896,cybersecurity,unknown,True,"Episode_55: 中間抽象度, 集約的 (dims: [106, 62, 379, 367, 71])",,,,,,,,,,,,,,,,,,,,,,,,
118,drug discovery,Few-shot Learning,10,2025-06-18T13:59:02.698913,,,,,,,,,,,,,,,,,,,,,,,,,,,,,,,,,,,,,65.0,1.9423749446868896,cybersecurity,unknown,True,"Episode_65: 中間抽象度, 集約的 (dims: [106, 62, 379, 367, 71])",,,,,,,,,,,,,,,,,,
118,drug discovery,Few-shot Learning,10,2025-06-18T13:59:02.698913,,,,,,,,,,,,,,,,,,,,,,,,,,,,,,,,,,,,,,,,,,,75.0,1.9423749446868896,cybersecurity,unknown,True,"Episode_75: 中間抽象度, 集約的 (dims: [106, 62, 379, 367, 71])",,,,,,,,,,,,
118,drug discovery,Few-shot Learning,10,2025-06-18T13:59:02.698913,,,,,,,,,,,,,,,,,,,,,,,,,,,,,,,,,,,,,,,,,,,,,,,,,0.0,1.9221811294555664,medical diagnosis,unknown,True,"Episode_0: 中間抽象度, 集約的 (dims: [13, 282, 58, 91, 281])",,,,,,
118,drug discovery,Few-shot Learning,10,2025-06-18T13:59:02.698913,,,,,,,,,,,,,,,,,,,,,,,,,,,,,,,,,,,,,,,,,,,,,,,,,,,,,,,10.0,1.9221811294555664,medical diagnosis,unknown,True,"Episode_10: 中間抽象度, 集約的 (dims: [13, 282, 58, 91, 281])"
119,financial prediction,Transfer Learning,10,2025-06-18T13:59:02.742823,5.0,1.927770733833313,cybersecurity,unknown,True,"Episode_5: 中間抽象度, 集約的 (dims: [106, 62, 379, 367, 71])",,,,,,,,,,,,,,,,,,,,,,,,,,,,,,,,,,,,,,,,,,,,,,,,,,,,,,
119,financial prediction,Transfer Learning,10,2025-06-18T13:59:02.742823,,,,,,,15.0,1.927770733833313,cybersecurity,unknown,True,"Episode_15: 中間抽象度, 集約的 (dims: [106, 62, 379, 367, 71])",,,,,,,,,,,,,,,,,,,,,,,,,,,,,,,,,,,,,,,,,,,,,,,,
119,financial prediction,Transfer Learning,10,2025-06-18T13:59:02.742823,,,,,,,,,,,,,25.0,1.927770733833313,cybersecurity,unknown,True,"Episode_25: 中間抽象度, 集約的 (dims: [106, 62, 379, 367, 71])",,,,,,,,,,,,,,,,,,,,,,,,,,,,,,,,,,,,,,,,,,
119,financial prediction,Transfer Learning,10,2025-06-18T13:59:02.742823,,,,,,,,,,,,,,,,,,,35.0,1.927770733833313,cybersecurity,unknown,True,"Episode_35: 中間抽象度, 集約的 (dims: [106, 62, 379, 367, 71])",,,,,,,,,,,,,,,,,,,,,,,,,,,,,,,,,,,,
119,financial prediction,Transfer Learning,10,2025-06-18T13:59:02.742823,,,,,,,,,,,,,,,,,,,,,,,,,45.0,1.927770733833313,cybersecurity,unknown,True,"Episode_45: 中間抽象度, 集約的 (dims: [106, 62, 379, 367, 71])",,,,,,,,,,,,,,,,,,,,,,,,,,,,,,
119,financial prediction,Transfer Learning,10,2025-06-18T13:59:02.742823,,,,,,,,,,,,,,,,,,,,,,,,,,,,,,,55.0,1.927770733833313,cybersecurity,unknown,True,"Episode_55: 中間抽象度, 集約的 (dims: [106, 62, 379, 367, 71])",,,,,,,,,,,,,,,,,,,,,,,,
119,financial prediction,Transfer Learning,10,2025-06-18T13:59:02.742823,,,,,,,,,,,,,,,,,,,,,,,,,,,,,,,,,,,,,65.0,1.927770733833313,cybersecurity,unknown,True,"Episode_65: 中間抽象度, 集約的 (dims: [106, 62, 379, 367, 71])",,,,,,,,,,,,,,,,,,
119,financial prediction,Transfer Learning,10,2025-06-18T13:59:02.742823,,,,,,,,,,,,,,,,,,,,,,,,,,,,,,,,,,,,,,,,,,,75.0,1.927770733833313,cybersecurity,unknown,True,"Episode_75: 中間抽象度, 集約的 (dims: [106, 62, 379, 367, 71])",,,,,,,,,,,,
119,financial prediction,Transfer Learning,10,2025-06-18T13:59:02.742823,,,,,,,,,,,,,,,,,,,,,,,,,,,,,,,,,,,,,,,,,,,,,,,,,0.0,1.9256962537765503,medical diagnosis,unknown,True,"Episode_0: 中間抽象度, 集約的 (dims: [13, 282, 58, 91, 281])",,,,,,
119,financial prediction,Transfer Learning,10,2025-06-18T13:59:02.742823,,,,,,,,,,,,,,,,,,,,,,,,,,,,,,,,,,,,,,,,,,,,,,,,,,,,,,,10.0,1.9256962537765503,medical diagnosis,unknown,True,"Episode_10: 中間抽象度, 集約的 (dims: [13, 282, 58, 91, 281])"
120,educational technology,Adversarial Machine Learning,10,2025-06-18T13:59:02.787373,5.0,1.932023525238037,cybersecurity,unknown,True,"Episode_5: 中間抽象度, 集約的 (dims: [106, 62, 379, 367, 71])",,,,,,,,,,,,,,,,,,,,,,,,,,,,,,,,,,,,,,,,,,,,,,,,,,,,,,
120,educational technology,Adversarial Machine Learning,10,2025-06-18T13:59:02.787373,,,,,,,15.0,1.932023525238037,cybersecurity,unknown,True,"Episode_15: 中間抽象度, 集約的 (dims: [106, 62, 379, 367, 71])",,,,,,,,,,,,,,,,,,,,,,,,,,,,,,,,,,,,,,,,,,,,,,,,
120,educational technology,Adversarial Machine Learning,10,2025-06-18T13:59:02.787373,,,,,,,,,,,,,25.0,1.932023525238037,cybersecurity,unknown,True,"Episode_25: 中間抽象度, 集約的 (dims: [106, 62, 379, 367, 71])",,,,,,,,,,,,,,,,,,,,,,,,,,,,,,,,,,,,,,,,,,
120,educational technology,Adversarial Machine Learning,10,2025-06-18T13:59:02.787373,,,,,,,,,,,,,,,,,,,35.0,1.932023525238037,cybersecurity,unknown,True,"Episode_35: 中間抽象度, 集約的 (dims: [106, 62, 379, 367, 71])",,,,,,,,,,,,,,,,,,,,,,,,,,,,,,,,,,,,
120,educational technology,Adversarial Machine Learning,10,2025-06-18T13:59:02.787373,,,,,,,,,,,,,,,,,,,,,,,,,45.0,1.932023525238037,cybersecurity,unknown,True,"Episode_45: 中間抽象度, 集約的 (dims: [106, 62, 379, 367, 71])",,,,,,,,,,,,,,,,,,,,,,,,,,,,,,
120,educational technology,Adversarial Machine Learning,10,2025-06-18T13:59:02.787373,,,,,,,,,,,,,,,,,,,,,,,,,,,,,,,55.0,1.932023525238037,cybersecurity,unknown,True,"Episode_55: 中間抽象度, 集約的 (dims: [106, 62, 379, 367, 71])",,,,,,,,,,,,,,,,,,,,,,,,
120,educational technology,Adversarial Machine Learning,10,2025-06-18T13:59:02.787373,,,,,,,,,,,,,,,,,,,,,,,,,,,,,,,,,,,,,65.0,1.932023525238037,cybersecurity,unknown,True,"Episode_65: 中間抽象度, 集約的 (dims: [106, 62, 379, 367, 71])",,,,,,,,,,,,,,,,,,
120,educational technology,Adversarial Machine Learning,10,2025-06-18T13:59:02.787373,,,,,,,,,,,,,,,,,,,,,,,,,,,,,,,,,,,,,,,,,,,75.0,1.932023525238037,cybersecurity,unknown,True,"Episode_75: 中間抽象度, 集約的 (dims: [106, 62, 379, 367, 71])",,,,,,,,,,,,
120,educational technology,Adversarial Machine Learning,10,2025-06-18T13:59:02.787373,,,,,,,,,,,,,,,,,,,,,,,,,,,,,,,,,,,,,,,,,,,,,,,,,0.0,1.928670048713684,medical diagnosis,unknown,True,"Episode_0: 中間抽象度, 集約的 (dims: [13, 282, 58, 91, 281])",,,,,,
120,educational technology,Adversarial Machine Learning,10,2025-06-18T13:59:02.787373,,,,,,,,,,,,,,,,,,,,,,,,,,,,,,,,,,,,,,,,,,,,,,,,,,,,,,,10.0,1.928670048713684,medical diagnosis,unknown,True,"Episode_10: 中間抽象度, 集約的 (dims: [13, 282, 58, 91, 281])"
121,medical diagnosis,Large Language Models,8,2025-06-18T13:59:02.833088,5.0,1.893110990524292,cybersecurity,unknown,True,"Episode_5: 中間抽象度, 集約的 (dims: [106, 62, 379, 367, 71])",,,,,,,,,,,,,,,,,,,,,,,,,,,,,,,,,,,,,,,,,,,,,,,,,,,,,,
121,medical diagnosis,Large Language Models,8,2025-06-18T13:59:02.833088,,,,,,,15.0,1.893110990524292,cybersecurity,unknown,True,"Episode_15: 中間抽象度, 集約的 (dims: [106, 62, 379, 367, 71])",,,,,,,,,,,,,,,,,,,,,,,,,,,,,,,,,,,,,,,,,,,,,,,,
121,medical diagnosis,Large Language Models,8,2025-06-18T13:59:02.833088,,,,,,,,,,,,,25.0,1.893110990524292,cybersecurity,unknown,True,"Episode_25: 中間抽象度, 集約的 (dims: [106, 62, 379, 367, 71])",,,,,,,,,,,,,,,,,,,,,,,,,,,,,,,,,,,,,,,,,,
121,medical diagnosis,Large Language Models,8,2025-06-18T13:59:02.833088,,,,,,,,,,,,,,,,,,,35.0,1.893110990524292,cybersecurity,unknown,True,"Episode_35: 中間抽象度, 集約的 (dims: [106, 62, 379, 367, 71])",,,,,,,,,,,,,,,,,,,,,,,,,,,,,,,,,,,,
121,medical diagnosis,Large Language Models,8,2025-06-18T13:59:02.833088,,,,,,,,,,,,,,,,,,,,,,,,,45.0,1.893110990524292,cybersecurity,unknown,True,"Episode_45: 中間抽象度, 集約的 (dims: [106, 62, 379, 367, 71])",,,,,,,,,,,,,,,,,,,,,,,,,,,,,,
121,medical diagnosis,Large Language Models,8,2025-06-18T13:59:02.833088,,,,,,,,,,,,,,,,,,,,,,,,,,,,,,,55.0,1.893110990524292,cybersecurity,unknown,True,"Episode_55: 中間抽象度, 集約的 (dims: [106, 62, 379, 367, 71])",,,,,,,,,,,,,,,,,,,,,,,,
121,medical diagnosis,Large Language Models,8,2025-06-18T13:59:02.833088,,,,,,,,,,,,,,,,,,,,,,,,,,,,,,,,,,,,,65.0,1.893110990524292,cybersecurity,unknown,True,"Episode_65: 中間抽象度, 集約的 (dims: [106, 62, 379, 367, 71])",,,,,,,,,,,,,,,,,,
121,medical diagnosis,Large Language Models,8,2025-06-18T13:59:02.833088,,,,,,,,,,,,,,,,,,,,,,,,,,,,,,,,,,,,,,,,,,,75.0,1.893110990524292,cybersecurity,unknown,True,"Episode_75: 中間抽象度, 集約的 (dims: [106, 62, 379, 367, 71])",,,,,,,,,,,,
121,medical diagnosis,Large Language Models,8,2025-06-18T13:59:02.833088,,,,,,,,,,,,,,,,,,,,,,,,,,,,,,,,,,,,,,,,,,,,,,,,,0.0,1.8874430656433105,medical diagnosis,unknown,False,"Episode_0: 中間抽象度, 集約的 (dims: [13, 282, 58, 91, 281])",,,,,,
121,medical diagnosis,Large Language Models,8,2025-06-18T13:59:02.833088,,,,,,,,,,,,,,,,,,,,,,,,,,,,,,,,,,,,,,,,,,,,,,,,,,,,,,,10.0,1.8874430656433105,medical diagnosis,unknown,False,"Episode_10: 中間抽象度, 集約的 (dims: [13, 282, 58, 91, 281])"
122,autonomous systems,Computer Vision,10,2025-06-18T13:59:02.876219,5.0,1.913588047027588,cybersecurity,unknown,True,"Episode_5: 中間抽象度, 集約的 (dims: [106, 62, 379, 367, 71])",,,,,,,,,,,,,,,,,,,,,,,,,,,,,,,,,,,,,,,,,,,,,,,,,,,,,,
122,autonomous systems,Computer Vision,10,2025-06-18T13:59:02.876219,,,,,,,15.0,1.913588047027588,cybersecurity,unknown,True,"Episode_15: 中間抽象度, 集約的 (dims: [106, 62, 379, 367, 71])",,,,,,,,,,,,,,,,,,,,,,,,,,,,,,,,,,,,,,,,,,,,,,,,
122,autonomous systems,Computer Vision,10,2025-06-18T13:59:02.876219,,,,,,,,,,,,,25.0,1.913588047027588,cybersecurity,unknown,True,"Episode_25: 中間抽象度, 集約的 (dims: [106, 62, 379, 367, 71])",,,,,,,,,,,,,,,,,,,,,,,,,,,,,,,,,,,,,,,,,,
122,autonomous systems,Computer Vision,10,2025-06-18T13:59:02.876219,,,,,,,,,,,,,,,,,,,35.0,1.913588047027588,cybersecurity,unknown,True,"Episode_35: 中間抽象度, 集約的 (dims: [106, 62, 379, 367, 71])",,,,,,,,,,,,,,,,,,,,,,,,,,,,,,,,,,,,
122,autonomous systems,Computer Vision,10,2025-06-18T13:59:02.876219,,,,,,,,,,,,,,,,,,,,,,,,,45.0,1.913588047027588,cybersecurity,unknown,True,"Episode_45: 中間抽象度, 集約的 (dims: [106, 62, 379, 367, 71])",,,,,,,,,,,,,,,,,,,,,,,,,,,,,,
122,autonomous systems,Computer Vision,10,2025-06-18T13:59:02.876219,,,,,,,,,,,,,,,,,,,,,,,,,,,,,,,55.0,1.913588047027588,cybersecurity,unknown,True,"Episode_55: 中間抽象度, 集約的 (dims: [106, 62, 379, 367, 71])",,,,,,,,,,,,,,,,,,,,,,,,
122,autonomous systems,Computer Vision,10,2025-06-18T13:59:02.876219,,,,,,,,,,,,,,,,,,,,,,,,,,,,,,,,,,,,,65.0,1.913588047027588,cybersecurity,unknown,True,"Episode_65: 中間抽象度, 集約的 (dims: [106, 62, 379, 367, 71])",,,,,,,,,,,,,,,,,,
122,autonomous systems,Computer Vision,10,2025-06-18T13:59:02.876219,,,,,,,,,,,,,,,,,,,,,,,,,,,,,,,,,,,,,,,,,,,0.0,1.8768787384033203,medical diagnosis,unknown,True,"Episode_0: 中間抽象度, 集約的 (dims: [13, 282, 58, 91, 281])",,,,,,,,,,,,
122,autonomous systems,Computer Vision,10,2025-06-18T13:59:02.876219,,,,,,,,,,,,,,,,,,,,,,,,,,,,,,,,,,,,,,,,,,,,,,,,,10.0,1.8768787384033203,medical diagnosis,unknown,True,"Episode_10: 中間抽象度, 集約的 (dims: [13, 282, 58, 91, 281])",,,,,,
122,autonomous systems,Computer Vision,10,2025-06-18T13:59:02.876219,,,,,,,,,,,,,,,,,,,,,,,,,,,,,,,,,,,,,,,,,,,,,,,,,,,,,,,20.0,1.8768787384033203,medical diagnosis,unknown,True,"Episode_20: 中間抽象度, 集約的 (dims: [13, 282, 58, 91, 281])"
123,natural language processing,Reinforcement Learning,10,2025-06-18T13:59:02.920278,0.0,1.9134697914123535,medical diagnosis,unknown,True,"Episode_0: 中間抽象度, 集約的 (dims: [13, 282, 58, 91, 281])",,,,,,,,,,,,,,,,,,,,,,,,,,,,,,,,,,,,,,,,,,,,,,,,,,,,,,
123,natural language processing,Reinforcement Learning,10,2025-06-18T13:59:02.920278,,,,,,,10.0,1.9134697914123535,medical diagnosis,unknown,True,"Episode_10: 中間抽象度, 集約的 (dims: [13, 282, 58, 91, 281])",,,,,,,,,,,,,,,,,,,,,,,,,,,,,,,,,,,,,,,,,,,,,,,,
123,natural language processing,Reinforcement Learning,10,2025-06-18T13:59:02.920278,,,,,,,,,,,,,20.0,1.9134697914123535,medical diagnosis,unknown,True,"Episode_20: 中間抽象度, 集約的 (dims: [13, 282, 58, 91, 281])",,,,,,,,,,,,,,,,,,,,,,,,,,,,,,,,,,,,,,,,,,
123,natural language processing,Reinforcement Learning,10,2025-06-18T13:59:02.920278,,,,,,,,,,,,,,,,,,,30.0,1.9134697914123535,medical diagnosis,unknown,True,"Episode_30: 中間抽象度, 集約的 (dims: [13, 282, 58, 91, 281])",,,,,,,,,,,,,,,,,,,,,,,,,,,,,,,,,,,,
123,natural language processing,Reinforcement Learning,10,2025-06-18T13:59:02.920278,,,,,,,,,,,,,,,,,,,,,,,,,40.0,1.9134697914123535,medical diagnosis,unknown,True,"Episode_40: 中間抽象度, 集約的 (dims: [13, 282, 58, 91, 281])",,,,,,,,,,,,,,,,,,,,,,,,,,,,,,
123,natural language processing,Reinforcement Learning,10,2025-06-18T13:59:02.920278,,,,,,,,,,,,,,,,,,,,,,,,,,,,,,,50.0,1.9134697914123535,medical diagnosis,unknown,True,"Episode_50: 中間抽象度, 集約的 (dims: [13, 282, 58, 91, 281])",,,,,,,,,,,,,,,,,,,,,,,,
123,natural language processing,Reinforcement Learning,10,2025-06-18T13:59:02.920278,,,,,,,,,,,,,,,,,,,,,,,,,,,,,,,,,,,,,60.0,1.9134697914123535,medical diagnosis,unknown,True,"Episode_60: 中間抽象度, 集約的 (dims: [13, 282, 58, 91, 281])",,,,,,,,,,,,,,,,,,
123,natural language processing,Reinforcement Learning,10,2025-06-18T13:59:02.920278,,,,,,,,,,,,,,,,,,,,,,,,,,,,,,,,,,,,,,,,,,,70.0,1.9134697914123535,medical diagnosis,unknown,True,"Episode_70: 中間抽象度, 集約的 (dims: [13, 282, 58, 91, 281])",,,,,,,,,,,,
123,natural language processing,Reinforcement Learning,10,2025-06-18T13:59:02.920278,,,,,,,,,,,,,,,,,,,,,,,,,,,,,,,,,,,,,,,,,,,,,,,,,5.0,1.8832250833511353,cybersecurity,unknown,True,"Episode_5: 中間抽象度, 集約的 (dims: [106, 62, 379, 367, 71])",,,,,,
123,natural language processing,Reinforcement Learning,10,2025-06-18T13:59:02.920278,,,,,,,,,,,,,,,,,,,,,,,,,,,,,,,,,,,,,,,,,,,,,,,,,,,,,,,15.0,1.8832250833511353,cybersecurity,unknown,True,"Episode_15: 中間抽象度, 集約的 (dims: [106, 62, 379, 367, 71])"
124,computer vision,Graph Neural Networks,10,2025-06-18T13:59:02.965590,5.0,1.9527543783187866,cybersecurity,unknown,True,"Episode_5: 中間抽象度, 集約的 (dims: [106, 62, 379, 367, 71])",,,,,,,,,,,,,,,,,,,,,,,,,,,,,,,,,,,,,,,,,,,,,,,,,,,,,,
124,computer vision,Graph Neural Networks,10,2025-06-18T13:59:02.965590,,,,,,,15.0,1.9527543783187866,cybersecurity,unknown,True,"Episode_15: 中間抽象度, 集約的 (dims: [106, 62, 379, 367, 71])",,,,,,,,,,,,,,,,,,,,,,,,,,,,,,,,,,,,,,,,,,,,,,,,
124,computer vision,Graph Neural Networks,10,2025-06-18T13:59:02.965590,,,,,,,,,,,,,25.0,1.9527543783187866,cybersecurity,unknown,True,"Episode_25: 中間抽象度, 集約的 (dims: [106, 62, 379, 367, 71])",,,,,,,,,,,,,,,,,,,,,,,,,,,,,,,,,,,,,,,,,,
124,computer vision,Graph Neural Networks,10,2025-06-18T13:59:02.965590,,,,,,,,,,,,,,,,,,,35.0,1.9527543783187866,cybersecurity,unknown,True,"Episode_35: 中間抽象度, 集約的 (dims: [106, 62, 379, 367, 71])",,,,,,,,,,,,,,,,,,,,,,,,,,,,,,,,,,,,
124,computer vision,Graph Neural Networks,10,2025-06-18T13:59:02.965590,,,,,,,,,,,,,,,,,,,,,,,,,45.0,1.9527543783187866,cybersecurity,unknown,True,"Episode_45: 中間抽象度, 集約的 (dims: [106, 62, 379, 367, 71])",,,,,,,,,,,,,,,,,,,,,,,,,,,,,,
124,computer vision,Graph Neural Networks,10,2025-06-18T13:59:02.965590,,,,,,,,,,,,,,,,,,,,,,,,,,,,,,,55.0,1.9527543783187866,cybersecurity,unknown,True,"Episode_55: 中間抽象度, 集約的 (dims: [106, 62, 379, 367, 71])",,,,,,,,,,,,,,,,,,,,,,,,
124,computer vision,Graph Neural Networks,10,2025-06-18T13:59:02.965590,,,,,,,,,,,,,,,,,,,,,,,,,,,,,,,,,,,,,65.0,1.9527543783187866,cybersecurity,unknown,True,"Episode_65: 中間抽象度, 集約的 (dims: [106, 62, 379, 367, 71])",,,,,,,,,,,,,,,,,,
124,computer vision,Graph Neural Networks,10,2025-06-18T13:59:02.965590,,,,,,,,,,,,,,,,,,,,,,,,,,,,,,,,,,,,,,,,,,,0.0,1.894721269607544,medical diagnosis,unknown,True,"Episode_0: 中間抽象度, 集約的 (dims: [13, 282, 58, 91, 281])",,,,,,,,,,,,
124,computer vision,Graph Neural Networks,10,2025-06-18T13:59:02.965590,,,,,,,,,,,,,,,,,,,,,,,,,,,,,,,,,,,,,,,,,,,,,,,,,10.0,1.894721269607544,medical diagnosis,unknown,True,"Episode_10: 中間抽象度, 集約的 (dims: [13, 282, 58, 91, 281])",,,,,,
124,computer vision,Graph Neural Networks,10,2025-06-18T13:59:02.965590,,,,,,,,,,,,,,,,,,,,,,,,,,,,,,,,,,,,,,,,,,,,,,,,,,,,,,,20.0,1.894721269607544,medical diagnosis,unknown,True,"Episode_20: 中間抽象度, 集約的 (dims: [13, 282, 58, 91, 281])"
125,robotics,Federated Learning,10,2025-06-18T13:59:03.012365,0.0,1.8845016956329346,medical diagnosis,unknown,True,"Episode_0: 中間抽象度, 集約的 (dims: [13, 282, 58, 91, 281])",,,,,,,,,,,,,,,,,,,,,,,,,,,,,,,,,,,,,,,,,,,,,,,,,,,,,,
125,robotics,Federated Learning,10,2025-06-18T13:59:03.012365,,,,,,,10.0,1.8845016956329346,medical diagnosis,unknown,True,"Episode_10: 中間抽象度, 集約的 (dims: [13, 282, 58, 91, 281])",,,,,,,,,,,,,,,,,,,,,,,,,,,,,,,,,,,,,,,,,,,,,,,,
125,robotics,Federated Learning,10,2025-06-18T13:59:03.012365,,,,,,,,,,,,,20.0,1.8845016956329346,medical diagnosis,unknown,True,"Episode_20: 中間抽象度, 集約的 (dims: [13, 282, 58, 91, 281])",,,,,,,,,,,,,,,,,,,,,,,,,,,,,,,,,,,,,,,,,,
125,robotics,Federated Learning,10,2025-06-18T13:59:03.012365,,,,,,,,,,,,,,,,,,,30.0,1.8845016956329346,medical diagnosis,unknown,True,"Episode_30: 中間抽象度, 集約的 (dims: [13, 282, 58, 91, 281])",,,,,,,,,,,,,,,,,,,,,,,,,,,,,,,,,,,,
125,robotics,Federated Learning,10,2025-06-18T13:59:03.012365,,,,,,,,,,,,,,,,,,,,,,,,,40.0,1.8845016956329346,medical diagnosis,unknown,True,"Episode_40: 中間抽象度, 集約的 (dims: [13, 282, 58, 91, 281])",,,,,,,,,,,,,,,,,,,,,,,,,,,,,,
125,robotics,Federated Learning,10,2025-06-18T13:59:03.012365,,,,,,,,,,,,,,,,,,,,,,,,,,,,,,,50.0,1.8845016956329346,medical diagnosis,unknown,True,"Episode_50: 中間抽象度, 集約的 (dims: [13, 282, 58, 91, 281])",,,,,,,,,,,,,,,,,,,,,,,,
125,robotics,Federated Learning,10,2025-06-18T13:59:03.012365,,,,,,,,,,,,,,,,,,,,,,,,,,,,,,,,,,,,,60.0,1.8845016956329346,medical diagnosis,unknown,True,"Episode_60: 中間抽象度, 集約的 (dims: [13, 282, 58, 91, 281])",,,,,,,,,,,,,,,,,,
125,robotics,Federated Learning,10,2025-06-18T13:59:03.012365,,,,,,,,,,,,,,,,,,,,,,,,,,,,,,,,,,,,,,,,,,,70.0,1.8845016956329346,medical diagnosis,unknown,True,"Episode_70: 中間抽象度, 集約的 (dims: [13, 282, 58, 91, 281])",,,,,,,,,,,,
125,robotics,Federated Learning,10,2025-06-18T13:59:03.012365,,,,,,,,,,,,,,,,,,,,,,,,,,,,,,,,,,,,,,,,,,,,,,,,,5.0,1.8728573322296143,cybersecurity,unknown,True,"Episode_5: 中間抽象度, 集約的 (dims: [106, 62, 379, 367, 71])",,,,,,
125,robotics,Federated Learning,10,2025-06-18T13:59:03.012365,,,,,,,,,,,,,,,,,,,,,,,,,,,,,,,,,,,,,,,,,,,,,,,,,,,,,,,15.0,1.8728573322296143,cybersecurity,unknown,True,"Episode_15: 中間抽象度, 集約的 (dims: [106, 62, 379, 367, 71])"
126,cybersecurity,Explainable AI,3,2025-06-18T13:59:03.058859,5.0,1.9190136194229126,cybersecurity,unknown,False,"Episode_5: 中間抽象度, 集約的 (dims: [106, 62, 379, 367, 71])",,,,,,,,,,,,,,,,,,,,,,,,,,,,,,,,,,,,,,,,,,,,,,,,,,,,,,
126,cybersecurity,Explainable AI,3,2025-06-18T13:59:03.058859,,,,,,,15.0,1.9190136194229126,cybersecurity,unknown,False,"Episode_15: 中間抽象度, 集約的 (dims: [106, 62, 379, 367, 71])",,,,,,,,,,,,,,,,,,,,,,,,,,,,,,,,,,,,,,,,,,,,,,,,
126,cybersecurity,Explainable AI,3,2025-06-18T13:59:03.058859,,,,,,,,,,,,,25.0,1.9190136194229126,cybersecurity,unknown,False,"Episode_25: 中間抽象度, 集約的 (dims: [106, 62, 379, 367, 71])",,,,,,,,,,,,,,,,,,,,,,,,,,,,,,,,,,,,,,,,,,
126,cybersecurity,Explainable AI,3,2025-06-18T13:59:03.058859,,,,,,,,,,,,,,,,,,,35.0,1.9190136194229126,cybersecurity,unknown,False,"Episode_35: 中間抽象度, 集約的 (dims: [106, 62, 379, 367, 71])",,,,,,,,,,,,,,,,,,,,,,,,,,,,,,,,,,,,
126,cybersecurity,Explainable AI,3,2025-06-18T13:59:03.058859,,,,,,,,,,,,,,,,,,,,,,,,,45.0,1.9190136194229126,cybersecurity,unknown,False,"Episode_45: 中間抽象度, 集約的 (dims: [106, 62, 379, 367, 71])",,,,,,,,,,,,,,,,,,,,,,,,,,,,,,
126,cybersecurity,Explainable AI,3,2025-06-18T13:59:03.058859,,,,,,,,,,,,,,,,,,,,,,,,,,,,,,,55.0,1.9190136194229126,cybersecurity,unknown,False,"Episode_55: 中間抽象度, 集約的 (dims: [106, 62, 379, 367, 71])",,,,,,,,,,,,,,,,,,,,,,,,
126,cybersecurity,Explainable AI,3,2025-06-18T13:59:03.058859,,,,,,,,,,,,,,,,,,,,,,,,,,,,,,,,,,,,,65.0,1.9190136194229126,cybersecurity,unknown,False,"Episode_65: 中間抽象度, 集約的 (dims: [106, 62, 379, 367, 71])",,,,,,,,,,,,,,,,,,
126,cybersecurity,Explainable AI,3,2025-06-18T13:59:03.058859,,,,,,,,,,,,,,,,,,,,,,,,,,,,,,,,,,,,,,,,,,,0.0,1.911033272743225,medical diagnosis,unknown,True,"Episode_0: 中間抽象度, 集約的 (dims: [13, 282, 58, 91, 281])",,,,,,,,,,,,
126,cybersecurity,Explainable AI,3,2025-06-18T13:59:03.058859,,,,,,,,,,,,,,,,,,,,,,,,,,,,,,,,,,,,,,,,,,,,,,,,,10.0,1.911033272743225,medical diagnosis,unknown,True,"Episode_10: 中間抽象度, 集約的 (dims: [13, 282, 58, 91, 281])",,,,,,
126,cybersecurity,Explainable AI,3,2025-06-18T13:59:03.058859,,,,,,,,,,,,,,,,,,,,,,,,,,,,,,,,,,,,,,,,,,,,,,,,,,,,,,,20.0,1.911033272743225,medical diagnosis,unknown,True,"Episode_20: 中間抽象度, 集約的 (dims: [13, 282, 58, 91, 281])"
127,climate modeling,Multimodal Learning,10,2025-06-18T13:59:03.103934,0.0,1.943310022354126,medical diagnosis,unknown,True,"Episode_0: 中間抽象度, 集約的 (dims: [13, 282, 58, 91, 281])",,,,,,,,,,,,,,,,,,,,,,,,,,,,,,,,,,,,,,,,,,,,,,,,,,,,,,
127,climate modeling,Multimodal Learning,10,2025-06-18T13:59:03.103934,,,,,,,10.0,1.943310022354126,medical diagnosis,unknown,True,"Episode_10: 中間抽象度, 集約的 (dims: [13, 282, 58, 91, 281])",,,,,,,,,,,,,,,,,,,,,,,,,,,,,,,,,,,,,,,,,,,,,,,,
127,climate modeling,Multimodal Learning,10,2025-06-18T13:59:03.103934,,,,,,,,,,,,,20.0,1.943310022354126,medical diagnosis,unknown,True,"Episode_20: 中間抽象度, 集約的 (dims: [13, 282, 58, 91, 281])",,,,,,,,,,,,,,,,,,,,,,,,,,,,,,,,,,,,,,,,,,
127,climate modeling,Multimodal Learning,10,2025-06-18T13:59:03.103934,,,,,,,,,,,,,,,,,,,30.0,1.943310022354126,medical diagnosis,unknown,True,"Episode_30: 中間抽象度, 集約的 (dims: [13, 282, 58, 91, 281])",,,,,,,,,,,,,,,,,,,,,,,,,,,,,,,,,,,,
127,climate modeling,Multimodal Learning,10,2025-06-18T13:59:03.103934,,,,,,,,,,,,,,,,,,,,,,,,,40.0,1.943310022354126,medical diagnosis,unknown,True,"Episode_40: 中間抽象度, 集約的 (dims: [13, 282, 58, 91, 281])",,,,,,,,,,,,,,,,,,,,,,,,,,,,,,
127,climate modeling,Multimodal Learning,10,2025-06-18T13:59:03.103934,,,,,,,,,,,,,,,,,,,,,,,,,,,,,,,50.0,1.943310022354126,medical diagnosis,unknown,True,"Episode_50: 中間抽象度, 集約的 (dims: [13, 282, 58, 91, 281])",,,,,,,,,,,,,,,,,,,,,,,,
127,climate modeling,Multimodal Learning,10,2025-06-18T13:59:03.103934,,,,,,,,,,,,,,,,,,,,,,,,,,,,,,,,,,,,,60.0,1.943310022354126,medical diagnosis,unknown,True,"Episode_60: 中間抽象度, 集約的 (dims: [13, 282, 58, 91, 281])",,,,,,,,,,,,,,,,,,
127,climate modeling,Multimodal Learning,10,2025-06-18T13:59:03.103934,,,,,,,,,,,,,,,,,,,,,,,,,,,,,,,,,,,,,,,,,,,5.0,1.9013603925704956,cybersecurity,unknown,True,"Episode_5: 中間抽象度, 集約的 (dims: [106, 62, 379, 367, 71])",,,,,,,,,,,,
127,climate modeling,Multimodal Learning,10,2025-06-18T13:59:03.103934,,,,,,,,,,,,,,,,,,,,,,,,,,,,,,,,,,,,,,,,,,,,,,,,,15.0,1.9013603925704956,cybersecurity,unknown,True,"Episode_15: 中間抽象度, 集約的 (dims: [106, 62, 379, 367, 71])",,,,,,
127,climate modeling,Multimodal Learning,10,2025-06-18T13:59:03.103934,,,,,,,,,,,,,,,,,,,,,,,,,,,,,,,,,,,,,,,,,,,,,,,,,,,,,,,25.0,1.9013603925704956,cybersecurity,unknown,True,"Episode_25: 中間抽象度, 集約的 (dims: [106, 62, 379, 367, 71])"
128,drug discovery,Few-shot Learning,10,2025-06-18T13:59:03.148931,5.0,1.9423749446868896,cybersecurity,unknown,True,"Episode_5: 中間抽象度, 集約的 (dims: [106, 62, 379, 367, 71])",,,,,,,,,,,,,,,,,,,,,,,,,,,,,,,,,,,,,,,,,,,,,,,,,,,,,,
128,drug discovery,Few-shot Learning,10,2025-06-18T13:59:03.148931,,,,,,,15.0,1.9423749446868896,cybersecurity,unknown,True,"Episode_15: 中間抽象度, 集約的 (dims: [106, 62, 379, 367, 71])",,,,,,,,,,,,,,,,,,,,,,,,,,,,,,,,,,,,,,,,,,,,,,,,
128,drug discovery,Few-shot Learning,10,2025-06-18T13:59:03.148931,,,,,,,,,,,,,25.0,1.9423749446868896,cybersecurity,unknown,True,"Episode_25: 中間抽象度, 集約的 (dims: [106, 62, 379, 367, 71])",,,,,,,,,,,,,,,,,,,,,,,,,,,,,,,,,,,,,,,,,,
128,drug discovery,Few-shot Learning,10,2025-06-18T13:59:03.148931,,,,,,,,,,,,,,,,,,,35.0,1.9423749446868896,cybersecurity,unknown,True,"Episode_35: 中間抽象度, 集約的 (dims: [106, 62, 379, 367, 71])",,,,,,,,,,,,,,,,,,,,,,,,,,,,,,,,,,,,
128,drug discovery,Few-shot Learning,10,2025-06-18T13:59:03.148931,,,,,,,,,,,,,,,,,,,,,,,,,45.0,1.9423749446868896,cybersecurity,unknown,True,"Episode_45: 中間抽象度, 集約的 (dims: [106, 62, 379, 367, 71])",,,,,,,,,,,,,,,,,,,,,,,,,,,,,,
128,drug discovery,Few-shot Learning,10,2025-06-18T13:59:03.148931,,,,,,,,,,,,,,,,,,,,,,,,,,,,,,,55.0,1.9423749446868896,cybersecurity,unknown,True,"Episode_55: 中間抽象度, 集約的 (dims: [106, 62, 379, 367, 71])",,,,,,,,,,,,,,,,,,,,,,,,
128,drug discovery,Few-shot Learning,10,2025-06-18T13:59:03.148931,,,,,,,,,,,,,,,,,,,,,,,,,,,,,,,,,,,,,65.0,1.9423749446868896,cybersecurity,unknown,True,"Episode_65: 中間抽象度, 集約的 (dims: [106, 62, 379, 367, 71])",,,,,,,,,,,,,,,,,,
128,drug discovery,Few-shot Learning,10,2025-06-18T13:59:03.148931,,,,,,,,,,,,,,,,,,,,,,,,,,,,,,,,,,,,,,,,,,,0.0,1.9221811294555664,medical diagnosis,unknown,True,"Episode_0: 中間抽象度, 集約的 (dims: [13, 282, 58, 91, 281])",,,,,,,,,,,,
128,drug discovery,Few-shot Learning,10,2025-06-18T13:59:03.148931,,,,,,,,,,,,,,,,,,,,,,,,,,,,,,,,,,,,,,,,,,,,,,,,,10.0,1.9221811294555664,medical diagnosis,unknown,True,"Episode_10: 中間抽象度, 集約的 (dims: [13, 282, 58, 91, 281])",,,,,,
128,drug discovery,Few-shot Learning,10,2025-06-18T13:59:03.148931,,,,,,,,,,,,,,,,,,,,,,,,,,,,,,,,,,,,,,,,,,,,,,,,,,,,,,,20.0,1.9221811294555664,medical diagnosis,unknown,True,"Episode_20: 中間抽象度, 集約的 (dims: [13, 282, 58, 91, 281])"
129,financial prediction,Transfer Learning,10,2025-06-18T13:59:03.193335,5.0,1.927770733833313,cybersecurity,unknown,True,"Episode_5: 中間抽象度, 集約的 (dims: [106, 62, 379, 367, 71])",,,,,,,,,,,,,,,,,,,,,,,,,,,,,,,,,,,,,,,,,,,,,,,,,,,,,,
129,financial prediction,Transfer Learning,10,2025-06-18T13:59:03.193335,,,,,,,15.0,1.927770733833313,cybersecurity,unknown,True,"Episode_15: 中間抽象度, 集約的 (dims: [106, 62, 379, 367, 71])",,,,,,,,,,,,,,,,,,,,,,,,,,,,,,,,,,,,,,,,,,,,,,,,
129,financial prediction,Transfer Learning,10,2025-06-18T13:59:03.193335,,,,,,,,,,,,,25.0,1.927770733833313,cybersecurity,unknown,True,"Episode_25: 中間抽象度, 集約的 (dims: [106, 62, 379, 367, 71])",,,,,,,,,,,,,,,,,,,,,,,,,,,,,,,,,,,,,,,,,,
129,financial prediction,Transfer Learning,10,2025-06-18T13:59:03.193335,,,,,,,,,,,,,,,,,,,35.0,1.927770733833313,cybersecurity,unknown,True,"Episode_35: 中間抽象度, 集約的 (dims: [106, 62, 379, 367, 71])",,,,,,,,,,,,,,,,,,,,,,,,,,,,,,,,,,,,
129,financial prediction,Transfer Learning,10,2025-06-18T13:59:03.193335,,,,,,,,,,,,,,,,,,,,,,,,,45.0,1.927770733833313,cybersecurity,unknown,True,"Episode_45: 中間抽象度, 集約的 (dims: [106, 62, 379, 367, 71])",,,,,,,,,,,,,,,,,,,,,,,,,,,,,,
129,financial prediction,Transfer Learning,10,2025-06-18T13:59:03.193335,,,,,,,,,,,,,,,,,,,,,,,,,,,,,,,55.0,1.927770733833313,cybersecurity,unknown,True,"Episode_55: 中間抽象度, 集約的 (dims: [106, 62, 379, 367, 71])",,,,,,,,,,,,,,,,,,,,,,,,
129,financial prediction,Transfer Learning,10,2025-06-18T13:59:03.193335,,,,,,,,,,,,,,,,,,,,,,,,,,,,,,,,,,,,,65.0,1.927770733833313,cybersecurity,unknown,True,"Episode_65: 中間抽象度, 集約的 (dims: [106, 62, 379, 367, 71])",,,,,,,,,,,,,,,,,,
129,financial prediction,Transfer Learning,10,2025-06-18T13:59:03.193335,,,,,,,,,,,,,,,,,,,,,,,,,,,,,,,,,,,,,,,,,,,0.0,1.9256962537765503,medical diagnosis,unknown,True,"Episode_0: 中間抽象度, 集約的 (dims: [13, 282, 58, 91, 281])",,,,,,,,,,,,
129,financial prediction,Transfer Learning,10,2025-06-18T13:59:03.193335,,,,,,,,,,,,,,,,,,,,,,,,,,,,,,,,,,,,,,,,,,,,,,,,,10.0,1.9256962537765503,medical diagnosis,unknown,True,"Episode_10: 中間抽象度, 集約的 (dims: [13, 282, 58, 91, 281])",,,,,,
129,financial prediction,Transfer Learning,10,2025-06-18T13:59:03.193335,,,,,,,,,,,,,,,,,,,,,,,,,,,,,,,,,,,,,,,,,,,,,,,,,,,,,,,20.0,1.9256962537765503,medical diagnosis,unknown,True,"Episode_20: 中間抽象度, 集約的 (dims: [13, 282, 58, 91, 281])"
130,educational technology,Adversarial Machine Learning,10,2025-06-18T13:59:03.238745,5.0,1.932023525238037,cybersecurity,unknown,True,"Episode_5: 中間抽象度, 集約的 (dims: [106, 62, 379, 367, 71])",,,,,,,,,,,,,,,,,,,,,,,,,,,,,,,,,,,,,,,,,,,,,,,,,,,,,,
130,educational technology,Adversarial Machine Learning,10,2025-06-18T13:59:03.238745,,,,,,,15.0,1.932023525238037,cybersecurity,unknown,True,"Episode_15: 中間抽象度, 集約的 (dims: [106, 62, 379, 367, 71])",,,,,,,,,,,,,,,,,,,,,,,,,,,,,,,,,,,,,,,,,,,,,,,,
130,educational technology,Adversarial Machine Learning,10,2025-06-18T13:59:03.238745,,,,,,,,,,,,,25.0,1.932023525238037,cybersecurity,unknown,True,"Episode_25: 中間抽象度, 集約的 (dims: [106, 62, 379, 367, 71])",,,,,,,,,,,,,,,,,,,,,,,,,,,,,,,,,,,,,,,,,,
130,educational technology,Adversarial Machine Learning,10,2025-06-18T13:59:03.238745,,,,,,,,,,,,,,,,,,,35.0,1.932023525238037,cybersecurity,unknown,True,"Episode_35: 中間抽象度, 集約的 (dims: [106, 62, 379, 367, 71])",,,,,,,,,,,,,,,,,,,,,,,,,,,,,,,,,,,,
130,educational technology,Adversarial Machine Learning,10,2025-06-18T13:59:03.238745,,,,,,,,,,,,,,,,,,,,,,,,,45.0,1.932023525238037,cybersecurity,unknown,True,"Episode_45: 中間抽象度, 集約的 (dims: [106, 62, 379, 367, 71])",,,,,,,,,,,,,,,,,,,,,,,,,,,,,,
130,educational technology,Adversarial Machine Learning,10,2025-06-18T13:59:03.238745,,,,,,,,,,,,,,,,,,,,,,,,,,,,,,,55.0,1.932023525238037,cybersecurity,unknown,True,"Episode_55: 中間抽象度, 集約的 (dims: [106, 62, 379, 367, 71])",,,,,,,,,,,,,,,,,,,,,,,,
130,educational technology,Adversarial Machine Learning,10,2025-06-18T13:59:03.238745,,,,,,,,,,,,,,,,,,,,,,,,,,,,,,,,,,,,,65.0,1.932023525238037,cybersecurity,unknown,True,"Episode_65: 中間抽象度, 集約的 (dims: [106, 62, 379, 367, 71])",,,,,,,,,,,,,,,,,,
130,educational technology,Adversarial Machine Learning,10,2025-06-18T13:59:03.238745,,,,,,,,,,,,,,,,,,,,,,,,,,,,,,,,,,,,,,,,,,,0.0,1.928670048713684,medical diagnosis,unknown,True,"Episode_0: 中間抽象度, 集約的 (dims: [13, 282, 58, 91, 281])",,,,,,,,,,,,
130,educational technology,Adversarial Machine Learning,10,2025-06-18T13:59:03.238745,,,,,,,,,,,,,,,,,,,,,,,,,,,,,,,,,,,,,,,,,,,,,,,,,10.0,1.928670048713684,medical diagnosis,unknown,True,"Episode_10: 中間抽象度, 集約的 (dims: [13, 282, 58, 91, 281])",,,,,,
130,educational technology,Adversarial Machine Learning,10,2025-06-18T13:59:03.238745,,,,,,,,,,,,,,,,,,,,,,,,,,,,,,,,,,,,,,,,,,,,,,,,,,,,,,,20.0,1.928670048713684,medical diagnosis,unknown,True,"Episode_20: 中間抽象度, 集約的 (dims: [13, 282, 58, 91, 281])"
131,medical diagnosis,Large Language Models,7,2025-06-18T13:59:03.285020,5.0,1.893110990524292,cybersecurity,unknown,True,"Episode_5: 中間抽象度, 集約的 (dims: [106, 62, 379, 367, 71])",,,,,,,,,,,,,,,,,,,,,,,,,,,,,,,,,,,,,,,,,,,,,,,,,,,,,,
131,medical diagnosis,Large Language Models,7,2025-06-18T13:59:03.285020,,,,,,,15.0,1.893110990524292,cybersecurity,unknown,True,"Episode_15: 中間抽象度, 集約的 (dims: [106, 62, 379, 367, 71])",,,,,,,,,,,,,,,,,,,,,,,,,,,,,,,,,,,,,,,,,,,,,,,,
131,medical diagnosis,Large Language Models,7,2025-06-18T13:59:03.285020,,,,,,,,,,,,,25.0,1.893110990524292,cybersecurity,unknown,True,"Episode_25: 中間抽象度, 集約的 (dims: [106, 62, 379, 367, 71])",,,,,,,,,,,,,,,,,,,,,,,,,,,,,,,,,,,,,,,,,,
131,medical diagnosis,Large Language Models,7,2025-06-18T13:59:03.285020,,,,,,,,,,,,,,,,,,,35.0,1.893110990524292,cybersecurity,unknown,True,"Episode_35: 中間抽象度, 集約的 (dims: [106, 62, 379, 367, 71])",,,,,,,,,,,,,,,,,,,,,,,,,,,,,,,,,,,,
131,medical diagnosis,Large Language Models,7,2025-06-18T13:59:03.285020,,,,,,,,,,,,,,,,,,,,,,,,,45.0,1.893110990524292,cybersecurity,unknown,True,"Episode_45: 中間抽象度, 集約的 (dims: [106, 62, 379, 367, 71])",,,,,,,,,,,,,,,,,,,,,,,,,,,,,,
131,medical diagnosis,Large Language Models,7,2025-06-18T13:59:03.285020,,,,,,,,,,,,,,,,,,,,,,,,,,,,,,,55.0,1.893110990524292,cybersecurity,unknown,True,"Episode_55: 中間抽象度, 集約的 (dims: [106, 62, 379, 367, 71])",,,,,,,,,,,,,,,,,,,,,,,,
131,medical diagnosis,Large Language Models,7,2025-06-18T13:59:03.285020,,,,,,,,,,,,,,,,,,,,,,,,,,,,,,,,,,,,,65.0,1.893110990524292,cybersecurity,unknown,True,"Episode_65: 中間抽象度, 集約的 (dims: [106, 62, 379, 367, 71])",,,,,,,,,,,,,,,,,,
131,medical diagnosis,Large Language Models,7,2025-06-18T13:59:03.285020,,,,,,,,,,,,,,,,,,,,,,,,,,,,,,,,,,,,,,,,,,,0.0,1.8874430656433105,medical diagnosis,unknown,False,"Episode_0: 中間抽象度, 集約的 (dims: [13, 282, 58, 91, 281])",,,,,,,,,,,,
131,medical diagnosis,Large Language Models,7,2025-06-18T13:59:03.285020,,,,,,,,,,,,,,,,,,,,,,,,,,,,,,,,,,,,,,,,,,,,,,,,,10.0,1.8874430656433105,medical diagnosis,unknown,False,"Episode_10: 中間抽象度, 集約的 (dims: [13, 282, 58, 91, 281])",,,,,,
131,medical diagnosis,Large Language Models,7,2025-06-18T13:59:03.285020,,,,,,,,,,,,,,,,,,,,,,,,,,,,,,,,,,,,,,,,,,,,,,,,,,,,,,,20.0,1.8874430656433105,medical diagnosis,unknown,False,"Episode_20: 中間抽象度, 集約的 (dims: [13, 282, 58, 91, 281])"
132,autonomous systems,Computer Vision,10,2025-06-18T13:59:03.329517,5.0,1.913588047027588,cybersecurity,unknown,True,"Episode_5: 中間抽象度, 集約的 (dims: [106, 62, 379, 367, 71])",,,,,,,,,,,,,,,,,,,,,,,,,,,,,,,,,,,,,,,,,,,,,,,,,,,,,,
132,autonomous systems,Computer Vision,10,2025-06-18T13:59:03.329517,,,,,,,15.0,1.913588047027588,cybersecurity,unknown,True,"Episode_15: 中間抽象度, 集約的 (dims: [106, 62, 379, 367, 71])",,,,,,,,,,,,,,,,,,,,,,,,,,,,,,,,,,,,,,,,,,,,,,,,
132,autonomous systems,Computer Vision,10,2025-06-18T13:59:03.329517,,,,,,,,,,,,,25.0,1.913588047027588,cybersecurity,unknown,True,"Episode_25: 中間抽象度, 集約的 (dims: [106, 62, 379, 367, 71])",,,,,,,,,,,,,,,,,,,,,,,,,,,,,,,,,,,,,,,,,,
132,autonomous systems,Computer Vision,10,2025-06-18T13:59:03.329517,,,,,,,,,,,,,,,,,,,35.0,1.913588047027588,cybersecurity,unknown,True,"Episode_35: 中間抽象度, 集約的 (dims: [106, 62, 379, 367, 71])",,,,,,,,,,,,,,,,,,,,,,,,,,,,,,,,,,,,
132,autonomous systems,Computer Vision,10,2025-06-18T13:59:03.329517,,,,,,,,,,,,,,,,,,,,,,,,,45.0,1.913588047027588,cybersecurity,unknown,True,"Episode_45: 中間抽象度, 集約的 (dims: [106, 62, 379, 367, 71])",,,,,,,,,,,,,,,,,,,,,,,,,,,,,,
132,autonomous systems,Computer Vision,10,2025-06-18T13:59:03.329517,,,,,,,,,,,,,,,,,,,,,,,,,,,,,,,55.0,1.913588047027588,cybersecurity,unknown,True,"Episode_55: 中間抽象度, 集約的 (dims: [106, 62, 379, 367, 71])",,,,,,,,,,,,,,,,,,,,,,,,
132,autonomous systems,Computer Vision,10,2025-06-18T13:59:03.329517,,,,,,,,,,,,,,,,,,,,,,,,,,,,,,,,,,,,,0.0,1.8768787384033203,medical diagnosis,unknown,True,"Episode_0: 中間抽象度, 集約的 (dims: [13, 282, 58, 91, 281])",,,,,,,,,,,,,,,,,,
132,autonomous systems,Computer Vision,10,2025-06-18T13:59:03.329517,,,,,,,,,,,,,,,,,,,,,,,,,,,,,,,,,,,,,,,,,,,10.0,1.8768787384033203,medical diagnosis,unknown,True,"Episode_10: 中間抽象度, 集約的 (dims: [13, 282, 58, 91, 281])",,,,,,,,,,,,
132,autonomous systems,Computer Vision,10,2025-06-18T13:59:03.329517,,,,,,,,,,,,,,,,,,,,,,,,,,,,,,,,,,,,,,,,,,,,,,,,,20.0,1.8768787384033203,medical diagnosis,unknown,True,"Episode_20: 中間抽象度, 集約的 (dims: [13, 282, 58, 91, 281])",,,,,,
132,autonomous systems,Computer Vision,10,2025-06-18T13:59:03.329517,,,,,,,,,,,,,,,,,,,,,,,,,,,,,,,,,,,,,,,,,,,,,,,,,,,,,,,30.0,1.8768787384033203,medical diagnosis,unknown,True,"Episode_30: 中間抽象度, 集約的 (dims: [13, 282, 58, 91, 281])"
133,natural language processing,Reinforcement Learning,10,2025-06-18T13:59:03.373489,0.0,1.9134697914123535,medical diagnosis,unknown,True,"Episode_0: 中間抽象度, 集約的 (dims: [13, 282, 58, 91, 281])",,,,,,,,,,,,,,,,,,,,,,,,,,,,,,,,,,,,,,,,,,,,,,,,,,,,,,
133,natural language processing,Reinforcement Learning,10,2025-06-18T13:59:03.373489,,,,,,,10.0,1.9134697914123535,medical diagnosis,unknown,True,"Episode_10: 中間抽象度, 集約的 (dims: [13, 282, 58, 91, 281])",,,,,,,,,,,,,,,,,,,,,,,,,,,,,,,,,,,,,,,,,,,,,,,,
133,natural language processing,Reinforcement Learning,10,2025-06-18T13:59:03.373489,,,,,,,,,,,,,20.0,1.9134697914123535,medical diagnosis,unknown,True,"Episode_20: 中間抽象度, 集約的 (dims: [13, 282, 58, 91, 281])",,,,,,,,,,,,,,,,,,,,,,,,,,,,,,,,,,,,,,,,,,
133,natural language processing,Reinforcement Learning,10,2025-06-18T13:59:03.373489,,,,,,,,,,,,,,,,,,,30.0,1.9134697914123535,medical diagnosis,unknown,True,"Episode_30: 中間抽象度, 集約的 (dims: [13, 282, 58, 91, 281])",,,,,,,,,,,,,,,,,,,,,,,,,,,,,,,,,,,,
133,natural language processing,Reinforcement Learning,10,2025-06-18T13:59:03.373489,,,,,,,,,,,,,,,,,,,,,,,,,40.0,1.9134697914123535,medical diagnosis,unknown,True,"Episode_40: 中間抽象度, 集約的 (dims: [13, 282, 58, 91, 281])",,,,,,,,,,,,,,,,,,,,,,,,,,,,,,
133,natural language processing,Reinforcement Learning,10,2025-06-18T13:59:03.373489,,,,,,,,,,,,,,,,,,,,,,,,,,,,,,,50.0,1.9134697914123535,medical diagnosis,unknown,True,"Episode_50: 中間抽象度, 集約的 (dims: [13, 282, 58, 91, 281])",,,,,,,,,,,,,,,,,,,,,,,,
133,natural language processing,Reinforcement Learning,10,2025-06-18T13:59:03.373489,,,,,,,,,,,,,,,,,,,,,,,,,,,,,,,,,,,,,60.0,1.9134697914123535,medical diagnosis,unknown,True,"Episode_60: 中間抽象度, 集約的 (dims: [13, 282, 58, 91, 281])",,,,,,,,,,,,,,,,,,
133,natural language processing,Reinforcement Learning,10,2025-06-18T13:59:03.373489,,,,,,,,,,,,,,,,,,,,,,,,,,,,,,,,,,,,,,,,,,,5.0,1.8832250833511353,cybersecurity,unknown,True,"Episode_5: 中間抽象度, 集約的 (dims: [106, 62, 379, 367, 71])",,,,,,,,,,,,
133,natural language processing,Reinforcement Learning,10,2025-06-18T13:59:03.373489,,,,,,,,,,,,,,,,,,,,,,,,,,,,,,,,,,,,,,,,,,,,,,,,,15.0,1.8832250833511353,cybersecurity,unknown,True,"Episode_15: 中間抽象度, 集約的 (dims: [106, 62, 379, 367, 71])",,,,,,
133,natural language processing,Reinforcement Learning,10,2025-06-18T13:59:03.373489,,,,,,,,,,,,,,,,,,,,,,,,,,,,,,,,,,,,,,,,,,,,,,,,,,,,,,,25.0,1.8832250833511353,cybersecurity,unknown,True,"Episode_25: 中間抽象度, 集約的 (dims: [106, 62, 379, 367, 71])"
134,computer vision,Graph Neural Networks,10,2025-06-18T13:59:03.417628,5.0,1.9527543783187866,cybersecurity,unknown,True,"Episode_5: 中間抽象度, 集約的 (dims: [106, 62, 379, 367, 71])",,,,,,,,,,,,,,,,,,,,,,,,,,,,,,,,,,,,,,,,,,,,,,,,,,,,,,
134,computer vision,Graph Neural Networks,10,2025-06-18T13:59:03.417628,,,,,,,15.0,1.9527543783187866,cybersecurity,unknown,True,"Episode_15: 中間抽象度, 集約的 (dims: [106, 62, 379, 367, 71])",,,,,,,,,,,,,,,,,,,,,,,,,,,,,,,,,,,,,,,,,,,,,,,,
134,computer vision,Graph Neural Networks,10,2025-06-18T13:59:03.417628,,,,,,,,,,,,,25.0,1.9527543783187866,cybersecurity,unknown,True,"Episode_25: 中間抽象度, 集約的 (dims: [106, 62, 379, 367, 71])",,,,,,,,,,,,,,,,,,,,,,,,,,,,,,,,,,,,,,,,,,
134,computer vision,Graph Neural Networks,10,2025-06-18T13:59:03.417628,,,,,,,,,,,,,,,,,,,35.0,1.9527543783187866,cybersecurity,unknown,True,"Episode_35: 中間抽象度, 集約的 (dims: [106, 62, 379, 367, 71])",,,,,,,,,,,,,,,,,,,,,,,,,,,,,,,,,,,,
134,computer vision,Graph Neural Networks,10,2025-06-18T13:59:03.417628,,,,,,,,,,,,,,,,,,,,,,,,,45.0,1.9527543783187866,cybersecurity,unknown,True,"Episode_45: 中間抽象度, 集約的 (dims: [106, 62, 379, 367, 71])",,,,,,,,,,,,,,,,,,,,,,,,,,,,,,
134,computer vision,Graph Neural Networks,10,2025-06-18T13:59:03.417628,,,,,,,,,,,,,,,,,,,,,,,,,,,,,,,55.0,1.9527543783187866,cybersecurity,unknown,True,"Episode_55: 中間抽象度, 集約的 (dims: [106, 62, 379, 367, 71])",,,,,,,,,,,,,,,,,,,,,,,,
134,computer vision,Graph Neural Networks,10,2025-06-18T13:59:03.417628,,,,,,,,,,,,,,,,,,,,,,,,,,,,,,,,,,,,,0.0,1.894721269607544,medical diagnosis,unknown,True,"Episode_0: 中間抽象度, 集約的 (dims: [13, 282, 58, 91, 281])",,,,,,,,,,,,,,,,,,
134,computer vision,Graph Neural Networks,10,2025-06-18T13:59:03.417628,,,,,,,,,,,,,,,,,,,,,,,,,,,,,,,,,,,,,,,,,,,10.0,1.894721269607544,medical diagnosis,unknown,True,"Episode_10: 中間抽象度, 集約的 (dims: [13, 282, 58, 91, 281])",,,,,,,,,,,,
134,computer vision,Graph Neural Networks,10,2025-06-18T13:59:03.417628,,,,,,,,,,,,,,,,,,,,,,,,,,,,,,,,,,,,,,,,,,,,,,,,,20.0,1.894721269607544,medical diagnosis,unknown,True,"Episode_20: 中間抽象度, 集約的 (dims: [13, 282, 58, 91, 281])",,,,,,
134,computer vision,Graph Neural Networks,10,2025-06-18T13:59:03.417628,,,,,,,,,,,,,,,,,,,,,,,,,,,,,,,,,,,,,,,,,,,,,,,,,,,,,,,30.0,1.894721269607544,medical diagnosis,unknown,True,"Episode_30: 中間抽象度, 集約的 (dims: [13, 282, 58, 91, 281])"
135,robotics,Federated Learning,10,2025-06-18T13:59:03.462071,0.0,1.8845016956329346,medical diagnosis,unknown,True,"Episode_0: 中間抽象度, 集約的 (dims: [13, 282, 58, 91, 281])",,,,,,,,,,,,,,,,,,,,,,,,,,,,,,,,,,,,,,,,,,,,,,,,,,,,,,
135,robotics,Federated Learning,10,2025-06-18T13:59:03.462071,,,,,,,10.0,1.8845016956329346,medical diagnosis,unknown,True,"Episode_10: 中間抽象度, 集約的 (dims: [13, 282, 58, 91, 281])",,,,,,,,,,,,,,,,,,,,,,,,,,,,,,,,,,,,,,,,,,,,,,,,
135,robotics,Federated Learning,10,2025-06-18T13:59:03.462071,,,,,,,,,,,,,20.0,1.8845016956329346,medical diagnosis,unknown,True,"Episode_20: 中間抽象度, 集約的 (dims: [13, 282, 58, 91, 281])",,,,,,,,,,,,,,,,,,,,,,,,,,,,,,,,,,,,,,,,,,
135,robotics,Federated Learning,10,2025-06-18T13:59:03.462071,,,,,,,,,,,,,,,,,,,30.0,1.8845016956329346,medical diagnosis,unknown,True,"Episode_30: 中間抽象度, 集約的 (dims: [13, 282, 58, 91, 281])",,,,,,,,,,,,,,,,,,,,,,,,,,,,,,,,,,,,
135,robotics,Federated Learning,10,2025-06-18T13:59:03.462071,,,,,,,,,,,,,,,,,,,,,,,,,40.0,1.8845016956329346,medical diagnosis,unknown,True,"Episode_40: 中間抽象度, 集約的 (dims: [13, 282, 58, 91, 281])",,,,,,,,,,,,,,,,,,,,,,,,,,,,,,
135,robotics,Federated Learning,10,2025-06-18T13:59:03.462071,,,,,,,,,,,,,,,,,,,,,,,,,,,,,,,50.0,1.8845016956329346,medical diagnosis,unknown,True,"Episode_50: 中間抽象度, 集約的 (dims: [13, 282, 58, 91, 281])",,,,,,,,,,,,,,,,,,,,,,,,
135,robotics,Federated Learning,10,2025-06-18T13:59:03.462071,,,,,,,,,,,,,,,,,,,,,,,,,,,,,,,,,,,,,60.0,1.8845016956329346,medical diagnosis,unknown,True,"Episode_60: 中間抽象度, 集約的 (dims: [13, 282, 58, 91, 281])",,,,,,,,,,,,,,,,,,
135,robotics,Federated Learning,10,2025-06-18T13:59:03.462071,,,,,,,,,,,,,,,,,,,,,,,,,,,,,,,,,,,,,,,,,,,5.0,1.8728573322296143,cybersecurity,unknown,True,"Episode_5: 中間抽象度, 集約的 (dims: [106, 62, 379, 367, 71])",,,,,,,,,,,,
135,robotics,Federated Learning,10,2025-06-18T13:59:03.462071,,,,,,,,,,,,,,,,,,,,,,,,,,,,,,,,,,,,,,,,,,,,,,,,,15.0,1.8728573322296143,cybersecurity,unknown,True,"Episode_15: 中間抽象度, 集約的 (dims: [106, 62, 379, 367, 71])",,,,,,
135,robotics,Federated Learning,10,2025-06-18T13:59:03.462071,,,,,,,,,,,,,,,,,,,,,,,,,,,,,,,,,,,,,,,,,,,,,,,,,,,,,,,25.0,1.8728573322296143,cybersecurity,unknown,True,"Episode_25: 中間抽象度, 集約的 (dims: [106, 62, 379, 367, 71])"
136,cybersecurity,Explainable AI,4,2025-06-18T13:59:03.506404,5.0,1.9190136194229126,cybersecurity,unknown,False,"Episode_5: 中間抽象度, 集約的 (dims: [106, 62, 379, 367, 71])",,,,,,,,,,,,,,,,,,,,,,,,,,,,,,,,,,,,,,,,,,,,,,,,,,,,,,
136,cybersecurity,Explainable AI,4,2025-06-18T13:59:03.506404,,,,,,,15.0,1.9190136194229126,cybersecurity,unknown,False,"Episode_15: 中間抽象度, 集約的 (dims: [106, 62, 379, 367, 71])",,,,,,,,,,,,,,,,,,,,,,,,,,,,,,,,,,,,,,,,,,,,,,,,
136,cybersecurity,Explainable AI,4,2025-06-18T13:59:03.506404,,,,,,,,,,,,,25.0,1.9190136194229126,cybersecurity,unknown,False,"Episode_25: 中間抽象度, 集約的 (dims: [106, 62, 379, 367, 71])",,,,,,,,,,,,,,,,,,,,,,,,,,,,,,,,,,,,,,,,,,
136,cybersecurity,Explainable AI,4,2025-06-18T13:59:03.506404,,,,,,,,,,,,,,,,,,,35.0,1.9190136194229126,cybersecurity,unknown,False,"Episode_35: 中間抽象度, 集約的 (dims: [106, 62, 379, 367, 71])",,,,,,,,,,,,,,,,,,,,,,,,,,,,,,,,,,,,
136,cybersecurity,Explainable AI,4,2025-06-18T13:59:03.506404,,,,,,,,,,,,,,,,,,,,,,,,,45.0,1.9190136194229126,cybersecurity,unknown,False,"Episode_45: 中間抽象度, 集約的 (dims: [106, 62, 379, 367, 71])",,,,,,,,,,,,,,,,,,,,,,,,,,,,,,
136,cybersecurity,Explainable AI,4,2025-06-18T13:59:03.506404,,,,,,,,,,,,,,,,,,,,,,,,,,,,,,,55.0,1.9190136194229126,cybersecurity,unknown,False,"Episode_55: 中間抽象度, 集約的 (dims: [106, 62, 379, 367, 71])",,,,,,,,,,,,,,,,,,,,,,,,
136,cybersecurity,Explainable AI,4,2025-06-18T13:59:03.506404,,,,,,,,,,,,,,,,,,,,,,,,,,,,,,,,,,,,,0.0,1.911033272743225,medical diagnosis,unknown,True,"Episode_0: 中間抽象度, 集約的 (dims: [13, 282, 58, 91, 281])",,,,,,,,,,,,,,,,,,
136,cybersecurity,Explainable AI,4,2025-06-18T13:59:03.506404,,,,,,,,,,,,,,,,,,,,,,,,,,,,,,,,,,,,,,,,,,,10.0,1.911033272743225,medical diagnosis,unknown,True,"Episode_10: 中間抽象度, 集約的 (dims: [13, 282, 58, 91, 281])",,,,,,,,,,,,
136,cybersecurity,Explainable AI,4,2025-06-18T13:59:03.506404,,,,,,,,,,,,,,,,,,,,,,,,,,,,,,,,,,,,,,,,,,,,,,,,,20.0,1.911033272743225,medical diagnosis,unknown,True,"Episode_20: 中間抽象度, 集約的 (dims: [13, 282, 58, 91, 281])",,,,,,
136,cybersecurity,Explainable AI,4,2025-06-18T13:59:03.506404,,,,,,,,,,,,,,,,,,,,,,,,,,,,,,,,,,,,,,,,,,,,,,,,,,,,,,,30.0,1.911033272743225,medical diagnosis,unknown,True,"Episode_30: 中間抽象度, 集約的 (dims: [13, 282, 58, 91, 281])"
137,climate modeling,Multimodal Learning,10,2025-06-18T13:59:03.551447,0.0,1.943310022354126,medical diagnosis,unknown,True,"Episode_0: 中間抽象度, 集約的 (dims: [13, 282, 58, 91, 281])",,,,,,,,,,,,,,,,,,,,,,,,,,,,,,,,,,,,,,,,,,,,,,,,,,,,,,
137,climate modeling,Multimodal Learning,10,2025-06-18T13:59:03.551447,,,,,,,10.0,1.943310022354126,medical diagnosis,unknown,True,"Episode_10: 中間抽象度, 集約的 (dims: [13, 282, 58, 91, 281])",,,,,,,,,,,,,,,,,,,,,,,,,,,,,,,,,,,,,,,,,,,,,,,,
137,climate modeling,Multimodal Learning,10,2025-06-18T13:59:03.551447,,,,,,,,,,,,,20.0,1.943310022354126,medical diagnosis,unknown,True,"Episode_20: 中間抽象度, 集約的 (dims: [13, 282, 58, 91, 281])",,,,,,,,,,,,,,,,,,,,,,,,,,,,,,,,,,,,,,,,,,
137,climate modeling,Multimodal Learning,10,2025-06-18T13:59:03.551447,,,,,,,,,,,,,,,,,,,30.0,1.943310022354126,medical diagnosis,unknown,True,"Episode_30: 中間抽象度, 集約的 (dims: [13, 282, 58, 91, 281])",,,,,,,,,,,,,,,,,,,,,,,,,,,,,,,,,,,,
137,climate modeling,Multimodal Learning,10,2025-06-18T13:59:03.551447,,,,,,,,,,,,,,,,,,,,,,,,,40.0,1.943310022354126,medical diagnosis,unknown,True,"Episode_40: 中間抽象度, 集約的 (dims: [13, 282, 58, 91, 281])",,,,,,,,,,,,,,,,,,,,,,,,,,,,,,
137,climate modeling,Multimodal Learning,10,2025-06-18T13:59:03.551447,,,,,,,,,,,,,,,,,,,,,,,,,,,,,,,50.0,1.943310022354126,medical diagnosis,unknown,True,"Episode_50: 中間抽象度, 集約的 (dims: [13, 282, 58, 91, 281])",,,,,,,,,,,,,,,,,,,,,,,,
137,climate modeling,Multimodal Learning,10,2025-06-18T13:59:03.551447,,,,,,,,,,,,,,,,,,,,,,,,,,,,,,,,,,,,,5.0,1.9013603925704956,cybersecurity,unknown,True,"Episode_5: 中間抽象度, 集約的 (dims: [106, 62, 379, 367, 71])",,,,,,,,,,,,,,,,,,
137,climate modeling,Multimodal Learning,10,2025-06-18T13:59:03.551447,,,,,,,,,,,,,,,,,,,,,,,,,,,,,,,,,,,,,,,,,,,15.0,1.9013603925704956,cybersecurity,unknown,True,"Episode_15: 中間抽象度, 集約的 (dims: [106, 62, 379, 367, 71])",,,,,,,,,,,,
137,climate modeling,Multimodal Learning,10,2025-06-18T13:59:03.551447,,,,,,,,,,,,,,,,,,,,,,,,,,,,,,,,,,,,,,,,,,,,,,,,,25.0,1.9013603925704956,cybersecurity,unknown,True,"Episode_25: 中間抽象度, 集約的 (dims: [106, 62, 379, 367, 71])",,,,,,
137,climate modeling,Multimodal Learning,10,2025-06-18T13:59:03.551447,,,,,,,,,,,,,,,,,,,,,,,,,,,,,,,,,,,,,,,,,,,,,,,,,,,,,,,35.0,1.9013603925704956,cybersecurity,unknown,True,"Episode_35: 中間抽象度, 集約的 (dims: [106, 62, 379, 367, 71])"
138,drug discovery,Few-shot Learning,10,2025-06-18T13:59:03.597562,5.0,1.9423749446868896,cybersecurity,unknown,True,"Episode_5: 中間抽象度, 集約的 (dims: [106, 62, 379, 367, 71])",,,,,,,,,,,,,,,,,,,,,,,,,,,,,,,,,,,,,,,,,,,,,,,,,,,,,,
138,drug discovery,Few-shot Learning,10,2025-06-18T13:59:03.597562,,,,,,,15.0,1.9423749446868896,cybersecurity,unknown,True,"Episode_15: 中間抽象度, 集約的 (dims: [106, 62, 379, 367, 71])",,,,,,,,,,,,,,,,,,,,,,,,,,,,,,,,,,,,,,,,,,,,,,,,
138,drug discovery,Few-shot Learning,10,2025-06-18T13:59:03.597562,,,,,,,,,,,,,25.0,1.9423749446868896,cybersecurity,unknown,True,"Episode_25: 中間抽象度, 集約的 (dims: [106, 62, 379, 367, 71])",,,,,,,,,,,,,,,,,,,,,,,,,,,,,,,,,,,,,,,,,,
138,drug discovery,Few-shot Learning,10,2025-06-18T13:59:03.597562,,,,,,,,,,,,,,,,,,,35.0,1.9423749446868896,cybersecurity,unknown,True,"Episode_35: 中間抽象度, 集約的 (dims: [106, 62, 379, 367, 71])",,,,,,,,,,,,,,,,,,,,,,,,,,,,,,,,,,,,
138,drug discovery,Few-shot Learning,10,2025-06-18T13:59:03.597562,,,,,,,,,,,,,,,,,,,,,,,,,45.0,1.9423749446868896,cybersecurity,unknown,True,"Episode_45: 中間抽象度, 集約的 (dims: [106, 62, 379, 367, 71])",,,,,,,,,,,,,,,,,,,,,,,,,,,,,,
138,drug discovery,Few-shot Learning,10,2025-06-18T13:59:03.597562,,,,,,,,,,,,,,,,,,,,,,,,,,,,,,,55.0,1.9423749446868896,cybersecurity,unknown,True,"Episode_55: 中間抽象度, 集約的 (dims: [106, 62, 379, 367, 71])",,,,,,,,,,,,,,,,,,,,,,,,
138,drug discovery,Few-shot Learning,10,2025-06-18T13:59:03.597562,,,,,,,,,,,,,,,,,,,,,,,,,,,,,,,,,,,,,0.0,1.9221811294555664,medical diagnosis,unknown,True,"Episode_0: 中間抽象度, 集約的 (dims: [13, 282, 58, 91, 281])",,,,,,,,,,,,,,,,,,
138,drug discovery,Few-shot Learning,10,2025-06-18T13:59:03.597562,,,,,,,,,,,,,,,,,,,,,,,,,,,,,,,,,,,,,,,,,,,10.0,1.9221811294555664,medical diagnosis,unknown,True,"Episode_10: 中間抽象度, 集約的 (dims: [13, 282, 58, 91, 281])",,,,,,,,,,,,
138,drug discovery,Few-shot Learning,10,2025-06-18T13:59:03.597562,,,,,,,,,,,,,,,,,,,,,,,,,,,,,,,,,,,,,,,,,,,,,,,,,20.0,1.9221811294555664,medical diagnosis,unknown,True,"Episode_20: 中間抽象度, 集約的 (dims: [13, 282, 58, 91, 281])",,,,,,
138,drug discovery,Few-shot Learning,10,2025-06-18T13:59:03.597562,,,,,,,,,,,,,,,,,,,,,,,,,,,,,,,,,,,,,,,,,,,,,,,,,,,,,,,30.0,1.9221811294555664,medical diagnosis,unknown,True,"Episode_30: 中間抽象度, 集約的 (dims: [13, 282, 58, 91, 281])"
139,financial prediction,Transfer Learning,10,2025-06-18T13:59:03.642022,5.0,1.927770733833313,cybersecurity,unknown,True,"Episode_5: 中間抽象度, 集約的 (dims: [106, 62, 379, 367, 71])",,,,,,,,,,,,,,,,,,,,,,,,,,,,,,,,,,,,,,,,,,,,,,,,,,,,,,
139,financial prediction,Transfer Learning,10,2025-06-18T13:59:03.642022,,,,,,,15.0,1.927770733833313,cybersecurity,unknown,True,"Episode_15: 中間抽象度, 集約的 (dims: [106, 62, 379, 367, 71])",,,,,,,,,,,,,,,,,,,,,,,,,,,,,,,,,,,,,,,,,,,,,,,,
139,financial prediction,Transfer Learning,10,2025-06-18T13:59:03.642022,,,,,,,,,,,,,25.0,1.927770733833313,cybersecurity,unknown,True,"Episode_25: 中間抽象度, 集約的 (dims: [106, 62, 379, 367, 71])",,,,,,,,,,,,,,,,,,,,,,,,,,,,,,,,,,,,,,,,,,
139,financial prediction,Transfer Learning,10,2025-06-18T13:59:03.642022,,,,,,,,,,,,,,,,,,,35.0,1.927770733833313,cybersecurity,unknown,True,"Episode_35: 中間抽象度, 集約的 (dims: [106, 62, 379, 367, 71])",,,,,,,,,,,,,,,,,,,,,,,,,,,,,,,,,,,,
139,financial prediction,Transfer Learning,10,2025-06-18T13:59:03.642022,,,,,,,,,,,,,,,,,,,,,,,,,45.0,1.927770733833313,cybersecurity,unknown,True,"Episode_45: 中間抽象度, 集約的 (dims: [106, 62, 379, 367, 71])",,,,,,,,,,,,,,,,,,,,,,,,,,,,,,
139,financial prediction,Transfer Learning,10,2025-06-18T13:59:03.642022,,,,,,,,,,,,,,,,,,,,,,,,,,,,,,,55.0,1.927770733833313,cybersecurity,unknown,True,"Episode_55: 中間抽象度, 集約的 (dims: [106, 62, 379, 367, 71])",,,,,,,,,,,,,,,,,,,,,,,,
139,financial prediction,Transfer Learning,10,2025-06-18T13:59:03.642022,,,,,,,,,,,,,,,,,,,,,,,,,,,,,,,,,,,,,0.0,1.9256962537765503,medical diagnosis,unknown,True,"Episode_0: 中間抽象度, 集約的 (dims: [13, 282, 58, 91, 281])",,,,,,,,,,,,,,,,,,
139,financial prediction,Transfer Learning,10,2025-06-18T13:59:03.642022,,,,,,,,,,,,,,,,,,,,,,,,,,,,,,,,,,,,,,,,,,,10.0,1.9256962537765503,medical diagnosis,unknown,True,"Episode_10: 中間抽象度, 集約的 (dims: [13, 282, 58, 91, 281])",,,,,,,,,,,,
139,financial prediction,Transfer Learning,10,2025-06-18T13:59:03.642022,,,,,,,,,,,,,,,,,,,,,,,,,,,,,,,,,,,,,,,,,,,,,,,,,20.0,1.9256962537765503,medical diagnosis,unknown,True,"Episode_20: 中間抽象度, 集約的 (dims: [13, 282, 58, 91, 281])",,,,,,
139,financial prediction,Transfer Learning,10,2025-06-18T13:59:03.642022,,,,,,,,,,,,,,,,,,,,,,,,,,,,,,,,,,,,,,,,,,,,,,,,,,,,,,,30.0,1.9256962537765503,medical diagnosis,unknown,True,"Episode_30: 中間抽象度, 集約的 (dims: [13, 282, 58, 91, 281])"
140,educational technology,Adversarial Machine Learning,10,2025-06-18T13:59:03.687318,5.0,1.932023525238037,cybersecurity,unknown,True,"Episode_5: 中間抽象度, 集約的 (dims: [106, 62, 379, 367, 71])",,,,,,,,,,,,,,,,,,,,,,,,,,,,,,,,,,,,,,,,,,,,,,,,,,,,,,
140,educational technology,Adversarial Machine Learning,10,2025-06-18T13:59:03.687318,,,,,,,15.0,1.932023525238037,cybersecurity,unknown,True,"Episode_15: 中間抽象度, 集約的 (dims: [106, 62, 379, 367, 71])",,,,,,,,,,,,,,,,,,,,,,,,,,,,,,,,,,,,,,,,,,,,,,,,
140,educational technology,Adversarial Machine Learning,10,2025-06-18T13:59:03.687318,,,,,,,,,,,,,25.0,1.932023525238037,cybersecurity,unknown,True,"Episode_25: 中間抽象度, 集約的 (dims: [106, 62, 379, 367, 71])",,,,,,,,,,,,,,,,,,,,,,,,,,,,,,,,,,,,,,,,,,
140,educational technology,Adversarial Machine Learning,10,2025-06-18T13:59:03.687318,,,,,,,,,,,,,,,,,,,35.0,1.932023525238037,cybersecurity,unknown,True,"Episode_35: 中間抽象度, 集約的 (dims: [106, 62, 379, 367, 71])",,,,,,,,,,,,,,,,,,,,,,,,,,,,,,,,,,,,
140,educational technology,Adversarial Machine Learning,10,2025-06-18T13:59:03.687318,,,,,,,,,,,,,,,,,,,,,,,,,45.0,1.932023525238037,cybersecurity,unknown,True,"Episode_45: 中間抽象度, 集約的 (dims: [106, 62, 379, 367, 71])",,,,,,,,,,,,,,,,,,,,,,,,,,,,,,
140,educational technology,Adversarial Machine Learning,10,2025-06-18T13:59:03.687318,,,,,,,,,,,,,,,,,,,,,,,,,,,,,,,55.0,1.932023525238037,cybersecurity,unknown,True,"Episode_55: 中間抽象度, 集約的 (dims: [106, 62, 379, 367, 71])",,,,,,,,,,,,,,,,,,,,,,,,
140,educational technology,Adversarial Machine Learning,10,2025-06-18T13:59:03.687318,,,,,,,,,,,,,,,,,,,,,,,,,,,,,,,,,,,,,0.0,1.928670048713684,medical diagnosis,unknown,True,"Episode_0: 中間抽象度, 集約的 (dims: [13, 282, 58, 91, 281])",,,,,,,,,,,,,,,,,,
140,educational technology,Adversarial Machine Learning,10,2025-06-18T13:59:03.687318,,,,,,,,,,,,,,,,,,,,,,,,,,,,,,,,,,,,,,,,,,,10.0,1.928670048713684,medical diagnosis,unknown,True,"Episode_10: 中間抽象度, 集約的 (dims: [13, 282, 58, 91, 281])",,,,,,,,,,,,
140,educational technology,Adversarial Machine Learning,10,2025-06-18T13:59:03.687318,,,,,,,,,,,,,,,,,,,,,,,,,,,,,,,,,,,,,,,,,,,,,,,,,20.0,1.928670048713684,medical diagnosis,unknown,True,"Episode_20: 中間抽象度, 集約的 (dims: [13, 282, 58, 91, 281])",,,,,,
140,educational technology,Adversarial Machine Learning,10,2025-06-18T13:59:03.687318,,,,,,,,,,,,,,,,,,,,,,,,,,,,,,,,,,,,,,,,,,,,,,,,,,,,,,,30.0,1.928670048713684,medical diagnosis,unknown,True,"Episode_30: 中間抽象度, 集約的 (dims: [13, 282, 58, 91, 281])"
141,medical diagnosis,Large Language Models,6,2025-06-18T13:59:03.733478,5.0,1.893110990524292,cybersecurity,unknown,True,"Episode_5: 中間抽象度, 集約的 (dims: [106, 62, 379, 367, 71])",,,,,,,,,,,,,,,,,,,,,,,,,,,,,,,,,,,,,,,,,,,,,,,,,,,,,,
141,medical diagnosis,Large Language Models,6,2025-06-18T13:59:03.733478,,,,,,,15.0,1.893110990524292,cybersecurity,unknown,True,"Episode_15: 中間抽象度, 集約的 (dims: [106, 62, 379, 367, 71])",,,,,,,,,,,,,,,,,,,,,,,,,,,,,,,,,,,,,,,,,,,,,,,,
141,medical diagnosis,Large Language Models,6,2025-06-18T13:59:03.733478,,,,,,,,,,,,,25.0,1.893110990524292,cybersecurity,unknown,True,"Episode_25: 中間抽象度, 集約的 (dims: [106, 62, 379, 367, 71])",,,,,,,,,,,,,,,,,,,,,,,,,,,,,,,,,,,,,,,,,,
141,medical diagnosis,Large Language Models,6,2025-06-18T13:59:03.733478,,,,,,,,,,,,,,,,,,,35.0,1.893110990524292,cybersecurity,unknown,True,"Episode_35: 中間抽象度, 集約的 (dims: [106, 62, 379, 367, 71])",,,,,,,,,,,,,,,,,,,,,,,,,,,,,,,,,,,,
141,medical diagnosis,Large Language Models,6,2025-06-18T13:59:03.733478,,,,,,,,,,,,,,,,,,,,,,,,,45.0,1.893110990524292,cybersecurity,unknown,True,"Episode_45: 中間抽象度, 集約的 (dims: [106, 62, 379, 367, 71])",,,,,,,,,,,,,,,,,,,,,,,,,,,,,,
141,medical diagnosis,Large Language Models,6,2025-06-18T13:59:03.733478,,,,,,,,,,,,,,,,,,,,,,,,,,,,,,,55.0,1.893110990524292,cybersecurity,unknown,True,"Episode_55: 中間抽象度, 集約的 (dims: [106, 62, 379, 367, 71])",,,,,,,,,,,,,,,,,,,,,,,,
141,medical diagnosis,Large Language Models,6,2025-06-18T13:59:03.733478,,,,,,,,,,,,,,,,,,,,,,,,,,,,,,,,,,,,,0.0,1.8874430656433105,medical diagnosis,unknown,False,"Episode_0: 中間抽象度, 集約的 (dims: [13, 282, 58, 91, 281])",,,,,,,,,,,,,,,,,,
141,medical diagnosis,Large Language Models,6,2025-06-18T13:59:03.733478,,,,,,,,,,,,,,,,,,,,,,,,,,,,,,,,,,,,,,,,,,,10.0,1.8874430656433105,medical diagnosis,unknown,False,"Episode_10: 中間抽象度, 集約的 (dims: [13, 282, 58, 91, 281])",,,,,,,,,,,,
141,medical diagnosis,Large Language Models,6,2025-06-18T13:59:03.733478,,,,,,,,,,,,,,,,,,,,,,,,,,,,,,,,,,,,,,,,,,,,,,,,,20.0,1.8874430656433105,medical diagnosis,unknown,False,"Episode_20: 中間抽象度, 集約的 (dims: [13, 282, 58, 91, 281])",,,,,,
141,medical diagnosis,Large Language Models,6,2025-06-18T13:59:03.733478,,,,,,,,,,,,,,,,,,,,,,,,,,,,,,,,,,,,,,,,,,,,,,,,,,,,,,,30.0,1.8874430656433105,medical diagnosis,unknown,False,"Episode_30: 中間抽象度, 集約的 (dims: [13, 282, 58, 91, 281])"
142,autonomous systems,Computer Vision,10,2025-06-18T13:59:03.776966,5.0,1.913588047027588,cybersecurity,unknown,True,"Episode_5: 中間抽象度, 集約的 (dims: [106, 62, 379, 367, 71])",,,,,,,,,,,,,,,,,,,,,,,,,,,,,,,,,,,,,,,,,,,,,,,,,,,,,,
142,autonomous systems,Computer Vision,10,2025-06-18T13:59:03.776966,,,,,,,15.0,1.913588047027588,cybersecurity,unknown,True,"Episode_15: 中間抽象度, 集約的 (dims: [106, 62, 379, 367, 71])",,,,,,,,,,,,,,,,,,,,,,,,,,,,,,,,,,,,,,,,,,,,,,,,
142,autonomous systems,Computer Vision,10,2025-06-18T13:59:03.776966,,,,,,,,,,,,,25.0,1.913588047027588,cybersecurity,unknown,True,"Episode_25: 中間抽象度, 集約的 (dims: [106, 62, 379, 367, 71])",,,,,,,,,,,,,,,,,,,,,,,,,,,,,,,,,,,,,,,,,,
142,autonomous systems,Computer Vision,10,2025-06-18T13:59:03.776966,,,,,,,,,,,,,,,,,,,35.0,1.913588047027588,cybersecurity,unknown,True,"Episode_35: 中間抽象度, 集約的 (dims: [106, 62, 379, 367, 71])",,,,,,,,,,,,,,,,,,,,,,,,,,,,,,,,,,,,
142,autonomous systems,Computer Vision,10,2025-06-18T13:59:03.776966,,,,,,,,,,,,,,,,,,,,,,,,,45.0,1.913588047027588,cybersecurity,unknown,True,"Episode_45: 中間抽象度, 集約的 (dims: [106, 62, 379, 367, 71])",,,,,,,,,,,,,,,,,,,,,,,,,,,,,,
142,autonomous systems,Computer Vision,10,2025-06-18T13:59:03.776966,,,,,,,,,,,,,,,,,,,,,,,,,,,,,,,0.0,1.8768787384033203,medical diagnosis,unknown,True,"Episode_0: 中間抽象度, 集約的 (dims: [13, 282, 58, 91, 281])",,,,,,,,,,,,,,,,,,,,,,,,
142,autonomous systems,Computer Vision,10,2025-06-18T13:59:03.776966,,,,,,,,,,,,,,,,,,,,,,,,,,,,,,,,,,,,,10.0,1.8768787384033203,medical diagnosis,unknown,True,"Episode_10: 中間抽象度, 集約的 (dims: [13, 282, 58, 91, 281])",,,,,,,,,,,,,,,,,,
142,autonomous systems,Computer Vision,10,2025-06-18T13:59:03.776966,,,,,,,,,,,,,,,,,,,,,,,,,,,,,,,,,,,,,,,,,,,20.0,1.8768787384033203,medical diagnosis,unknown,True,"Episode_20: 中間抽象度, 集約的 (dims: [13, 282, 58, 91, 281])",,,,,,,,,,,,
142,autonomous systems,Computer Vision,10,2025-06-18T13:59:03.776966,,,,,,,,,,,,,,,,,,,,,,,,,,,,,,,,,,,,,,,,,,,,,,,,,30.0,1.8768787384033203,medical diagnosis,unknown,True,"Episode_30: 中間抽象度, 集約的 (dims: [13, 282, 58, 91, 281])",,,,,,
142,autonomous systems,Computer Vision,10,2025-06-18T13:59:03.776966,,,,,,,,,,,,,,,,,,,,,,,,,,,,,,,,,,,,,,,,,,,,,,,,,,,,,,,40.0,1.8768787384033203,medical diagnosis,unknown,True,"Episode_40: 中間抽象度, 集約的 (dims: [13, 282, 58, 91, 281])"
143,natural language processing,Reinforcement Learning,10,2025-06-18T13:59:03.820582,0.0,1.9134697914123535,medical diagnosis,unknown,True,"Episode_0: 中間抽象度, 集約的 (dims: [13, 282, 58, 91, 281])",,,,,,,,,,,,,,,,,,,,,,,,,,,,,,,,,,,,,,,,,,,,,,,,,,,,,,
143,natural language processing,Reinforcement Learning,10,2025-06-18T13:59:03.820582,,,,,,,10.0,1.9134697914123535,medical diagnosis,unknown,True,"Episode_10: 中間抽象度, 集約的 (dims: [13, 282, 58, 91, 281])",,,,,,,,,,,,,,,,,,,,,,,,,,,,,,,,,,,,,,,,,,,,,,,,
143,natural language processing,Reinforcement Learning,10,2025-06-18T13:59:03.820582,,,,,,,,,,,,,20.0,1.9134697914123535,medical diagnosis,unknown,True,"Episode_20: 中間抽象度, 集約的 (dims: [13, 282, 58, 91, 281])",,,,,,,,,,,,,,,,,,,,,,,,,,,,,,,,,,,,,,,,,,
143,natural language processing,Reinforcement Learning,10,2025-06-18T13:59:03.820582,,,,,,,,,,,,,,,,,,,30.0,1.9134697914123535,medical diagnosis,unknown,True,"Episode_30: 中間抽象度, 集約的 (dims: [13, 282, 58, 91, 281])",,,,,,,,,,,,,,,,,,,,,,,,,,,,,,,,,,,,
143,natural language processing,Reinforcement Learning,10,2025-06-18T13:59:03.820582,,,,,,,,,,,,,,,,,,,,,,,,,40.0,1.9134697914123535,medical diagnosis,unknown,True,"Episode_40: 中間抽象度, 集約的 (dims: [13, 282, 58, 91, 281])",,,,,,,,,,,,,,,,,,,,,,,,,,,,,,
143,natural language processing,Reinforcement Learning,10,2025-06-18T13:59:03.820582,,,,,,,,,,,,,,,,,,,,,,,,,,,,,,,50.0,1.9134697914123535,medical diagnosis,unknown,True,"Episode_50: 中間抽象度, 集約的 (dims: [13, 282, 58, 91, 281])",,,,,,,,,,,,,,,,,,,,,,,,
143,natural language processing,Reinforcement Learning,10,2025-06-18T13:59:03.820582,,,,,,,,,,,,,,,,,,,,,,,,,,,,,,,,,,,,,5.0,1.8832250833511353,cybersecurity,unknown,True,"Episode_5: 中間抽象度, 集約的 (dims: [106, 62, 379, 367, 71])",,,,,,,,,,,,,,,,,,
143,natural language processing,Reinforcement Learning,10,2025-06-18T13:59:03.820582,,,,,,,,,,,,,,,,,,,,,,,,,,,,,,,,,,,,,,,,,,,15.0,1.8832250833511353,cybersecurity,unknown,True,"Episode_15: 中間抽象度, 集約的 (dims: [106, 62, 379, 367, 71])",,,,,,,,,,,,
143,natural language processing,Reinforcement Learning,10,2025-06-18T13:59:03.820582,,,,,,,,,,,,,,,,,,,,,,,,,,,,,,,,,,,,,,,,,,,,,,,,,25.0,1.8832250833511353,cybersecurity,unknown,True,"Episode_25: 中間抽象度, 集約的 (dims: [106, 62, 379, 367, 71])",,,,,,
143,natural language processing,Reinforcement Learning,10,2025-06-18T13:59:03.820582,,,,,,,,,,,,,,,,,,,,,,,,,,,,,,,,,,,,,,,,,,,,,,,,,,,,,,,35.0,1.8832250833511353,cybersecurity,unknown,True,"Episode_35: 中間抽象度, 集約的 (dims: [106, 62, 379, 367, 71])"
144,computer vision,Graph Neural Networks,10,2025-06-18T13:59:03.865566,5.0,1.9527543783187866,cybersecurity,unknown,True,"Episode_5: 中間抽象度, 集約的 (dims: [106, 62, 379, 367, 71])",,,,,,,,,,,,,,,,,,,,,,,,,,,,,,,,,,,,,,,,,,,,,,,,,,,,,,
144,computer vision,Graph Neural Networks,10,2025-06-18T13:59:03.865566,,,,,,,15.0,1.9527543783187866,cybersecurity,unknown,True,"Episode_15: 中間抽象度, 集約的 (dims: [106, 62, 379, 367, 71])",,,,,,,,,,,,,,,,,,,,,,,,,,,,,,,,,,,,,,,,,,,,,,,,
144,computer vision,Graph Neural Networks,10,2025-06-18T13:59:03.865566,,,,,,,,,,,,,25.0,1.9527543783187866,cybersecurity,unknown,True,"Episode_25: 中間抽象度, 集約的 (dims: [106, 62, 379, 367, 71])",,,,,,,,,,,,,,,,,,,,,,,,,,,,,,,,,,,,,,,,,,
144,computer vision,Graph Neural Networks,10,2025-06-18T13:59:03.865566,,,,,,,,,,,,,,,,,,,35.0,1.9527543783187866,cybersecurity,unknown,True,"Episode_35: 中間抽象度, 集約的 (dims: [106, 62, 379, 367, 71])",,,,,,,,,,,,,,,,,,,,,,,,,,,,,,,,,,,,
144,computer vision,Graph Neural Networks,10,2025-06-18T13:59:03.865566,,,,,,,,,,,,,,,,,,,,,,,,,45.0,1.9527543783187866,cybersecurity,unknown,True,"Episode_45: 中間抽象度, 集約的 (dims: [106, 62, 379, 367, 71])",,,,,,,,,,,,,,,,,,,,,,,,,,,,,,
144,computer vision,Graph Neural Networks,10,2025-06-18T13:59:03.865566,,,,,,,,,,,,,,,,,,,,,,,,,,,,,,,0.0,1.894721269607544,medical diagnosis,unknown,True,"Episode_0: 中間抽象度, 集約的 (dims: [13, 282, 58, 91, 281])",,,,,,,,,,,,,,,,,,,,,,,,
144,computer vision,Graph Neural Networks,10,2025-06-18T13:59:03.865566,,,,,,,,,,,,,,,,,,,,,,,,,,,,,,,,,,,,,10.0,1.894721269607544,medical diagnosis,unknown,True,"Episode_10: 中間抽象度, 集約的 (dims: [13, 282, 58, 91, 281])",,,,,,,,,,,,,,,,,,
144,computer vision,Graph Neural Networks,10,2025-06-18T13:59:03.865566,,,,,,,,,,,,,,,,,,,,,,,,,,,,,,,,,,,,,,,,,,,20.0,1.894721269607544,medical diagnosis,unknown,True,"Episode_20: 中間抽象度, 集約的 (dims: [13, 282, 58, 91, 281])",,,,,,,,,,,,
144,computer vision,Graph Neural Networks,10,2025-06-18T13:59:03.865566,,,,,,,,,,,,,,,,,,,,,,,,,,,,,,,,,,,,,,,,,,,,,,,,,30.0,1.894721269607544,medical diagnosis,unknown,True,"Episode_30: 中間抽象度, 集約的 (dims: [13, 282, 58, 91, 281])",,,,,,
144,computer vision,Graph Neural Networks,10,2025-06-18T13:59:03.865566,,,,,,,,,,,,,,,,,,,,,,,,,,,,,,,,,,,,,,,,,,,,,,,,,,,,,,,40.0,1.894721269607544,medical diagnosis,unknown,True,"Episode_40: 中間抽象度, 集約的 (dims: [13, 282, 58, 91, 281])"
145,robotics,Federated Learning,10,2025-06-18T13:59:03.910060,0.0,1.8845016956329346,medical diagnosis,unknown,True,"Episode_0: 中間抽象度, 集約的 (dims: [13, 282, 58, 91, 281])",,,,,,,,,,,,,,,,,,,,,,,,,,,,,,,,,,,,,,,,,,,,,,,,,,,,,,
145,robotics,Federated Learning,10,2025-06-18T13:59:03.910060,,,,,,,10.0,1.8845016956329346,medical diagnosis,unknown,True,"Episode_10: 中間抽象度, 集約的 (dims: [13, 282, 58, 91, 281])",,,,,,,,,,,,,,,,,,,,,,,,,,,,,,,,,,,,,,,,,,,,,,,,
145,robotics,Federated Learning,10,2025-06-18T13:59:03.910060,,,,,,,,,,,,,20.0,1.8845016956329346,medical diagnosis,unknown,True,"Episode_20: 中間抽象度, 集約的 (dims: [13, 282, 58, 91, 281])",,,,,,,,,,,,,,,,,,,,,,,,,,,,,,,,,,,,,,,,,,
145,robotics,Federated Learning,10,2025-06-18T13:59:03.910060,,,,,,,,,,,,,,,,,,,30.0,1.8845016956329346,medical diagnosis,unknown,True,"Episode_30: 中間抽象度, 集約的 (dims: [13, 282, 58, 91, 281])",,,,,,,,,,,,,,,,,,,,,,,,,,,,,,,,,,,,
145,robotics,Federated Learning,10,2025-06-18T13:59:03.910060,,,,,,,,,,,,,,,,,,,,,,,,,40.0,1.8845016956329346,medical diagnosis,unknown,True,"Episode_40: 中間抽象度, 集約的 (dims: [13, 282, 58, 91, 281])",,,,,,,,,,,,,,,,,,,,,,,,,,,,,,
145,robotics,Federated Learning,10,2025-06-18T13:59:03.910060,,,,,,,,,,,,,,,,,,,,,,,,,,,,,,,50.0,1.8845016956329346,medical diagnosis,unknown,True,"Episode_50: 中間抽象度, 集約的 (dims: [13, 282, 58, 91, 281])",,,,,,,,,,,,,,,,,,,,,,,,
145,robotics,Federated Learning,10,2025-06-18T13:59:03.910060,,,,,,,,,,,,,,,,,,,,,,,,,,,,,,,,,,,,,5.0,1.8728573322296143,cybersecurity,unknown,True,"Episode_5: 中間抽象度, 集約的 (dims: [106, 62, 379, 367, 71])",,,,,,,,,,,,,,,,,,
145,robotics,Federated Learning,10,2025-06-18T13:59:03.910060,,,,,,,,,,,,,,,,,,,,,,,,,,,,,,,,,,,,,,,,,,,15.0,1.8728573322296143,cybersecurity,unknown,True,"Episode_15: 中間抽象度, 集約的 (dims: [106, 62, 379, 367, 71])",,,,,,,,,,,,
145,robotics,Federated Learning,10,2025-06-18T13:59:03.910060,,,,,,,,,,,,,,,,,,,,,,,,,,,,,,,,,,,,,,,,,,,,,,,,,25.0,1.8728573322296143,cybersecurity,unknown,True,"Episode_25: 中間抽象度, 集約的 (dims: [106, 62, 379, 367, 71])",,,,,,
145,robotics,Federated Learning,10,2025-06-18T13:59:03.910060,,,,,,,,,,,,,,,,,,,,,,,,,,,,,,,,,,,,,,,,,,,,,,,,,,,,,,,35.0,1.8728573322296143,cybersecurity,unknown,True,"Episode_35: 中間抽象度, 集約的 (dims: [106, 62, 379, 367, 71])"
146,cybersecurity,Explainable AI,5,2025-06-18T13:59:03.956390,5.0,1.9190136194229126,cybersecurity,unknown,False,"Episode_5: 中間抽象度, 集約的 (dims: [106, 62, 379, 367, 71])",,,,,,,,,,,,,,,,,,,,,,,,,,,,,,,,,,,,,,,,,,,,,,,,,,,,,,
146,cybersecurity,Explainable AI,5,2025-06-18T13:59:03.956390,,,,,,,15.0,1.9190136194229126,cybersecurity,unknown,False,"Episode_15: 中間抽象度, 集約的 (dims: [106, 62, 379, 367, 71])",,,,,,,,,,,,,,,,,,,,,,,,,,,,,,,,,,,,,,,,,,,,,,,,
146,cybersecurity,Explainable AI,5,2025-06-18T13:59:03.956390,,,,,,,,,,,,,25.0,1.9190136194229126,cybersecurity,unknown,False,"Episode_25: 中間抽象度, 集約的 (dims: [106, 62, 379, 367, 71])",,,,,,,,,,,,,,,,,,,,,,,,,,,,,,,,,,,,,,,,,,
146,cybersecurity,Explainable AI,5,2025-06-18T13:59:03.956390,,,,,,,,,,,,,,,,,,,35.0,1.9190136194229126,cybersecurity,unknown,False,"Episode_35: 中間抽象度, 集約的 (dims: [106, 62, 379, 367, 71])",,,,,,,,,,,,,,,,,,,,,,,,,,,,,,,,,,,,
146,cybersecurity,Explainable AI,5,2025-06-18T13:59:03.956390,,,,,,,,,,,,,,,,,,,,,,,,,45.0,1.9190136194229126,cybersecurity,unknown,False,"Episode_45: 中間抽象度, 集約的 (dims: [106, 62, 379, 367, 71])",,,,,,,,,,,,,,,,,,,,,,,,,,,,,,
146,cybersecurity,Explainable AI,5,2025-06-18T13:59:03.956390,,,,,,,,,,,,,,,,,,,,,,,,,,,,,,,0.0,1.911033272743225,medical diagnosis,unknown,True,"Episode_0: 中間抽象度, 集約的 (dims: [13, 282, 58, 91, 281])",,,,,,,,,,,,,,,,,,,,,,,,
146,cybersecurity,Explainable AI,5,2025-06-18T13:59:03.956390,,,,,,,,,,,,,,,,,,,,,,,,,,,,,,,,,,,,,10.0,1.911033272743225,medical diagnosis,unknown,True,"Episode_10: 中間抽象度, 集約的 (dims: [13, 282, 58, 91, 281])",,,,,,,,,,,,,,,,,,
146,cybersecurity,Explainable AI,5,2025-06-18T13:59:03.956390,,,,,,,,,,,,,,,,,,,,,,,,,,,,,,,,,,,,,,,,,,,20.0,1.911033272743225,medical diagnosis,unknown,True,"Episode_20: 中間抽象度, 集約的 (dims: [13, 282, 58, 91, 281])",,,,,,,,,,,,
146,cybersecurity,Explainable AI,5,2025-06-18T13:59:03.956390,,,,,,,,,,,,,,,,,,,,,,,,,,,,,,,,,,,,,,,,,,,,,,,,,30.0,1.911033272743225,medical diagnosis,unknown,True,"Episode_30: 中間抽象度, 集約的 (dims: [13, 282, 58, 91, 281])",,,,,,
146,cybersecurity,Explainable AI,5,2025-06-18T13:59:03.956390,,,,,,,,,,,,,,,,,,,,,,,,,,,,,,,,,,,,,,,,,,,,,,,,,,,,,,,40.0,1.911033272743225,medical diagnosis,unknown,True,"Episode_40: 中間抽象度, 集約的 (dims: [13, 282, 58, 91, 281])"
147,climate modeling,Multimodal Learning,10,2025-06-18T13:59:04.001372,0.0,1.943310022354126,medical diagnosis,unknown,True,"Episode_0: 中間抽象度, 集約的 (dims: [13, 282, 58, 91, 281])",,,,,,,,,,,,,,,,,,,,,,,,,,,,,,,,,,,,,,,,,,,,,,,,,,,,,,
147,climate modeling,Multimodal Learning,10,2025-06-18T13:59:04.001372,,,,,,,10.0,1.943310022354126,medical diagnosis,unknown,True,"Episode_10: 中間抽象度, 集約的 (dims: [13, 282, 58, 91, 281])",,,,,,,,,,,,,,,,,,,,,,,,,,,,,,,,,,,,,,,,,,,,,,,,
147,climate modeling,Multimodal Learning,10,2025-06-18T13:59:04.001372,,,,,,,,,,,,,20.0,1.943310022354126,medical diagnosis,unknown,True,"Episode_20: 中間抽象度, 集約的 (dims: [13, 282, 58, 91, 281])",,,,,,,,,,,,,,,,,,,,,,,,,,,,,,,,,,,,,,,,,,
147,climate modeling,Multimodal Learning,10,2025-06-18T13:59:04.001372,,,,,,,,,,,,,,,,,,,30.0,1.943310022354126,medical diagnosis,unknown,True,"Episode_30: 中間抽象度, 集約的 (dims: [13, 282, 58, 91, 281])",,,,,,,,,,,,,,,,,,,,,,,,,,,,,,,,,,,,
147,climate modeling,Multimodal Learning,10,2025-06-18T13:59:04.001372,,,,,,,,,,,,,,,,,,,,,,,,,40.0,1.943310022354126,medical diagnosis,unknown,True,"Episode_40: 中間抽象度, 集約的 (dims: [13, 282, 58, 91, 281])",,,,,,,,,,,,,,,,,,,,,,,,,,,,,,
147,climate modeling,Multimodal Learning,10,2025-06-18T13:59:04.001372,,,,,,,,,,,,,,,,,,,,,,,,,,,,,,,5.0,1.9013603925704956,cybersecurity,unknown,True,"Episode_5: 中間抽象度, 集約的 (dims: [106, 62, 379, 367, 71])",,,,,,,,,,,,,,,,,,,,,,,,
147,climate modeling,Multimodal Learning,10,2025-06-18T13:59:04.001372,,,,,,,,,,,,,,,,,,,,,,,,,,,,,,,,,,,,,15.0,1.9013603925704956,cybersecurity,unknown,True,"Episode_15: 中間抽象度, 集約的 (dims: [106, 62, 379, 367, 71])",,,,,,,,,,,,,,,,,,
147,climate modeling,Multimodal Learning,10,2025-06-18T13:59:04.001372,,,,,,,,,,,,,,,,,,,,,,,,,,,,,,,,,,,,,,,,,,,25.0,1.9013603925704956,cybersecurity,unknown,True,"Episode_25: 中間抽象度, 集約的 (dims: [106, 62, 379, 367, 71])",,,,,,,,,,,,
147,climate modeling,Multimodal Learning,10,2025-06-18T13:59:04.001372,,,,,,,,,,,,,,,,,,,,,,,,,,,,,,,,,,,,,,,,,,,,,,,,,35.0,1.9013603925704956,cybersecurity,unknown,True,"Episode_35: 中間抽象度, 集約的 (dims: [106, 62, 379, 367, 71])",,,,,,
147,climate modeling,Multimodal Learning,10,2025-06-18T13:59:04.001372,,,,,,,,,,,,,,,,,,,,,,,,,,,,,,,,,,,,,,,,,,,,,,,,,,,,,,,45.0,1.9013603925704956,cybersecurity,unknown,True,"Episode_45: 中間抽象度, 集約的 (dims: [106, 62, 379, 367, 71])"
148,drug discovery,Few-shot Learning,10,2025-06-18T13:59:04.046661,5.0,1.9423749446868896,cybersecurity,unknown,True,"Episode_5: 中間抽象度, 集約的 (dims: [106, 62, 379, 367, 71])",,,,,,,,,,,,,,,,,,,,,,,,,,,,,,,,,,,,,,,,,,,,,,,,,,,,,,
148,drug discovery,Few-shot Learning,10,2025-06-18T13:59:04.046661,,,,,,,15.0,1.9423749446868896,cybersecurity,unknown,True,"Episode_15: 中間抽象度, 集約的 (dims: [106, 62, 379, 367, 71])",,,,,,,,,,,,,,,,,,,,,,,,,,,,,,,,,,,,,,,,,,,,,,,,
148,drug discovery,Few-shot Learning,10,2025-06-18T13:59:04.046661,,,,,,,,,,,,,25.0,1.9423749446868896,cybersecurity,unknown,True,"Episode_25: 中間抽象度, 集約的 (dims: [106, 62, 379, 367, 71])",,,,,,,,,,,,,,,,,,,,,,,,,,,,,,,,,,,,,,,,,,
148,drug discovery,Few-shot Learning,10,2025-06-18T13:59:04.046661,,,,,,,,,,,,,,,,,,,35.0,1.9423749446868896,cybersecurity,unknown,True,"Episode_35: 中間抽象度, 集約的 (dims: [106, 62, 379, 367, 71])",,,,,,,,,,,,,,,,,,,,,,,,,,,,,,,,,,,,
148,drug discovery,Few-shot Learning,10,2025-06-18T13:59:04.046661,,,,,,,,,,,,,,,,,,,,,,,,,45.0,1.9423749446868896,cybersecurity,unknown,True,"Episode_45: 中間抽象度, 集約的 (dims: [106, 62, 379, 367, 71])",,,,,,,,,,,,,,,,,,,,,,,,,,,,,,
148,drug discovery,Few-shot Learning,10,2025-06-18T13:59:04.046661,,,,,,,,,,,,,,,,,,,,,,,,,,,,,,,0.0,1.9221811294555664,medical diagnosis,unknown,True,"Episode_0: 中間抽象度, 集約的 (dims: [13, 282, 58, 91, 281])",,,,,,,,,,,,,,,,,,,,,,,,
148,drug discovery,Few-shot Learning,10,2025-06-18T13:59:04.046661,,,,,,,,,,,,,,,,,,,,,,,,,,,,,,,,,,,,,10.0,1.9221811294555664,medical diagnosis,unknown,True,"Episode_10: 中間抽象度, 集約的 (dims: [13, 282, 58, 91, 281])",,,,,,,,,,,,,,,,,,
148,drug discovery,Few-shot Learning,10,2025-06-18T13:59:04.046661,,,,,,,,,,,,,,,,,,,,,,,,,,,,,,,,,,,,,,,,,,,20.0,1.9221811294555664,medical diagnosis,unknown,True,"Episode_20: 中間抽象度, 集約的 (dims: [13, 282, 58, 91, 281])",,,,,,,,,,,,
148,drug discovery,Few-shot Learning,10,2025-06-18T13:59:04.046661,,,,,,,,,,,,,,,,,,,,,,,,,,,,,,,,,,,,,,,,,,,,,,,,,30.0,1.9221811294555664,medical diagnosis,unknown,True,"Episode_30: 中間抽象度, 集約的 (dims: [13, 282, 58, 91, 281])",,,,,,
148,drug discovery,Few-shot Learning,10,2025-06-18T13:59:04.046661,,,,,,,,,,,,,,,,,,,,,,,,,,,,,,,,,,,,,,,,,,,,,,,,,,,,,,,40.0,1.9221811294555664,medical diagnosis,unknown,True,"Episode_40: 中間抽象度, 集約的 (dims: [13, 282, 58, 91, 281])"
149,financial prediction,Transfer Learning,10,2025-06-18T13:59:04.091481,5.0,1.927770733833313,cybersecurity,unknown,True,"Episode_5: 中間抽象度, 集約的 (dims: [106, 62, 379, 367, 71])",,,,,,,,,,,,,,,,,,,,,,,,,,,,,,,,,,,,,,,,,,,,,,,,,,,,,,
149,financial prediction,Transfer Learning,10,2025-06-18T13:59:04.091481,,,,,,,15.0,1.927770733833313,cybersecurity,unknown,True,"Episode_15: 中間抽象度, 集約的 (dims: [106, 62, 379, 367, 71])",,,,,,,,,,,,,,,,,,,,,,,,,,,,,,,,,,,,,,,,,,,,,,,,
149,financial prediction,Transfer Learning,10,2025-06-18T13:59:04.091481,,,,,,,,,,,,,25.0,1.927770733833313,cybersecurity,unknown,True,"Episode_25: 中間抽象度, 集約的 (dims: [106, 62, 379, 367, 71])",,,,,,,,,,,,,,,,,,,,,,,,,,,,,,,,,,,,,,,,,,
149,financial prediction,Transfer Learning,10,2025-06-18T13:59:04.091481,,,,,,,,,,,,,,,,,,,35.0,1.927770733833313,cybersecurity,unknown,True,"Episode_35: 中間抽象度, 集約的 (dims: [106, 62, 379, 367, 71])",,,,,,,,,,,,,,,,,,,,,,,,,,,,,,,,,,,,
149,financial prediction,Transfer Learning,10,2025-06-18T13:59:04.091481,,,,,,,,,,,,,,,,,,,,,,,,,45.0,1.927770733833313,cybersecurity,unknown,True,"Episode_45: 中間抽象度, 集約的 (dims: [106, 62, 379, 367, 71])",,,,,,,,,,,,,,,,,,,,,,,,,,,,,,
149,financial prediction,Transfer Learning,10,2025-06-18T13:59:04.091481,,,,,,,,,,,,,,,,,,,,,,,,,,,,,,,0.0,1.9256962537765503,medical diagnosis,unknown,True,"Episode_0: 中間抽象度, 集約的 (dims: [13, 282, 58, 91, 281])",,,,,,,,,,,,,,,,,,,,,,,,
149,financial prediction,Transfer Learning,10,2025-06-18T13:59:04.091481,,,,,,,,,,,,,,,,,,,,,,,,,,,,,,,,,,,,,10.0,1.9256962537765503,medical diagnosis,unknown,True,"Episode_10: 中間抽象度, 集約的 (dims: [13, 282, 58, 91, 281])",,,,,,,,,,,,,,,,,,
149,financial prediction,Transfer Learning,10,2025-06-18T13:59:04.091481,,,,,,,,,,,,,,,,,,,,,,,,,,,,,,,,,,,,,,,,,,,20.0,1.9256962537765503,medical diagnosis,unknown,True,"Episode_20: 中間抽象度, 集約的 (dims: [13, 282, 58, 91, 281])",,,,,,,,,,,,
149,financial prediction,Transfer Learning,10,2025-06-18T13:59:04.091481,,,,,,,,,,,,,,,,,,,,,,,,,,,,,,,,,,,,,,,,,,,,,,,,,30.0,1.9256962537765503,medical diagnosis,unknown,True,"Episode_30: 中間抽象度, 集約的 (dims: [13, 282, 58, 91, 281])",,,,,,
149,financial prediction,Transfer Learning,10,2025-06-18T13:59:04.091481,,,,,,,,,,,,,,,,,,,,,,,,,,,,,,,,,,,,,,,,,,,,,,,,,,,,,,,40.0,1.9256962537765503,medical diagnosis,unknown,True,"Episode_40: 中間抽象度, 集約的 (dims: [13, 282, 58, 91, 281])"
150,educational technology,Adversarial Machine Learning,10,2025-06-18T13:59:04.136808,5.0,1.932023525238037,cybersecurity,unknown,True,"Episode_5: 中間抽象度, 集約的 (dims: [106, 62, 379, 367, 71])",,,,,,,,,,,,,,,,,,,,,,,,,,,,,,,,,,,,,,,,,,,,,,,,,,,,,,
150,educational technology,Adversarial Machine Learning,10,2025-06-18T13:59:04.136808,,,,,,,15.0,1.932023525238037,cybersecurity,unknown,True,"Episode_15: 中間抽象度, 集約的 (dims: [106, 62, 379, 367, 71])",,,,,,,,,,,,,,,,,,,,,,,,,,,,,,,,,,,,,,,,,,,,,,,,
150,educational technology,Adversarial Machine Learning,10,2025-06-18T13:59:04.136808,,,,,,,,,,,,,25.0,1.932023525238037,cybersecurity,unknown,True,"Episode_25: 中間抽象度, 集約的 (dims: [106, 62, 379, 367, 71])",,,,,,,,,,,,,,,,,,,,,,,,,,,,,,,,,,,,,,,,,,
150,educational technology,Adversarial Machine Learning,10,2025-06-18T13:59:04.136808,,,,,,,,,,,,,,,,,,,35.0,1.932023525238037,cybersecurity,unknown,True,"Episode_35: 中間抽象度, 集約的 (dims: [106, 62, 379, 367, 71])",,,,,,,,,,,,,,,,,,,,,,,,,,,,,,,,,,,,
150,educational technology,Adversarial Machine Learning,10,2025-06-18T13:59:04.136808,,,,,,,,,,,,,,,,,,,,,,,,,45.0,1.932023525238037,cybersecurity,unknown,True,"Episode_45: 中間抽象度, 集約的 (dims: [106, 62, 379, 367, 71])",,,,,,,,,,,,,,,,,,,,,,,,,,,,,,
150,educational technology,Adversarial Machine Learning,10,2025-06-18T13:59:04.136808,,,,,,,,,,,,,,,,,,,,,,,,,,,,,,,0.0,1.928670048713684,medical diagnosis,unknown,True,"Episode_0: 中間抽象度, 集約的 (dims: [13, 282, 58, 91, 281])",,,,,,,,,,,,,,,,,,,,,,,,
150,educational technology,Adversarial Machine Learning,10,2025-06-18T13:59:04.136808,,,,,,,,,,,,,,,,,,,,,,,,,,,,,,,,,,,,,10.0,1.928670048713684,medical diagnosis,unknown,True,"Episode_10: 中間抽象度, 集約的 (dims: [13, 282, 58, 91, 281])",,,,,,,,,,,,,,,,,,
150,educational technology,Adversarial Machine Learning,10,2025-06-18T13:59:04.136808,,,,,,,,,,,,,,,,,,,,,,,,,,,,,,,,,,,,,,,,,,,20.0,1.928670048713684,medical diagnosis,unknown,True,"Episode_20: 中間抽象度, 集約的 (dims: [13, 282, 58, 91, 281])",,,,,,,,,,,,
150,educational technology,Adversarial Machine Learning,10,2025-06-18T13:59:04.136808,,,,,,,,,,,,,,,,,,,,,,,,,,,,,,,,,,,,,,,,,,,,,,,,,30.0,1.928670048713684,medical diagnosis,unknown,True,"Episode_30: 中間抽象度, 集約的 (dims: [13, 282, 58, 91, 281])",,,,,,
150,educational technology,Adversarial Machine Learning,10,2025-06-18T13:59:04.136808,,,,,,,,,,,,,,,,,,,,,,,,,,,,,,,,,,,,,,,,,,,,,,,,,,,,,,,40.0,1.928670048713684,medical diagnosis,unknown,True,"Episode_40: 中間抽象度, 集約的 (dims: [13, 282, 58, 91, 281])"
151,medical diagnosis,Large Language Models,5,2025-06-18T13:59:04.183569,5.0,1.893110990524292,cybersecurity,unknown,True,"Episode_5: 中間抽象度, 集約的 (dims: [106, 62, 379, 367, 71])",,,,,,,,,,,,,,,,,,,,,,,,,,,,,,,,,,,,,,,,,,,,,,,,,,,,,,
151,medical diagnosis,Large Language Models,5,2025-06-18T13:59:04.183569,,,,,,,15.0,1.893110990524292,cybersecurity,unknown,True,"Episode_15: 中間抽象度, 集約的 (dims: [106, 62, 379, 367, 71])",,,,,,,,,,,,,,,,,,,,,,,,,,,,,,,,,,,,,,,,,,,,,,,,
151,medical diagnosis,Large Language Models,5,2025-06-18T13:59:04.183569,,,,,,,,,,,,,25.0,1.893110990524292,cybersecurity,unknown,True,"Episode_25: 中間抽象度, 集約的 (dims: [106, 62, 379, 367, 71])",,,,,,,,,,,,,,,,,,,,,,,,,,,,,,,,,,,,,,,,,,
151,medical diagnosis,Large Language Models,5,2025-06-18T13:59:04.183569,,,,,,,,,,,,,,,,,,,35.0,1.893110990524292,cybersecurity,unknown,True,"Episode_35: 中間抽象度, 集約的 (dims: [106, 62, 379, 367, 71])",,,,,,,,,,,,,,,,,,,,,,,,,,,,,,,,,,,,
151,medical diagnosis,Large Language Models,5,2025-06-18T13:59:04.183569,,,,,,,,,,,,,,,,,,,,,,,,,45.0,1.893110990524292,cybersecurity,unknown,True,"Episode_45: 中間抽象度, 集約的 (dims: [106, 62, 379, 367, 71])",,,,,,,,,,,,,,,,,,,,,,,,,,,,,,
151,medical diagnosis,Large Language Models,5,2025-06-18T13:59:04.183569,,,,,,,,,,,,,,,,,,,,,,,,,,,,,,,0.0,1.8874430656433105,medical diagnosis,unknown,False,"Episode_0: 中間抽象度, 集約的 (dims: [13, 282, 58, 91, 281])",,,,,,,,,,,,,,,,,,,,,,,,
151,medical diagnosis,Large Language Models,5,2025-06-18T13:59:04.183569,,,,,,,,,,,,,,,,,,,,,,,,,,,,,,,,,,,,,10.0,1.8874430656433105,medical diagnosis,unknown,False,"Episode_10: 中間抽象度, 集約的 (dims: [13, 282, 58, 91, 281])",,,,,,,,,,,,,,,,,,
151,medical diagnosis,Large Language Models,5,2025-06-18T13:59:04.183569,,,,,,,,,,,,,,,,,,,,,,,,,,,,,,,,,,,,,,,,,,,20.0,1.8874430656433105,medical diagnosis,unknown,False,"Episode_20: 中間抽象度, 集約的 (dims: [13, 282, 58, 91, 281])",,,,,,,,,,,,
151,medical diagnosis,Large Language Models,5,2025-06-18T13:59:04.183569,,,,,,,,,,,,,,,,,,,,,,,,,,,,,,,,,,,,,,,,,,,,,,,,,30.0,1.8874430656433105,medical diagnosis,unknown,False,"Episode_30: 中間抽象度, 集約的 (dims: [13, 282, 58, 91, 281])",,,,,,
151,medical diagnosis,Large Language Models,5,2025-06-18T13:59:04.183569,,,,,,,,,,,,,,,,,,,,,,,,,,,,,,,,,,,,,,,,,,,,,,,,,,,,,,,40.0,1.8874430656433105,medical diagnosis,unknown,False,"Episode_40: 中間抽象度, 集約的 (dims: [13, 282, 58, 91, 281])"
152,autonomous systems,Computer Vision,10,2025-06-18T13:59:04.227601,5.0,1.913588047027588,cybersecurity,unknown,True,"Episode_5: 中間抽象度, 集約的 (dims: [106, 62, 379, 367, 71])",,,,,,,,,,,,,,,,,,,,,,,,,,,,,,,,,,,,,,,,,,,,,,,,,,,,,,
152,autonomous systems,Computer Vision,10,2025-06-18T13:59:04.227601,,,,,,,15.0,1.913588047027588,cybersecurity,unknown,True,"Episode_15: 中間抽象度, 集約的 (dims: [106, 62, 379, 367, 71])",,,,,,,,,,,,,,,,,,,,,,,,,,,,,,,,,,,,,,,,,,,,,,,,
152,autonomous systems,Computer Vision,10,2025-06-18T13:59:04.227601,,,,,,,,,,,,,25.0,1.913588047027588,cybersecurity,unknown,True,"Episode_25: 中間抽象度, 集約的 (dims: [106, 62, 379, 367, 71])",,,,,,,,,,,,,,,,,,,,,,,,,,,,,,,,,,,,,,,,,,
152,autonomous systems,Computer Vision,10,2025-06-18T13:59:04.227601,,,,,,,,,,,,,,,,,,,35.0,1.913588047027588,cybersecurity,unknown,True,"Episode_35: 中間抽象度, 集約的 (dims: [106, 62, 379, 367, 71])",,,,,,,,,,,,,,,,,,,,,,,,,,,,,,,,,,,,
152,autonomous systems,Computer Vision,10,2025-06-18T13:59:04.227601,,,,,,,,,,,,,,,,,,,,,,,,,0.0,1.8768787384033203,medical diagnosis,unknown,True,"Episode_0: 中間抽象度, 集約的 (dims: [13, 282, 58, 91, 281])",,,,,,,,,,,,,,,,,,,,,,,,,,,,,,
152,autonomous systems,Computer Vision,10,2025-06-18T13:59:04.227601,,,,,,,,,,,,,,,,,,,,,,,,,,,,,,,10.0,1.8768787384033203,medical diagnosis,unknown,True,"Episode_10: 中間抽象度, 集約的 (dims: [13, 282, 58, 91, 281])",,,,,,,,,,,,,,,,,,,,,,,,
152,autonomous systems,Computer Vision,10,2025-06-18T13:59:04.227601,,,,,,,,,,,,,,,,,,,,,,,,,,,,,,,,,,,,,20.0,1.8768787384033203,medical diagnosis,unknown,True,"Episode_20: 中間抽象度, 集約的 (dims: [13, 282, 58, 91, 281])",,,,,,,,,,,,,,,,,,
152,autonomous systems,Computer Vision,10,2025-06-18T13:59:04.227601,,,,,,,,,,,,,,,,,,,,,,,,,,,,,,,,,,,,,,,,,,,30.0,1.8768787384033203,medical diagnosis,unknown,True,"Episode_30: 中間抽象度, 集約的 (dims: [13, 282, 58, 91, 281])",,,,,,,,,,,,
152,autonomous systems,Computer Vision,10,2025-06-18T13:59:04.227601,,,,,,,,,,,,,,,,,,,,,,,,,,,,,,,,,,,,,,,,,,,,,,,,,40.0,1.8768787384033203,medical diagnosis,unknown,True,"Episode_40: 中間抽象度, 集約的 (dims: [13, 282, 58, 91, 281])",,,,,,
152,autonomous systems,Computer Vision,10,2025-06-18T13:59:04.227601,,,,,,,,,,,,,,,,,,,,,,,,,,,,,,,,,,,,,,,,,,,,,,,,,,,,,,,50.0,1.8768787384033203,medical diagnosis,unknown,True,"Episode_50: 中間抽象度, 集約的 (dims: [13, 282, 58, 91, 281])"
153,natural language processing,Reinforcement Learning,10,2025-06-18T13:59:04.271552,0.0,1.9134697914123535,medical diagnosis,unknown,True,"Episode_0: 中間抽象度, 集約的 (dims: [13, 282, 58, 91, 281])",,,,,,,,,,,,,,,,,,,,,,,,,,,,,,,,,,,,,,,,,,,,,,,,,,,,,,
153,natural language processing,Reinforcement Learning,10,2025-06-18T13:59:04.271552,,,,,,,10.0,1.9134697914123535,medical diagnosis,unknown,True,"Episode_10: 中間抽象度, 集約的 (dims: [13, 282, 58, 91, 281])",,,,,,,,,,,,,,,,,,,,,,,,,,,,,,,,,,,,,,,,,,,,,,,,
153,natural language processing,Reinforcement Learning,10,2025-06-18T13:59:04.271552,,,,,,,,,,,,,20.0,1.9134697914123535,medical diagnosis,unknown,True,"Episode_20: 中間抽象度, 集約的 (dims: [13, 282, 58, 91, 281])",,,,,,,,,,,,,,,,,,,,,,,,,,,,,,,,,,,,,,,,,,
153,natural language processing,Reinforcement Learning,10,2025-06-18T13:59:04.271552,,,,,,,,,,,,,,,,,,,30.0,1.9134697914123535,medical diagnosis,unknown,True,"Episode_30: 中間抽象度, 集約的 (dims: [13, 282, 58, 91, 281])",,,,,,,,,,,,,,,,,,,,,,,,,,,,,,,,,,,,
153,natural language processing,Reinforcement Learning,10,2025-06-18T13:59:04.271552,,,,,,,,,,,,,,,,,,,,,,,,,40.0,1.9134697914123535,medical diagnosis,unknown,True,"Episode_40: 中間抽象度, 集約的 (dims: [13, 282, 58, 91, 281])",,,,,,,,,,,,,,,,,,,,,,,,,,,,,,
153,natural language processing,Reinforcement Learning,10,2025-06-18T13:59:04.271552,,,,,,,,,,,,,,,,,,,,,,,,,,,,,,,5.0,1.8832250833511353,cybersecurity,unknown,True,"Episode_5: 中間抽象度, 集約的 (dims: [106, 62, 379, 367, 71])",,,,,,,,,,,,,,,,,,,,,,,,
153,natural language processing,Reinforcement Learning,10,2025-06-18T13:59:04.271552,,,,,,,,,,,,,,,,,,,,,,,,,,,,,,,,,,,,,15.0,1.8832250833511353,cybersecurity,unknown,True,"Episode_15: 中間抽象度, 集約的 (dims: [106, 62, 379, 367, 71])",,,,,,,,,,,,,,,,,,
153,natural language processing,Reinforcement Learning,10,2025-06-18T13:59:04.271552,,,,,,,,,,,,,,,,,,,,,,,,,,,,,,,,,,,,,,,,,,,25.0,1.8832250833511353,cybersecurity,unknown,True,"Episode_25: 中間抽象度, 集約的 (dims: [106, 62, 379, 367, 71])",,,,,,,,,,,,
153,natural language processing,Reinforcement Learning,10,2025-06-18T13:59:04.271552,,,,,,,,,,,,,,,,,,,,,,,,,,,,,,,,,,,,,,,,,,,,,,,,,35.0,1.8832250833511353,cybersecurity,unknown,True,"Episode_35: 中間抽象度, 集約的 (dims: [106, 62, 379, 367, 71])",,,,,,
153,natural language processing,Reinforcement Learning,10,2025-06-18T13:59:04.271552,,,,,,,,,,,,,,,,,,,,,,,,,,,,,,,,,,,,,,,,,,,,,,,,,,,,,,,45.0,1.8832250833511353,cybersecurity,unknown,True,"Episode_45: 中間抽象度, 集約的 (dims: [106, 62, 379, 367, 71])"
154,computer vision,Graph Neural Networks,10,2025-06-18T13:59:04.314865,5.0,1.9527543783187866,cybersecurity,unknown,True,"Episode_5: 中間抽象度, 集約的 (dims: [106, 62, 379, 367, 71])",,,,,,,,,,,,,,,,,,,,,,,,,,,,,,,,,,,,,,,,,,,,,,,,,,,,,,
154,computer vision,Graph Neural Networks,10,2025-06-18T13:59:04.314865,,,,,,,15.0,1.9527543783187866,cybersecurity,unknown,True,"Episode_15: 中間抽象度, 集約的 (dims: [106, 62, 379, 367, 71])",,,,,,,,,,,,,,,,,,,,,,,,,,,,,,,,,,,,,,,,,,,,,,,,
154,computer vision,Graph Neural Networks,10,2025-06-18T13:59:04.314865,,,,,,,,,,,,,25.0,1.9527543783187866,cybersecurity,unknown,True,"Episode_25: 中間抽象度, 集約的 (dims: [106, 62, 379, 367, 71])",,,,,,,,,,,,,,,,,,,,,,,,,,,,,,,,,,,,,,,,,,
154,computer vision,Graph Neural Networks,10,2025-06-18T13:59:04.314865,,,,,,,,,,,,,,,,,,,35.0,1.9527543783187866,cybersecurity,unknown,True,"Episode_35: 中間抽象度, 集約的 (dims: [106, 62, 379, 367, 71])",,,,,,,,,,,,,,,,,,,,,,,,,,,,,,,,,,,,
154,computer vision,Graph Neural Networks,10,2025-06-18T13:59:04.314865,,,,,,,,,,,,,,,,,,,,,,,,,0.0,1.894721269607544,medical diagnosis,unknown,True,"Episode_0: 中間抽象度, 集約的 (dims: [13, 282, 58, 91, 281])",,,,,,,,,,,,,,,,,,,,,,,,,,,,,,
154,computer vision,Graph Neural Networks,10,2025-06-18T13:59:04.314865,,,,,,,,,,,,,,,,,,,,,,,,,,,,,,,10.0,1.894721269607544,medical diagnosis,unknown,True,"Episode_10: 中間抽象度, 集約的 (dims: [13, 282, 58, 91, 281])",,,,,,,,,,,,,,,,,,,,,,,,
154,computer vision,Graph Neural Networks,10,2025-06-18T13:59:04.314865,,,,,,,,,,,,,,,,,,,,,,,,,,,,,,,,,,,,,20.0,1.894721269607544,medical diagnosis,unknown,True,"Episode_20: 中間抽象度, 集約的 (dims: [13, 282, 58, 91, 281])",,,,,,,,,,,,,,,,,,
154,computer vision,Graph Neural Networks,10,2025-06-18T13:59:04.314865,,,,,,,,,,,,,,,,,,,,,,,,,,,,,,,,,,,,,,,,,,,30.0,1.894721269607544,medical diagnosis,unknown,True,"Episode_30: 中間抽象度, 集約的 (dims: [13, 282, 58, 91, 281])",,,,,,,,,,,,
154,computer vision,Graph Neural Networks,10,2025-06-18T13:59:04.314865,,,,,,,,,,,,,,,,,,,,,,,,,,,,,,,,,,,,,,,,,,,,,,,,,40.0,1.894721269607544,medical diagnosis,unknown,True,"Episode_40: 中間抽象度, 集約的 (dims: [13, 282, 58, 91, 281])",,,,,,
154,computer vision,Graph Neural Networks,10,2025-06-18T13:59:04.314865,,,,,,,,,,,,,,,,,,,,,,,,,,,,,,,,,,,,,,,,,,,,,,,,,,,,,,,50.0,1.894721269607544,medical diagnosis,unknown,True,"Episode_50: 中間抽象度, 集約的 (dims: [13, 282, 58, 91, 281])"
155,robotics,Federated Learning,10,2025-06-18T13:59:04.358142,0.0,1.8845016956329346,medical diagnosis,unknown,True,"Episode_0: 中間抽象度, 集約的 (dims: [13, 282, 58, 91, 281])",,,,,,,,,,,,,,,,,,,,,,,,,,,,,,,,,,,,,,,,,,,,,,,,,,,,,,
155,robotics,Federated Learning,10,2025-06-18T13:59:04.358142,,,,,,,10.0,1.8845016956329346,medical diagnosis,unknown,True,"Episode_10: 中間抽象度, 集約的 (dims: [13, 282, 58, 91, 281])",,,,,,,,,,,,,,,,,,,,,,,,,,,,,,,,,,,,,,,,,,,,,,,,
155,robotics,Federated Learning,10,2025-06-18T13:59:04.358142,,,,,,,,,,,,,20.0,1.8845016956329346,medical diagnosis,unknown,True,"Episode_20: 中間抽象度, 集約的 (dims: [13, 282, 58, 91, 281])",,,,,,,,,,,,,,,,,,,,,,,,,,,,,,,,,,,,,,,,,,
155,robotics,Federated Learning,10,2025-06-18T13:59:04.358142,,,,,,,,,,,,,,,,,,,30.0,1.8845016956329346,medical diagnosis,unknown,True,"Episode_30: 中間抽象度, 集約的 (dims: [13, 282, 58, 91, 281])",,,,,,,,,,,,,,,,,,,,,,,,,,,,,,,,,,,,
155,robotics,Federated Learning,10,2025-06-18T13:59:04.358142,,,,,,,,,,,,,,,,,,,,,,,,,40.0,1.8845016956329346,medical diagnosis,unknown,True,"Episode_40: 中間抽象度, 集約的 (dims: [13, 282, 58, 91, 281])",,,,,,,,,,,,,,,,,,,,,,,,,,,,,,
155,robotics,Federated Learning,10,2025-06-18T13:59:04.358142,,,,,,,,,,,,,,,,,,,,,,,,,,,,,,,5.0,1.8728573322296143,cybersecurity,unknown,True,"Episode_5: 中間抽象度, 集約的 (dims: [106, 62, 379, 367, 71])",,,,,,,,,,,,,,,,,,,,,,,,
155,robotics,Federated Learning,10,2025-06-18T13:59:04.358142,,,,,,,,,,,,,,,,,,,,,,,,,,,,,,,,,,,,,15.0,1.8728573322296143,cybersecurity,unknown,True,"Episode_15: 中間抽象度, 集約的 (dims: [106, 62, 379, 367, 71])",,,,,,,,,,,,,,,,,,
155,robotics,Federated Learning,10,2025-06-18T13:59:04.358142,,,,,,,,,,,,,,,,,,,,,,,,,,,,,,,,,,,,,,,,,,,25.0,1.8728573322296143,cybersecurity,unknown,True,"Episode_25: 中間抽象度, 集約的 (dims: [106, 62, 379, 367, 71])",,,,,,,,,,,,
155,robotics,Federated Learning,10,2025-06-18T13:59:04.358142,,,,,,,,,,,,,,,,,,,,,,,,,,,,,,,,,,,,,,,,,,,,,,,,,35.0,1.8728573322296143,cybersecurity,unknown,True,"Episode_35: 中間抽象度, 集約的 (dims: [106, 62, 379, 367, 71])",,,,,,
155,robotics,Federated Learning,10,2025-06-18T13:59:04.358142,,,,,,,,,,,,,,,,,,,,,,,,,,,,,,,,,,,,,,,,,,,,,,,,,,,,,,,45.0,1.8728573322296143,cybersecurity,unknown,True,"Episode_45: 中間抽象度, 集約的 (dims: [106, 62, 379, 367, 71])"
156,cybersecurity,Explainable AI,6,2025-06-18T13:59:04.402604,5.0,1.9190136194229126,cybersecurity,unknown,False,"Episode_5: 中間抽象度, 集約的 (dims: [106, 62, 379, 367, 71])",,,,,,,,,,,,,,,,,,,,,,,,,,,,,,,,,,,,,,,,,,,,,,,,,,,,,,
156,cybersecurity,Explainable AI,6,2025-06-18T13:59:04.402604,,,,,,,15.0,1.9190136194229126,cybersecurity,unknown,False,"Episode_15: 中間抽象度, 集約的 (dims: [106, 62, 379, 367, 71])",,,,,,,,,,,,,,,,,,,,,,,,,,,,,,,,,,,,,,,,,,,,,,,,
156,cybersecurity,Explainable AI,6,2025-06-18T13:59:04.402604,,,,,,,,,,,,,25.0,1.9190136194229126,cybersecurity,unknown,False,"Episode_25: 中間抽象度, 集約的 (dims: [106, 62, 379, 367, 71])",,,,,,,,,,,,,,,,,,,,,,,,,,,,,,,,,,,,,,,,,,
156,cybersecurity,Explainable AI,6,2025-06-18T13:59:04.402604,,,,,,,,,,,,,,,,,,,35.0,1.9190136194229126,cybersecurity,unknown,False,"Episode_35: 中間抽象度, 集約的 (dims: [106, 62, 379, 367, 71])",,,,,,,,,,,,,,,,,,,,,,,,,,,,,,,,,,,,
156,cybersecurity,Explainable AI,6,2025-06-18T13:59:04.402604,,,,,,,,,,,,,,,,,,,,,,,,,0.0,1.911033272743225,medical diagnosis,unknown,True,"Episode_0: 中間抽象度, 集約的 (dims: [13, 282, 58, 91, 281])",,,,,,,,,,,,,,,,,,,,,,,,,,,,,,
156,cybersecurity,Explainable AI,6,2025-06-18T13:59:04.402604,,,,,,,,,,,,,,,,,,,,,,,,,,,,,,,10.0,1.911033272743225,medical diagnosis,unknown,True,"Episode_10: 中間抽象度, 集約的 (dims: [13, 282, 58, 91, 281])",,,,,,,,,,,,,,,,,,,,,,,,
156,cybersecurity,Explainable AI,6,2025-06-18T13:59:04.402604,,,,,,,,,,,,,,,,,,,,,,,,,,,,,,,,,,,,,20.0,1.911033272743225,medical diagnosis,unknown,True,"Episode_20: 中間抽象度, 集約的 (dims: [13, 282, 58, 91, 281])",,,,,,,,,,,,,,,,,,
156,cybersecurity,Explainable AI,6,2025-06-18T13:59:04.402604,,,,,,,,,,,,,,,,,,,,,,,,,,,,,,,,,,,,,,,,,,,30.0,1.911033272743225,medical diagnosis,unknown,True,"Episode_30: 中間抽象度, 集約的 (dims: [13, 282, 58, 91, 281])",,,,,,,,,,,,
156,cybersecurity,Explainable AI,6,2025-06-18T13:59:04.402604,,,,,,,,,,,,,,,,,,,,,,,,,,,,,,,,,,,,,,,,,,,,,,,,,40.0,1.911033272743225,medical diagnosis,unknown,True,"Episode_40: 中間抽象度, 集約的 (dims: [13, 282, 58, 91, 281])",,,,,,
156,cybersecurity,Explainable AI,6,2025-06-18T13:59:04.402604,,,,,,,,,,,,,,,,,,,,,,,,,,,,,,,,,,,,,,,,,,,,,,,,,,,,,,,50.0,1.911033272743225,medical diagnosis,unknown,True,"Episode_50: 中間抽象度, 集約的 (dims: [13, 282, 58, 91, 281])"
157,climate modeling,Multimodal Learning,10,2025-06-18T13:59:04.447122,0.0,1.943310022354126,medical diagnosis,unknown,True,"Episode_0: 中間抽象度, 集約的 (dims: [13, 282, 58, 91, 281])",,,,,,,,,,,,,,,,,,,,,,,,,,,,,,,,,,,,,,,,,,,,,,,,,,,,,,
157,climate modeling,Multimodal Learning,10,2025-06-18T13:59:04.447122,,,,,,,10.0,1.943310022354126,medical diagnosis,unknown,True,"Episode_10: 中間抽象度, 集約的 (dims: [13, 282, 58, 91, 281])",,,,,,,,,,,,,,,,,,,,,,,,,,,,,,,,,,,,,,,,,,,,,,,,
157,climate modeling,Multimodal Learning,10,2025-06-18T13:59:04.447122,,,,,,,,,,,,,20.0,1.943310022354126,medical diagnosis,unknown,True,"Episode_20: 中間抽象度, 集約的 (dims: [13, 282, 58, 91, 281])",,,,,,,,,,,,,,,,,,,,,,,,,,,,,,,,,,,,,,,,,,
157,climate modeling,Multimodal Learning,10,2025-06-18T13:59:04.447122,,,,,,,,,,,,,,,,,,,30.0,1.943310022354126,medical diagnosis,unknown,True,"Episode_30: 中間抽象度, 集約的 (dims: [13, 282, 58, 91, 281])",,,,,,,,,,,,,,,,,,,,,,,,,,,,,,,,,,,,
157,climate modeling,Multimodal Learning,10,2025-06-18T13:59:04.447122,,,,,,,,,,,,,,,,,,,,,,,,,5.0,1.9013603925704956,cybersecurity,unknown,True,"Episode_5: 中間抽象度, 集約的 (dims: [106, 62, 379, 367, 71])",,,,,,,,,,,,,,,,,,,,,,,,,,,,,,
157,climate modeling,Multimodal Learning,10,2025-06-18T13:59:04.447122,,,,,,,,,,,,,,,,,,,,,,,,,,,,,,,15.0,1.9013603925704956,cybersecurity,unknown,True,"Episode_15: 中間抽象度, 集約的 (dims: [106, 62, 379, 367, 71])",,,,,,,,,,,,,,,,,,,,,,,,
157,climate modeling,Multimodal Learning,10,2025-06-18T13:59:04.447122,,,,,,,,,,,,,,,,,,,,,,,,,,,,,,,,,,,,,25.0,1.9013603925704956,cybersecurity,unknown,True,"Episode_25: 中間抽象度, 集約的 (dims: [106, 62, 379, 367, 71])",,,,,,,,,,,,,,,,,,
157,climate modeling,Multimodal Learning,10,2025-06-18T13:59:04.447122,,,,,,,,,,,,,,,,,,,,,,,,,,,,,,,,,,,,,,,,,,,35.0,1.9013603925704956,cybersecurity,unknown,True,"Episode_35: 中間抽象度, 集約的 (dims: [106, 62, 379, 367, 71])",,,,,,,,,,,,
157,climate modeling,Multimodal Learning,10,2025-06-18T13:59:04.447122,,,,,,,,,,,,,,,,,,,,,,,,,,,,,,,,,,,,,,,,,,,,,,,,,45.0,1.9013603925704956,cybersecurity,unknown,True,"Episode_45: 中間抽象度, 集約的 (dims: [106, 62, 379, 367, 71])",,,,,,
157,climate modeling,Multimodal Learning,10,2025-06-18T13:59:04.447122,,,,,,,,,,,,,,,,,,,,,,,,,,,,,,,,,,,,,,,,,,,,,,,,,,,,,,,55.0,1.9013603925704956,cybersecurity,unknown,True,"Episode_55: 中間抽象度, 集約的 (dims: [106, 62, 379, 367, 71])"
158,drug discovery,Few-shot Learning,10,2025-06-18T13:59:04.493385,5.0,1.9423749446868896,cybersecurity,unknown,True,"Episode_5: 中間抽象度, 集約的 (dims: [106, 62, 379, 367, 71])",,,,,,,,,,,,,,,,,,,,,,,,,,,,,,,,,,,,,,,,,,,,,,,,,,,,,,
158,drug discovery,Few-shot Learning,10,2025-06-18T13:59:04.493385,,,,,,,15.0,1.9423749446868896,cybersecurity,unknown,True,"Episode_15: 中間抽象度, 集約的 (dims: [106, 62, 379, 367, 71])",,,,,,,,,,,,,,,,,,,,,,,,,,,,,,,,,,,,,,,,,,,,,,,,
158,drug discovery,Few-shot Learning,10,2025-06-18T13:59:04.493385,,,,,,,,,,,,,25.0,1.9423749446868896,cybersecurity,unknown,True,"Episode_25: 中間抽象度, 集約的 (dims: [106, 62, 379, 367, 71])",,,,,,,,,,,,,,,,,,,,,,,,,,,,,,,,,,,,,,,,,,
158,drug discovery,Few-shot Learning,10,2025-06-18T13:59:04.493385,,,,,,,,,,,,,,,,,,,35.0,1.9423749446868896,cybersecurity,unknown,True,"Episode_35: 中間抽象度, 集約的 (dims: [106, 62, 379, 367, 71])",,,,,,,,,,,,,,,,,,,,,,,,,,,,,,,,,,,,
158,drug discovery,Few-shot Learning,10,2025-06-18T13:59:04.493385,,,,,,,,,,,,,,,,,,,,,,,,,0.0,1.9221811294555664,medical diagnosis,unknown,True,"Episode_0: 中間抽象度, 集約的 (dims: [13, 282, 58, 91, 281])",,,,,,,,,,,,,,,,,,,,,,,,,,,,,,
158,drug discovery,Few-shot Learning,10,2025-06-18T13:59:04.493385,,,,,,,,,,,,,,,,,,,,,,,,,,,,,,,10.0,1.9221811294555664,medical diagnosis,unknown,True,"Episode_10: 中間抽象度, 集約的 (dims: [13, 282, 58, 91, 281])",,,,,,,,,,,,,,,,,,,,,,,,
158,drug discovery,Few-shot Learning,10,2025-06-18T13:59:04.493385,,,,,,,,,,,,,,,,,,,,,,,,,,,,,,,,,,,,,20.0,1.9221811294555664,medical diagnosis,unknown,True,"Episode_20: 中間抽象度, 集約的 (dims: [13, 282, 58, 91, 281])",,,,,,,,,,,,,,,,,,
158,drug discovery,Few-shot Learning,10,2025-06-18T13:59:04.493385,,,,,,,,,,,,,,,,,,,,,,,,,,,,,,,,,,,,,,,,,,,30.0,1.9221811294555664,medical diagnosis,unknown,True,"Episode_30: 中間抽象度, 集約的 (dims: [13, 282, 58, 91, 281])",,,,,,,,,,,,
158,drug discovery,Few-shot Learning,10,2025-06-18T13:59:04.493385,,,,,,,,,,,,,,,,,,,,,,,,,,,,,,,,,,,,,,,,,,,,,,,,,40.0,1.9221811294555664,medical diagnosis,unknown,True,"Episode_40: 中間抽象度, 集約的 (dims: [13, 282, 58, 91, 281])",,,,,,
158,drug discovery,Few-shot Learning,10,2025-06-18T13:59:04.493385,,,,,,,,,,,,,,,,,,,,,,,,,,,,,,,,,,,,,,,,,,,,,,,,,,,,,,,50.0,1.9221811294555664,medical diagnosis,unknown,True,"Episode_50: 中間抽象度, 集約的 (dims: [13, 282, 58, 91, 281])"
159,financial prediction,Transfer Learning,10,2025-06-18T13:59:04.537018,5.0,1.927770733833313,cybersecurity,unknown,True,"Episode_5: 中間抽象度, 集約的 (dims: [106, 62, 379, 367, 71])",,,,,,,,,,,,,,,,,,,,,,,,,,,,,,,,,,,,,,,,,,,,,,,,,,,,,,
159,financial prediction,Transfer Learning,10,2025-06-18T13:59:04.537018,,,,,,,15.0,1.927770733833313,cybersecurity,unknown,True,"Episode_15: 中間抽象度, 集約的 (dims: [106, 62, 379, 367, 71])",,,,,,,,,,,,,,,,,,,,,,,,,,,,,,,,,,,,,,,,,,,,,,,,
159,financial prediction,Transfer Learning,10,2025-06-18T13:59:04.537018,,,,,,,,,,,,,25.0,1.927770733833313,cybersecurity,unknown,True,"Episode_25: 中間抽象度, 集約的 (dims: [106, 62, 379, 367, 71])",,,,,,,,,,,,,,,,,,,,,,,,,,,,,,,,,,,,,,,,,,
159,financial prediction,Transfer Learning,10,2025-06-18T13:59:04.537018,,,,,,,,,,,,,,,,,,,35.0,1.927770733833313,cybersecurity,unknown,True,"Episode_35: 中間抽象度, 集約的 (dims: [106, 62, 379, 367, 71])",,,,,,,,,,,,,,,,,,,,,,,,,,,,,,,,,,,,
159,financial prediction,Transfer Learning,10,2025-06-18T13:59:04.537018,,,,,,,,,,,,,,,,,,,,,,,,,0.0,1.9256962537765503,medical diagnosis,unknown,True,"Episode_0: 中間抽象度, 集約的 (dims: [13, 282, 58, 91, 281])",,,,,,,,,,,,,,,,,,,,,,,,,,,,,,
159,financial prediction,Transfer Learning,10,2025-06-18T13:59:04.537018,,,,,,,,,,,,,,,,,,,,,,,,,,,,,,,10.0,1.9256962537765503,medical diagnosis,unknown,True,"Episode_10: 中間抽象度, 集約的 (dims: [13, 282, 58, 91, 281])",,,,,,,,,,,,,,,,,,,,,,,,
159,financial prediction,Transfer Learning,10,2025-06-18T13:59:04.537018,,,,,,,,,,,,,,,,,,,,,,,,,,,,,,,,,,,,,20.0,1.9256962537765503,medical diagnosis,unknown,True,"Episode_20: 中間抽象度, 集約的 (dims: [13, 282, 58, 91, 281])",,,,,,,,,,,,,,,,,,
159,financial prediction,Transfer Learning,10,2025-06-18T13:59:04.537018,,,,,,,,,,,,,,,,,,,,,,,,,,,,,,,,,,,,,,,,,,,30.0,1.9256962537765503,medical diagnosis,unknown,True,"Episode_30: 中間抽象度, 集約的 (dims: [13, 282, 58, 91, 281])",,,,,,,,,,,,
159,financial prediction,Transfer Learning,10,2025-06-18T13:59:04.537018,,,,,,,,,,,,,,,,,,,,,,,,,,,,,,,,,,,,,,,,,,,,,,,,,40.0,1.9256962537765503,medical diagnosis,unknown,True,"Episode_40: 中間抽象度, 集約的 (dims: [13, 282, 58, 91, 281])",,,,,,
159,financial prediction,Transfer Learning,10,2025-06-18T13:59:04.537018,,,,,,,,,,,,,,,,,,,,,,,,,,,,,,,,,,,,,,,,,,,,,,,,,,,,,,,50.0,1.9256962537765503,medical diagnosis,unknown,True,"Episode_50: 中間抽象度, 集約的 (dims: [13, 282, 58, 91, 281])"
160,educational technology,Adversarial Machine Learning,10,2025-06-18T13:59:04.582283,5.0,1.932023525238037,cybersecurity,unknown,True,"Episode_5: 中間抽象度, 集約的 (dims: [106, 62, 379, 367, 71])",,,,,,,,,,,,,,,,,,,,,,,,,,,,,,,,,,,,,,,,,,,,,,,,,,,,,,
160,educational technology,Adversarial Machine Learning,10,2025-06-18T13:59:04.582283,,,,,,,15.0,1.932023525238037,cybersecurity,unknown,True,"Episode_15: 中間抽象度, 集約的 (dims: [106, 62, 379, 367, 71])",,,,,,,,,,,,,,,,,,,,,,,,,,,,,,,,,,,,,,,,,,,,,,,,
160,educational technology,Adversarial Machine Learning,10,2025-06-18T13:59:04.582283,,,,,,,,,,,,,25.0,1.932023525238037,cybersecurity,unknown,True,"Episode_25: 中間抽象度, 集約的 (dims: [106, 62, 379, 367, 71])",,,,,,,,,,,,,,,,,,,,,,,,,,,,,,,,,,,,,,,,,,
160,educational technology,Adversarial Machine Learning,10,2025-06-18T13:59:04.582283,,,,,,,,,,,,,,,,,,,35.0,1.932023525238037,cybersecurity,unknown,True,"Episode_35: 中間抽象度, 集約的 (dims: [106, 62, 379, 367, 71])",,,,,,,,,,,,,,,,,,,,,,,,,,,,,,,,,,,,
160,educational technology,Adversarial Machine Learning,10,2025-06-18T13:59:04.582283,,,,,,,,,,,,,,,,,,,,,,,,,0.0,1.928670048713684,medical diagnosis,unknown,True,"Episode_0: 中間抽象度, 集約的 (dims: [13, 282, 58, 91, 281])",,,,,,,,,,,,,,,,,,,,,,,,,,,,,,
160,educational technology,Adversarial Machine Learning,10,2025-06-18T13:59:04.582283,,,,,,,,,,,,,,,,,,,,,,,,,,,,,,,10.0,1.928670048713684,medical diagnosis,unknown,True,"Episode_10: 中間抽象度, 集約的 (dims: [13, 282, 58, 91, 281])",,,,,,,,,,,,,,,,,,,,,,,,
160,educational technology,Adversarial Machine Learning,10,2025-06-18T13:59:04.582283,,,,,,,,,,,,,,,,,,,,,,,,,,,,,,,,,,,,,20.0,1.928670048713684,medical diagnosis,unknown,True,"Episode_20: 中間抽象度, 集約的 (dims: [13, 282, 58, 91, 281])",,,,,,,,,,,,,,,,,,
160,educational technology,Adversarial Machine Learning,10,2025-06-18T13:59:04.582283,,,,,,,,,,,,,,,,,,,,,,,,,,,,,,,,,,,,,,,,,,,30.0,1.928670048713684,medical diagnosis,unknown,True,"Episode_30: 中間抽象度, 集約的 (dims: [13, 282, 58, 91, 281])",,,,,,,,,,,,
160,educational technology,Adversarial Machine Learning,10,2025-06-18T13:59:04.582283,,,,,,,,,,,,,,,,,,,,,,,,,,,,,,,,,,,,,,,,,,,,,,,,,40.0,1.928670048713684,medical diagnosis,unknown,True,"Episode_40: 中間抽象度, 集約的 (dims: [13, 282, 58, 91, 281])",,,,,,
160,educational technology,Adversarial Machine Learning,10,2025-06-18T13:59:04.582283,,,,,,,,,,,,,,,,,,,,,,,,,,,,,,,,,,,,,,,,,,,,,,,,,,,,,,,50.0,1.928670048713684,medical diagnosis,unknown,True,"Episode_50: 中間抽象度, 集約的 (dims: [13, 282, 58, 91, 281])"
161,medical diagnosis,Large Language Models,4,2025-06-18T13:59:04.627777,5.0,1.893110990524292,cybersecurity,unknown,True,"Episode_5: 中間抽象度, 集約的 (dims: [106, 62, 379, 367, 71])",,,,,,,,,,,,,,,,,,,,,,,,,,,,,,,,,,,,,,,,,,,,,,,,,,,,,,
161,medical diagnosis,Large Language Models,4,2025-06-18T13:59:04.627777,,,,,,,15.0,1.893110990524292,cybersecurity,unknown,True,"Episode_15: 中間抽象度, 集約的 (dims: [106, 62, 379, 367, 71])",,,,,,,,,,,,,,,,,,,,,,,,,,,,,,,,,,,,,,,,,,,,,,,,
161,medical diagnosis,Large Language Models,4,2025-06-18T13:59:04.627777,,,,,,,,,,,,,25.0,1.893110990524292,cybersecurity,unknown,True,"Episode_25: 中間抽象度, 集約的 (dims: [106, 62, 379, 367, 71])",,,,,,,,,,,,,,,,,,,,,,,,,,,,,,,,,,,,,,,,,,
161,medical diagnosis,Large Language Models,4,2025-06-18T13:59:04.627777,,,,,,,,,,,,,,,,,,,35.0,1.893110990524292,cybersecurity,unknown,True,"Episode_35: 中間抽象度, 集約的 (dims: [106, 62, 379, 367, 71])",,,,,,,,,,,,,,,,,,,,,,,,,,,,,,,,,,,,
161,medical diagnosis,Large Language Models,4,2025-06-18T13:59:04.627777,,,,,,,,,,,,,,,,,,,,,,,,,0.0,1.8874430656433105,medical diagnosis,unknown,False,"Episode_0: 中間抽象度, 集約的 (dims: [13, 282, 58, 91, 281])",,,,,,,,,,,,,,,,,,,,,,,,,,,,,,
161,medical diagnosis,Large Language Models,4,2025-06-18T13:59:04.627777,,,,,,,,,,,,,,,,,,,,,,,,,,,,,,,10.0,1.8874430656433105,medical diagnosis,unknown,False,"Episode_10: 中間抽象度, 集約的 (dims: [13, 282, 58, 91, 281])",,,,,,,,,,,,,,,,,,,,,,,,
161,medical diagnosis,Large Language Models,4,2025-06-18T13:59:04.627777,,,,,,,,,,,,,,,,,,,,,,,,,,,,,,,,,,,,,20.0,1.8874430656433105,medical diagnosis,unknown,False,"Episode_20: 中間抽象度, 集約的 (dims: [13, 282, 58, 91, 281])",,,,,,,,,,,,,,,,,,
161,medical diagnosis,Large Language Models,4,2025-06-18T13:59:04.627777,,,,,,,,,,,,,,,,,,,,,,,,,,,,,,,,,,,,,,,,,,,30.0,1.8874430656433105,medical diagnosis,unknown,False,"Episode_30: 中間抽象度, 集約的 (dims: [13, 282, 58, 91, 281])",,,,,,,,,,,,
161,medical diagnosis,Large Language Models,4,2025-06-18T13:59:04.627777,,,,,,,,,,,,,,,,,,,,,,,,,,,,,,,,,,,,,,,,,,,,,,,,,40.0,1.8874430656433105,medical diagnosis,unknown,False,"Episode_40: 中間抽象度, 集約的 (dims: [13, 282, 58, 91, 281])",,,,,,
161,medical diagnosis,Large Language Models,4,2025-06-18T13:59:04.627777,,,,,,,,,,,,,,,,,,,,,,,,,,,,,,,,,,,,,,,,,,,,,,,,,,,,,,,50.0,1.8874430656433105,medical diagnosis,unknown,False,"Episode_50: 中間抽象度, 集約的 (dims: [13, 282, 58, 91, 281])"
162,autonomous systems,Computer Vision,10,2025-06-18T13:59:04.672708,5.0,1.913588047027588,cybersecurity,unknown,True,"Episode_5: 中間抽象度, 集約的 (dims: [106, 62, 379, 367, 71])",,,,,,,,,,,,,,,,,,,,,,,,,,,,,,,,,,,,,,,,,,,,,,,,,,,,,,
162,autonomous systems,Computer Vision,10,2025-06-18T13:59:04.672708,,,,,,,15.0,1.913588047027588,cybersecurity,unknown,True,"Episode_15: 中間抽象度, 集約的 (dims: [106, 62, 379, 367, 71])",,,,,,,,,,,,,,,,,,,,,,,,,,,,,,,,,,,,,,,,,,,,,,,,
162,autonomous systems,Computer Vision,10,2025-06-18T13:59:04.672708,,,,,,,,,,,,,25.0,1.913588047027588,cybersecurity,unknown,True,"Episode_25: 中間抽象度, 集約的 (dims: [106, 62, 379, 367, 71])",,,,,,,,,,,,,,,,,,,,,,,,,,,,,,,,,,,,,,,,,,
162,autonomous systems,Computer Vision,10,2025-06-18T13:59:04.672708,,,,,,,,,,,,,,,,,,,0.0,1.8768787384033203,medical diagnosis,unknown,True,"Episode_0: 中間抽象度, 集約的 (dims: [13, 282, 58, 91, 281])",,,,,,,,,,,,,,,,,,,,,,,,,,,,,,,,,,,,
162,autonomous systems,Computer Vision,10,2025-06-18T13:59:04.672708,,,,,,,,,,,,,,,,,,,,,,,,,10.0,1.8768787384033203,medical diagnosis,unknown,True,"Episode_10: 中間抽象度, 集約的 (dims: [13, 282, 58, 91, 281])",,,,,,,,,,,,,,,,,,,,,,,,,,,,,,
162,autonomous systems,Computer Vision,10,2025-06-18T13:59:04.672708,,,,,,,,,,,,,,,,,,,,,,,,,,,,,,,20.0,1.8768787384033203,medical diagnosis,unknown,True,"Episode_20: 中間抽象度, 集約的 (dims: [13, 282, 58, 91, 281])",,,,,,,,,,,,,,,,,,,,,,,,
162,autonomous systems,Computer Vision,10,2025-06-18T13:59:04.672708,,,,,,,,,,,,,,,,,,,,,,,,,,,,,,,,,,,,,30.0,1.8768787384033203,medical diagnosis,unknown,True,"Episode_30: 中間抽象度, 集約的 (dims: [13, 282, 58, 91, 281])",,,,,,,,,,,,,,,,,,
162,autonomous systems,Computer Vision,10,2025-06-18T13:59:04.672708,,,,,,,,,,,,,,,,,,,,,,,,,,,,,,,,,,,,,,,,,,,40.0,1.8768787384033203,medical diagnosis,unknown,True,"Episode_40: 中間抽象度, 集約的 (dims: [13, 282, 58, 91, 281])",,,,,,,,,,,,
162,autonomous systems,Computer Vision,10,2025-06-18T13:59:04.672708,,,,,,,,,,,,,,,,,,,,,,,,,,,,,,,,,,,,,,,,,,,,,,,,,50.0,1.8768787384033203,medical diagnosis,unknown,True,"Episode_50: 中間抽象度, 集約的 (dims: [13, 282, 58, 91, 281])",,,,,,
162,autonomous systems,Computer Vision,10,2025-06-18T13:59:04.672708,,,,,,,,,,,,,,,,,,,,,,,,,,,,,,,,,,,,,,,,,,,,,,,,,,,,,,,60.0,1.8768787384033203,medical diagnosis,unknown,True,"Episode_60: 中間抽象度, 集約的 (dims: [13, 282, 58, 91, 281])"
163,natural language processing,Reinforcement Learning,10,2025-06-18T13:59:04.717717,0.0,1.9134697914123535,medical diagnosis,unknown,True,"Episode_0: 中間抽象度, 集約的 (dims: [13, 282, 58, 91, 281])",,,,,,,,,,,,,,,,,,,,,,,,,,,,,,,,,,,,,,,,,,,,,,,,,,,,,,
163,natural language processing,Reinforcement Learning,10,2025-06-18T13:59:04.717717,,,,,,,10.0,1.9134697914123535,medical diagnosis,unknown,True,"Episode_10: 中間抽象度, 集約的 (dims: [13, 282, 58, 91, 281])",,,,,,,,,,,,,,,,,,,,,,,,,,,,,,,,,,,,,,,,,,,,,,,,
163,natural language processing,Reinforcement Learning,10,2025-06-18T13:59:04.717717,,,,,,,,,,,,,20.0,1.9134697914123535,medical diagnosis,unknown,True,"Episode_20: 中間抽象度, 集約的 (dims: [13, 282, 58, 91, 281])",,,,,,,,,,,,,,,,,,,,,,,,,,,,,,,,,,,,,,,,,,
163,natural language processing,Reinforcement Learning,10,2025-06-18T13:59:04.717717,,,,,,,,,,,,,,,,,,,30.0,1.9134697914123535,medical diagnosis,unknown,True,"Episode_30: 中間抽象度, 集約的 (dims: [13, 282, 58, 91, 281])",,,,,,,,,,,,,,,,,,,,,,,,,,,,,,,,,,,,
163,natural language processing,Reinforcement Learning,10,2025-06-18T13:59:04.717717,,,,,,,,,,,,,,,,,,,,,,,,,5.0,1.8832250833511353,cybersecurity,unknown,True,"Episode_5: 中間抽象度, 集約的 (dims: [106, 62, 379, 367, 71])",,,,,,,,,,,,,,,,,,,,,,,,,,,,,,
163,natural language processing,Reinforcement Learning,10,2025-06-18T13:59:04.717717,,,,,,,,,,,,,,,,,,,,,,,,,,,,,,,15.0,1.8832250833511353,cybersecurity,unknown,True,"Episode_15: 中間抽象度, 集約的 (dims: [106, 62, 379, 367, 71])",,,,,,,,,,,,,,,,,,,,,,,,
163,natural language processing,Reinforcement Learning,10,2025-06-18T13:59:04.717717,,,,,,,,,,,,,,,,,,,,,,,,,,,,,,,,,,,,,25.0,1.8832250833511353,cybersecurity,unknown,True,"Episode_25: 中間抽象度, 集約的 (dims: [106, 62, 379, 367, 71])",,,,,,,,,,,,,,,,,,
163,natural language processing,Reinforcement Learning,10,2025-06-18T13:59:04.717717,,,,,,,,,,,,,,,,,,,,,,,,,,,,,,,,,,,,,,,,,,,35.0,1.8832250833511353,cybersecurity,unknown,True,"Episode_35: 中間抽象度, 集約的 (dims: [106, 62, 379, 367, 71])",,,,,,,,,,,,
163,natural language processing,Reinforcement Learning,10,2025-06-18T13:59:04.717717,,,,,,,,,,,,,,,,,,,,,,,,,,,,,,,,,,,,,,,,,,,,,,,,,45.0,1.8832250833511353,cybersecurity,unknown,True,"Episode_45: 中間抽象度, 集約的 (dims: [106, 62, 379, 367, 71])",,,,,,
163,natural language processing,Reinforcement Learning,10,2025-06-18T13:59:04.717717,,,,,,,,,,,,,,,,,,,,,,,,,,,,,,,,,,,,,,,,,,,,,,,,,,,,,,,55.0,1.8832250833511353,cybersecurity,unknown,True,"Episode_55: 中間抽象度, 集約的 (dims: [106, 62, 379, 367, 71])"
164,computer vision,Graph Neural Networks,10,2025-06-18T13:59:04.762982,5.0,1.9527543783187866,cybersecurity,unknown,True,"Episode_5: 中間抽象度, 集約的 (dims: [106, 62, 379, 367, 71])",,,,,,,,,,,,,,,,,,,,,,,,,,,,,,,,,,,,,,,,,,,,,,,,,,,,,,
164,computer vision,Graph Neural Networks,10,2025-06-18T13:59:04.762982,,,,,,,15.0,1.9527543783187866,cybersecurity,unknown,True,"Episode_15: 中間抽象度, 集約的 (dims: [106, 62, 379, 367, 71])",,,,,,,,,,,,,,,,,,,,,,,,,,,,,,,,,,,,,,,,,,,,,,,,
164,computer vision,Graph Neural Networks,10,2025-06-18T13:59:04.762982,,,,,,,,,,,,,25.0,1.9527543783187866,cybersecurity,unknown,True,"Episode_25: 中間抽象度, 集約的 (dims: [106, 62, 379, 367, 71])",,,,,,,,,,,,,,,,,,,,,,,,,,,,,,,,,,,,,,,,,,
164,computer vision,Graph Neural Networks,10,2025-06-18T13:59:04.762982,,,,,,,,,,,,,,,,,,,0.0,1.894721269607544,medical diagnosis,unknown,True,"Episode_0: 中間抽象度, 集約的 (dims: [13, 282, 58, 91, 281])",,,,,,,,,,,,,,,,,,,,,,,,,,,,,,,,,,,,
164,computer vision,Graph Neural Networks,10,2025-06-18T13:59:04.762982,,,,,,,,,,,,,,,,,,,,,,,,,10.0,1.894721269607544,medical diagnosis,unknown,True,"Episode_10: 中間抽象度, 集約的 (dims: [13, 282, 58, 91, 281])",,,,,,,,,,,,,,,,,,,,,,,,,,,,,,
164,computer vision,Graph Neural Networks,10,2025-06-18T13:59:04.762982,,,,,,,,,,,,,,,,,,,,,,,,,,,,,,,20.0,1.894721269607544,medical diagnosis,unknown,True,"Episode_20: 中間抽象度, 集約的 (dims: [13, 282, 58, 91, 281])",,,,,,,,,,,,,,,,,,,,,,,,
164,computer vision,Graph Neural Networks,10,2025-06-18T13:59:04.762982,,,,,,,,,,,,,,,,,,,,,,,,,,,,,,,,,,,,,30.0,1.894721269607544,medical diagnosis,unknown,True,"Episode_30: 中間抽象度, 集約的 (dims: [13, 282, 58, 91, 281])",,,,,,,,,,,,,,,,,,
164,computer vision,Graph Neural Networks,10,2025-06-18T13:59:04.762982,,,,,,,,,,,,,,,,,,,,,,,,,,,,,,,,,,,,,,,,,,,40.0,1.894721269607544,medical diagnosis,unknown,True,"Episode_40: 中間抽象度, 集約的 (dims: [13, 282, 58, 91, 281])",,,,,,,,,,,,
164,computer vision,Graph Neural Networks,10,2025-06-18T13:59:04.762982,,,,,,,,,,,,,,,,,,,,,,,,,,,,,,,,,,,,,,,,,,,,,,,,,50.0,1.894721269607544,medical diagnosis,unknown,True,"Episode_50: 中間抽象度, 集約的 (dims: [13, 282, 58, 91, 281])",,,,,,
164,computer vision,Graph Neural Networks,10,2025-06-18T13:59:04.762982,,,,,,,,,,,,,,,,,,,,,,,,,,,,,,,,,,,,,,,,,,,,,,,,,,,,,,,60.0,1.894721269607544,medical diagnosis,unknown,True,"Episode_60: 中間抽象度, 集約的 (dims: [13, 282, 58, 91, 281])"
165,robotics,Federated Learning,10,2025-06-18T13:59:04.808585,0.0,1.8845016956329346,medical diagnosis,unknown,True,"Episode_0: 中間抽象度, 集約的 (dims: [13, 282, 58, 91, 281])",,,,,,,,,,,,,,,,,,,,,,,,,,,,,,,,,,,,,,,,,,,,,,,,,,,,,,
165,robotics,Federated Learning,10,2025-06-18T13:59:04.808585,,,,,,,10.0,1.8845016956329346,medical diagnosis,unknown,True,"Episode_10: 中間抽象度, 集約的 (dims: [13, 282, 58, 91, 281])",,,,,,,,,,,,,,,,,,,,,,,,,,,,,,,,,,,,,,,,,,,,,,,,
165,robotics,Federated Learning,10,2025-06-18T13:59:04.808585,,,,,,,,,,,,,20.0,1.8845016956329346,medical diagnosis,unknown,True,"Episode_20: 中間抽象度, 集約的 (dims: [13, 282, 58, 91, 281])",,,,,,,,,,,,,,,,,,,,,,,,,,,,,,,,,,,,,,,,,,
165,robotics,Federated Learning,10,2025-06-18T13:59:04.808585,,,,,,,,,,,,,,,,,,,30.0,1.8845016956329346,medical diagnosis,unknown,True,"Episode_30: 中間抽象度, 集約的 (dims: [13, 282, 58, 91, 281])",,,,,,,,,,,,,,,,,,,,,,,,,,,,,,,,,,,,
165,robotics,Federated Learning,10,2025-06-18T13:59:04.808585,,,,,,,,,,,,,,,,,,,,,,,,,5.0,1.8728573322296143,cybersecurity,unknown,True,"Episode_5: 中間抽象度, 集約的 (dims: [106, 62, 379, 367, 71])",,,,,,,,,,,,,,,,,,,,,,,,,,,,,,
165,robotics,Federated Learning,10,2025-06-18T13:59:04.808585,,,,,,,,,,,,,,,,,,,,,,,,,,,,,,,15.0,1.8728573322296143,cybersecurity,unknown,True,"Episode_15: 中間抽象度, 集約的 (dims: [106, 62, 379, 367, 71])",,,,,,,,,,,,,,,,,,,,,,,,
165,robotics,Federated Learning,10,2025-06-18T13:59:04.808585,,,,,,,,,,,,,,,,,,,,,,,,,,,,,,,,,,,,,25.0,1.8728573322296143,cybersecurity,unknown,True,"Episode_25: 中間抽象度, 集約的 (dims: [106, 62, 379, 367, 71])",,,,,,,,,,,,,,,,,,
165,robotics,Federated Learning,10,2025-06-18T13:59:04.808585,,,,,,,,,,,,,,,,,,,,,,,,,,,,,,,,,,,,,,,,,,,35.0,1.8728573322296143,cybersecurity,unknown,True,"Episode_35: 中間抽象度, 集約的 (dims: [106, 62, 379, 367, 71])",,,,,,,,,,,,
165,robotics,Federated Learning,10,2025-06-18T13:59:04.808585,,,,,,,,,,,,,,,,,,,,,,,,,,,,,,,,,,,,,,,,,,,,,,,,,45.0,1.8728573322296143,cybersecurity,unknown,True,"Episode_45: 中間抽象度, 集約的 (dims: [106, 62, 379, 367, 71])",,,,,,
165,robotics,Federated Learning,10,2025-06-18T13:59:04.808585,,,,,,,,,,,,,,,,,,,,,,,,,,,,,,,,,,,,,,,,,,,,,,,,,,,,,,,55.0,1.8728573322296143,cybersecurity,unknown,True,"Episode_55: 中間抽象度, 集約的 (dims: [106, 62, 379, 367, 71])"
166,cybersecurity,Explainable AI,7,2025-06-18T13:59:04.855537,5.0,1.9190136194229126,cybersecurity,unknown,False,"Episode_5: 中間抽象度, 集約的 (dims: [106, 62, 379, 367, 71])",,,,,,,,,,,,,,,,,,,,,,,,,,,,,,,,,,,,,,,,,,,,,,,,,,,,,,
166,cybersecurity,Explainable AI,7,2025-06-18T13:59:04.855537,,,,,,,15.0,1.9190136194229126,cybersecurity,unknown,False,"Episode_15: 中間抽象度, 集約的 (dims: [106, 62, 379, 367, 71])",,,,,,,,,,,,,,,,,,,,,,,,,,,,,,,,,,,,,,,,,,,,,,,,
166,cybersecurity,Explainable AI,7,2025-06-18T13:59:04.855537,,,,,,,,,,,,,25.0,1.9190136194229126,cybersecurity,unknown,False,"Episode_25: 中間抽象度, 集約的 (dims: [106, 62, 379, 367, 71])",,,,,,,,,,,,,,,,,,,,,,,,,,,,,,,,,,,,,,,,,,
166,cybersecurity,Explainable AI,7,2025-06-18T13:59:04.855537,,,,,,,,,,,,,,,,,,,0.0,1.911033272743225,medical diagnosis,unknown,True,"Episode_0: 中間抽象度, 集約的 (dims: [13, 282, 58, 91, 281])",,,,,,,,,,,,,,,,,,,,,,,,,,,,,,,,,,,,
166,cybersecurity,Explainable AI,7,2025-06-18T13:59:04.855537,,,,,,,,,,,,,,,,,,,,,,,,,10.0,1.911033272743225,medical diagnosis,unknown,True,"Episode_10: 中間抽象度, 集約的 (dims: [13, 282, 58, 91, 281])",,,,,,,,,,,,,,,,,,,,,,,,,,,,,,
166,cybersecurity,Explainable AI,7,2025-06-18T13:59:04.855537,,,,,,,,,,,,,,,,,,,,,,,,,,,,,,,20.0,1.911033272743225,medical diagnosis,unknown,True,"Episode_20: 中間抽象度, 集約的 (dims: [13, 282, 58, 91, 281])",,,,,,,,,,,,,,,,,,,,,,,,
166,cybersecurity,Explainable AI,7,2025-06-18T13:59:04.855537,,,,,,,,,,,,,,,,,,,,,,,,,,,,,,,,,,,,,30.0,1.911033272743225,medical diagnosis,unknown,True,"Episode_30: 中間抽象度, 集約的 (dims: [13, 282, 58, 91, 281])",,,,,,,,,,,,,,,,,,
166,cybersecurity,Explainable AI,7,2025-06-18T13:59:04.855537,,,,,,,,,,,,,,,,,,,,,,,,,,,,,,,,,,,,,,,,,,,40.0,1.911033272743225,medical diagnosis,unknown,True,"Episode_40: 中間抽象度, 集約的 (dims: [13, 282, 58, 91, 281])",,,,,,,,,,,,
166,cybersecurity,Explainable AI,7,2025-06-18T13:59:04.855537,,,,,,,,,,,,,,,,,,,,,,,,,,,,,,,,,,,,,,,,,,,,,,,,,50.0,1.911033272743225,medical diagnosis,unknown,True,"Episode_50: 中間抽象度, 集約的 (dims: [13, 282, 58, 91, 281])",,,,,,
166,cybersecurity,Explainable AI,7,2025-06-18T13:59:04.855537,,,,,,,,,,,,,,,,,,,,,,,,,,,,,,,,,,,,,,,,,,,,,,,,,,,,,,,60.0,1.911033272743225,medical diagnosis,unknown,True,"Episode_60: 中間抽象度, 集約的 (dims: [13, 282, 58, 91, 281])"
167,climate modeling,Multimodal Learning,10,2025-06-18T13:59:04.901951,0.0,1.943310022354126,medical diagnosis,unknown,True,"Episode_0: 中間抽象度, 集約的 (dims: [13, 282, 58, 91, 281])",,,,,,,,,,,,,,,,,,,,,,,,,,,,,,,,,,,,,,,,,,,,,,,,,,,,,,
167,climate modeling,Multimodal Learning,10,2025-06-18T13:59:04.901951,,,,,,,10.0,1.943310022354126,medical diagnosis,unknown,True,"Episode_10: 中間抽象度, 集約的 (dims: [13, 282, 58, 91, 281])",,,,,,,,,,,,,,,,,,,,,,,,,,,,,,,,,,,,,,,,,,,,,,,,
167,climate modeling,Multimodal Learning,10,2025-06-18T13:59:04.901951,,,,,,,,,,,,,20.0,1.943310022354126,medical diagnosis,unknown,True,"Episode_20: 中間抽象度, 集約的 (dims: [13, 282, 58, 91, 281])",,,,,,,,,,,,,,,,,,,,,,,,,,,,,,,,,,,,,,,,,,
167,climate modeling,Multimodal Learning,10,2025-06-18T13:59:04.901951,,,,,,,,,,,,,,,,,,,5.0,1.9013603925704956,cybersecurity,unknown,True,"Episode_5: 中間抽象度, 集約的 (dims: [106, 62, 379, 367, 71])",,,,,,,,,,,,,,,,,,,,,,,,,,,,,,,,,,,,
167,climate modeling,Multimodal Learning,10,2025-06-18T13:59:04.901951,,,,,,,,,,,,,,,,,,,,,,,,,15.0,1.9013603925704956,cybersecurity,unknown,True,"Episode_15: 中間抽象度, 集約的 (dims: [106, 62, 379, 367, 71])",,,,,,,,,,,,,,,,,,,,,,,,,,,,,,
167,climate modeling,Multimodal Learning,10,2025-06-18T13:59:04.901951,,,,,,,,,,,,,,,,,,,,,,,,,,,,,,,25.0,1.9013603925704956,cybersecurity,unknown,True,"Episode_25: 中間抽象度, 集約的 (dims: [106, 62, 379, 367, 71])",,,,,,,,,,,,,,,,,,,,,,,,
167,climate modeling,Multimodal Learning,10,2025-06-18T13:59:04.901951,,,,,,,,,,,,,,,,,,,,,,,,,,,,,,,,,,,,,35.0,1.9013603925704956,cybersecurity,unknown,True,"Episode_35: 中間抽象度, 集約的 (dims: [106, 62, 379, 367, 71])",,,,,,,,,,,,,,,,,,
167,climate modeling,Multimodal Learning,10,2025-06-18T13:59:04.901951,,,,,,,,,,,,,,,,,,,,,,,,,,,,,,,,,,,,,,,,,,,45.0,1.9013603925704956,cybersecurity,unknown,True,"Episode_45: 中間抽象度, 集約的 (dims: [106, 62, 379, 367, 71])",,,,,,,,,,,,
167,climate modeling,Multimodal Learning,10,2025-06-18T13:59:04.901951,,,,,,,,,,,,,,,,,,,,,,,,,,,,,,,,,,,,,,,,,,,,,,,,,55.0,1.9013603925704956,cybersecurity,unknown,True,"Episode_55: 中間抽象度, 集約的 (dims: [106, 62, 379, 367, 71])",,,,,,
167,climate modeling,Multimodal Learning,10,2025-06-18T13:59:04.901951,,,,,,,,,,,,,,,,,,,,,,,,,,,,,,,,,,,,,,,,,,,,,,,,,,,,,,,65.0,1.9013603925704956,cybersecurity,unknown,True,"Episode_65: 中間抽象度, 集約的 (dims: [106, 62, 379, 367, 71])"
168,drug discovery,Few-shot Learning,10,2025-06-18T13:59:04.949761,5.0,1.9423749446868896,cybersecurity,unknown,True,"Episode_5: 中間抽象度, 集約的 (dims: [106, 62, 379, 367, 71])",,,,,,,,,,,,,,,,,,,,,,,,,,,,,,,,,,,,,,,,,,,,,,,,,,,,,,
168,drug discovery,Few-shot Learning,10,2025-06-18T13:59:04.949761,,,,,,,15.0,1.9423749446868896,cybersecurity,unknown,True,"Episode_15: 中間抽象度, 集約的 (dims: [106, 62, 379, 367, 71])",,,,,,,,,,,,,,,,,,,,,,,,,,,,,,,,,,,,,,,,,,,,,,,,
168,drug discovery,Few-shot Learning,10,2025-06-18T13:59:04.949761,,,,,,,,,,,,,25.0,1.9423749446868896,cybersecurity,unknown,True,"Episode_25: 中間抽象度, 集約的 (dims: [106, 62, 379, 367, 71])",,,,,,,,,,,,,,,,,,,,,,,,,,,,,,,,,,,,,,,,,,
168,drug discovery,Few-shot Learning,10,2025-06-18T13:59:04.949761,,,,,,,,,,,,,,,,,,,0.0,1.9221811294555664,medical diagnosis,unknown,True,"Episode_0: 中間抽象度, 集約的 (dims: [13, 282, 58, 91, 281])",,,,,,,,,,,,,,,,,,,,,,,,,,,,,,,,,,,,
168,drug discovery,Few-shot Learning,10,2025-06-18T13:59:04.949761,,,,,,,,,,,,,,,,,,,,,,,,,10.0,1.9221811294555664,medical diagnosis,unknown,True,"Episode_10: 中間抽象度, 集約的 (dims: [13, 282, 58, 91, 281])",,,,,,,,,,,,,,,,,,,,,,,,,,,,,,
168,drug discovery,Few-shot Learning,10,2025-06-18T13:59:04.949761,,,,,,,,,,,,,,,,,,,,,,,,,,,,,,,20.0,1.9221811294555664,medical diagnosis,unknown,True,"Episode_20: 中間抽象度, 集約的 (dims: [13, 282, 58, 91, 281])",,,,,,,,,,,,,,,,,,,,,,,,
168,drug discovery,Few-shot Learning,10,2025-06-18T13:59:04.949761,,,,,,,,,,,,,,,,,,,,,,,,,,,,,,,,,,,,,30.0,1.9221811294555664,medical diagnosis,unknown,True,"Episode_30: 中間抽象度, 集約的 (dims: [13, 282, 58, 91, 281])",,,,,,,,,,,,,,,,,,
168,drug discovery,Few-shot Learning,10,2025-06-18T13:59:04.949761,,,,,,,,,,,,,,,,,,,,,,,,,,,,,,,,,,,,,,,,,,,40.0,1.9221811294555664,medical diagnosis,unknown,True,"Episode_40: 中間抽象度, 集約的 (dims: [13, 282, 58, 91, 281])",,,,,,,,,,,,
168,drug discovery,Few-shot Learning,10,2025-06-18T13:59:04.949761,,,,,,,,,,,,,,,,,,,,,,,,,,,,,,,,,,,,,,,,,,,,,,,,,50.0,1.9221811294555664,medical diagnosis,unknown,True,"Episode_50: 中間抽象度, 集約的 (dims: [13, 282, 58, 91, 281])",,,,,,
168,drug discovery,Few-shot Learning,10,2025-06-18T13:59:04.949761,,,,,,,,,,,,,,,,,,,,,,,,,,,,,,,,,,,,,,,,,,,,,,,,,,,,,,,60.0,1.9221811294555664,medical diagnosis,unknown,True,"Episode_60: 中間抽象度, 集約的 (dims: [13, 282, 58, 91, 281])"
169,financial prediction,Transfer Learning,10,2025-06-18T13:59:04.994129,5.0,1.927770733833313,cybersecurity,unknown,True,"Episode_5: 中間抽象度, 集約的 (dims: [106, 62, 379, 367, 71])",,,,,,,,,,,,,,,,,,,,,,,,,,,,,,,,,,,,,,,,,,,,,,,,,,,,,,
169,financial prediction,Transfer Learning,10,2025-06-18T13:59:04.994129,,,,,,,15.0,1.927770733833313,cybersecurity,unknown,True,"Episode_15: 中間抽象度, 集約的 (dims: [106, 62, 379, 367, 71])",,,,,,,,,,,,,,,,,,,,,,,,,,,,,,,,,,,,,,,,,,,,,,,,
169,financial prediction,Transfer Learning,10,2025-06-18T13:59:04.994129,,,,,,,,,,,,,25.0,1.927770733833313,cybersecurity,unknown,True,"Episode_25: 中間抽象度, 集約的 (dims: [106, 62, 379, 367, 71])",,,,,,,,,,,,,,,,,,,,,,,,,,,,,,,,,,,,,,,,,,
169,financial prediction,Transfer Learning,10,2025-06-18T13:59:04.994129,,,,,,,,,,,,,,,,,,,0.0,1.9256962537765503,medical diagnosis,unknown,True,"Episode_0: 中間抽象度, 集約的 (dims: [13, 282, 58, 91, 281])",,,,,,,,,,,,,,,,,,,,,,,,,,,,,,,,,,,,
169,financial prediction,Transfer Learning,10,2025-06-18T13:59:04.994129,,,,,,,,,,,,,,,,,,,,,,,,,10.0,1.9256962537765503,medical diagnosis,unknown,True,"Episode_10: 中間抽象度, 集約的 (dims: [13, 282, 58, 91, 281])",,,,,,,,,,,,,,,,,,,,,,,,,,,,,,
169,financial prediction,Transfer Learning,10,2025-06-18T13:59:04.994129,,,,,,,,,,,,,,,,,,,,,,,,,,,,,,,20.0,1.9256962537765503,medical diagnosis,unknown,True,"Episode_20: 中間抽象度, 集約的 (dims: [13, 282, 58, 91, 281])",,,,,,,,,,,,,,,,,,,,,,,,
169,financial prediction,Transfer Learning,10,2025-06-18T13:59:04.994129,,,,,,,,,,,,,,,,,,,,,,,,,,,,,,,,,,,,,30.0,1.9256962537765503,medical diagnosis,unknown,True,"Episode_30: 中間抽象度, 集約的 (dims: [13, 282, 58, 91, 281])",,,,,,,,,,,,,,,,,,
169,financial prediction,Transfer Learning,10,2025-06-18T13:59:04.994129,,,,,,,,,,,,,,,,,,,,,,,,,,,,,,,,,,,,,,,,,,,40.0,1.9256962537765503,medical diagnosis,unknown,True,"Episode_40: 中間抽象度, 集約的 (dims: [13, 282, 58, 91, 281])",,,,,,,,,,,,
169,financial prediction,Transfer Learning,10,2025-06-18T13:59:04.994129,,,,,,,,,,,,,,,,,,,,,,,,,,,,,,,,,,,,,,,,,,,,,,,,,50.0,1.9256962537765503,medical diagnosis,unknown,True,"Episode_50: 中間抽象度, 集約的 (dims: [13, 282, 58, 91, 281])",,,,,,
169,financial prediction,Transfer Learning,10,2025-06-18T13:59:04.994129,,,,,,,,,,,,,,,,,,,,,,,,,,,,,,,,,,,,,,,,,,,,,,,,,,,,,,,60.0,1.9256962537765503,medical diagnosis,unknown,True,"Episode_60: 中間抽象度, 集約的 (dims: [13, 282, 58, 91, 281])"
170,educational technology,Adversarial Machine Learning,10,2025-06-18T13:59:05.038225,5.0,1.932023525238037,cybersecurity,unknown,True,"Episode_5: 中間抽象度, 集約的 (dims: [106, 62, 379, 367, 71])",,,,,,,,,,,,,,,,,,,,,,,,,,,,,,,,,,,,,,,,,,,,,,,,,,,,,,
170,educational technology,Adversarial Machine Learning,10,2025-06-18T13:59:05.038225,,,,,,,15.0,1.932023525238037,cybersecurity,unknown,True,"Episode_15: 中間抽象度, 集約的 (dims: [106, 62, 379, 367, 71])",,,,,,,,,,,,,,,,,,,,,,,,,,,,,,,,,,,,,,,,,,,,,,,,
170,educational technology,Adversarial Machine Learning,10,2025-06-18T13:59:05.038225,,,,,,,,,,,,,25.0,1.932023525238037,cybersecurity,unknown,True,"Episode_25: 中間抽象度, 集約的 (dims: [106, 62, 379, 367, 71])",,,,,,,,,,,,,,,,,,,,,,,,,,,,,,,,,,,,,,,,,,
170,educational technology,Adversarial Machine Learning,10,2025-06-18T13:59:05.038225,,,,,,,,,,,,,,,,,,,0.0,1.928670048713684,medical diagnosis,unknown,True,"Episode_0: 中間抽象度, 集約的 (dims: [13, 282, 58, 91, 281])",,,,,,,,,,,,,,,,,,,,,,,,,,,,,,,,,,,,
170,educational technology,Adversarial Machine Learning,10,2025-06-18T13:59:05.038225,,,,,,,,,,,,,,,,,,,,,,,,,10.0,1.928670048713684,medical diagnosis,unknown,True,"Episode_10: 中間抽象度, 集約的 (dims: [13, 282, 58, 91, 281])",,,,,,,,,,,,,,,,,,,,,,,,,,,,,,
170,educational technology,Adversarial Machine Learning,10,2025-06-18T13:59:05.038225,,,,,,,,,,,,,,,,,,,,,,,,,,,,,,,20.0,1.928670048713684,medical diagnosis,unknown,True,"Episode_20: 中間抽象度, 集約的 (dims: [13, 282, 58, 91, 281])",,,,,,,,,,,,,,,,,,,,,,,,
170,educational technology,Adversarial Machine Learning,10,2025-06-18T13:59:05.038225,,,,,,,,,,,,,,,,,,,,,,,,,,,,,,,,,,,,,30.0,1.928670048713684,medical diagnosis,unknown,True,"Episode_30: 中間抽象度, 集約的 (dims: [13, 282, 58, 91, 281])",,,,,,,,,,,,,,,,,,
170,educational technology,Adversarial Machine Learning,10,2025-06-18T13:59:05.038225,,,,,,,,,,,,,,,,,,,,,,,,,,,,,,,,,,,,,,,,,,,40.0,1.928670048713684,medical diagnosis,unknown,True,"Episode_40: 中間抽象度, 集約的 (dims: [13, 282, 58, 91, 281])",,,,,,,,,,,,
170,educational technology,Adversarial Machine Learning,10,2025-06-18T13:59:05.038225,,,,,,,,,,,,,,,,,,,,,,,,,,,,,,,,,,,,,,,,,,,,,,,,,50.0,1.928670048713684,medical diagnosis,unknown,True,"Episode_50: 中間抽象度, 集約的 (dims: [13, 282, 58, 91, 281])",,,,,,
170,educational technology,Adversarial Machine Learning,10,2025-06-18T13:59:05.038225,,,,,,,,,,,,,,,,,,,,,,,,,,,,,,,,,,,,,,,,,,,,,,,,,,,,,,,60.0,1.928670048713684,medical diagnosis,unknown,True,"Episode_60: 中間抽象度, 集約的 (dims: [13, 282, 58, 91, 281])"
171,medical diagnosis,Large Language Models,3,2025-06-18T13:59:05.083408,5.0,1.893110990524292,cybersecurity,unknown,True,"Episode_5: 中間抽象度, 集約的 (dims: [106, 62, 379, 367, 71])",,,,,,,,,,,,,,,,,,,,,,,,,,,,,,,,,,,,,,,,,,,,,,,,,,,,,,
171,medical diagnosis,Large Language Models,3,2025-06-18T13:59:05.083408,,,,,,,15.0,1.893110990524292,cybersecurity,unknown,True,"Episode_15: 中間抽象度, 集約的 (dims: [106, 62, 379, 367, 71])",,,,,,,,,,,,,,,,,,,,,,,,,,,,,,,,,,,,,,,,,,,,,,,,
171,medical diagnosis,Large Language Models,3,2025-06-18T13:59:05.083408,,,,,,,,,,,,,25.0,1.893110990524292,cybersecurity,unknown,True,"Episode_25: 中間抽象度, 集約的 (dims: [106, 62, 379, 367, 71])",,,,,,,,,,,,,,,,,,,,,,,,,,,,,,,,,,,,,,,,,,
171,medical diagnosis,Large Language Models,3,2025-06-18T13:59:05.083408,,,,,,,,,,,,,,,,,,,0.0,1.8874430656433105,medical diagnosis,unknown,False,"Episode_0: 中間抽象度, 集約的 (dims: [13, 282, 58, 91, 281])",,,,,,,,,,,,,,,,,,,,,,,,,,,,,,,,,,,,
171,medical diagnosis,Large Language Models,3,2025-06-18T13:59:05.083408,,,,,,,,,,,,,,,,,,,,,,,,,10.0,1.8874430656433105,medical diagnosis,unknown,False,"Episode_10: 中間抽象度, 集約的 (dims: [13, 282, 58, 91, 281])",,,,,,,,,,,,,,,,,,,,,,,,,,,,,,
171,medical diagnosis,Large Language Models,3,2025-06-18T13:59:05.083408,,,,,,,,,,,,,,,,,,,,,,,,,,,,,,,20.0,1.8874430656433105,medical diagnosis,unknown,False,"Episode_20: 中間抽象度, 集約的 (dims: [13, 282, 58, 91, 281])",,,,,,,,,,,,,,,,,,,,,,,,
171,medical diagnosis,Large Language Models,3,2025-06-18T13:59:05.083408,,,,,,,,,,,,,,,,,,,,,,,,,,,,,,,,,,,,,30.0,1.8874430656433105,medical diagnosis,unknown,False,"Episode_30: 中間抽象度, 集約的 (dims: [13, 282, 58, 91, 281])",,,,,,,,,,,,,,,,,,
171,medical diagnosis,Large Language Models,3,2025-06-18T13:59:05.083408,,,,,,,,,,,,,,,,,,,,,,,,,,,,,,,,,,,,,,,,,,,40.0,1.8874430656433105,medical diagnosis,unknown,False,"Episode_40: 中間抽象度, 集約的 (dims: [13, 282, 58, 91, 281])",,,,,,,,,,,,
171,medical diagnosis,Large Language Models,3,2025-06-18T13:59:05.083408,,,,,,,,,,,,,,,,,,,,,,,,,,,,,,,,,,,,,,,,,,,,,,,,,50.0,1.8874430656433105,medical diagnosis,unknown,False,"Episode_50: 中間抽象度, 集約的 (dims: [13, 282, 58, 91, 281])",,,,,,
171,medical diagnosis,Large Language Models,3,2025-06-18T13:59:05.083408,,,,,,,,,,,,,,,,,,,,,,,,,,,,,,,,,,,,,,,,,,,,,,,,,,,,,,,60.0,1.8874430656433105,medical diagnosis,unknown,False,"Episode_60: 中間抽象度, 集約的 (dims: [13, 282, 58, 91, 281])"
172,autonomous systems,Computer Vision,10,2025-06-18T13:59:05.126576,5.0,1.913588047027588,cybersecurity,unknown,True,"Episode_5: 中間抽象度, 集約的 (dims: [106, 62, 379, 367, 71])",,,,,,,,,,,,,,,,,,,,,,,,,,,,,,,,,,,,,,,,,,,,,,,,,,,,,,
172,autonomous systems,Computer Vision,10,2025-06-18T13:59:05.126576,,,,,,,15.0,1.913588047027588,cybersecurity,unknown,True,"Episode_15: 中間抽象度, 集約的 (dims: [106, 62, 379, 367, 71])",,,,,,,,,,,,,,,,,,,,,,,,,,,,,,,,,,,,,,,,,,,,,,,,
172,autonomous systems,Computer Vision,10,2025-06-18T13:59:05.126576,,,,,,,,,,,,,0.0,1.8768787384033203,medical diagnosis,unknown,True,"Episode_0: 中間抽象度, 集約的 (dims: [13, 282, 58, 91, 281])",,,,,,,,,,,,,,,,,,,,,,,,,,,,,,,,,,,,,,,,,,
172,autonomous systems,Computer Vision,10,2025-06-18T13:59:05.126576,,,,,,,,,,,,,,,,,,,10.0,1.8768787384033203,medical diagnosis,unknown,True,"Episode_10: 中間抽象度, 集約的 (dims: [13, 282, 58, 91, 281])",,,,,,,,,,,,,,,,,,,,,,,,,,,,,,,,,,,,
172,autonomous systems,Computer Vision,10,2025-06-18T13:59:05.126576,,,,,,,,,,,,,,,,,,,,,,,,,20.0,1.8768787384033203,medical diagnosis,unknown,True,"Episode_20: 中間抽象度, 集約的 (dims: [13, 282, 58, 91, 281])",,,,,,,,,,,,,,,,,,,,,,,,,,,,,,
172,autonomous systems,Computer Vision,10,2025-06-18T13:59:05.126576,,,,,,,,,,,,,,,,,,,,,,,,,,,,,,,30.0,1.8768787384033203,medical diagnosis,unknown,True,"Episode_30: 中間抽象度, 集約的 (dims: [13, 282, 58, 91, 281])",,,,,,,,,,,,,,,,,,,,,,,,
172,autonomous systems,Computer Vision,10,2025-06-18T13:59:05.126576,,,,,,,,,,,,,,,,,,,,,,,,,,,,,,,,,,,,,40.0,1.8768787384033203,medical diagnosis,unknown,True,"Episode_40: 中間抽象度, 集約的 (dims: [13, 282, 58, 91, 281])",,,,,,,,,,,,,,,,,,
172,autonomous systems,Computer Vision,10,2025-06-18T13:59:05.126576,,,,,,,,,,,,,,,,,,,,,,,,,,,,,,,,,,,,,,,,,,,50.0,1.8768787384033203,medical diagnosis,unknown,True,"Episode_50: 中間抽象度, 集約的 (dims: [13, 282, 58, 91, 281])",,,,,,,,,,,,
172,autonomous systems,Computer Vision,10,2025-06-18T13:59:05.126576,,,,,,,,,,,,,,,,,,,,,,,,,,,,,,,,,,,,,,,,,,,,,,,,,60.0,1.8768787384033203,medical diagnosis,unknown,True,"Episode_60: 中間抽象度, 集約的 (dims: [13, 282, 58, 91, 281])",,,,,,
172,autonomous systems,Computer Vision,10,2025-06-18T13:59:05.126576,,,,,,,,,,,,,,,,,,,,,,,,,,,,,,,,,,,,,,,,,,,,,,,,,,,,,,,70.0,1.8768787384033203,medical diagnosis,unknown,True,"Episode_70: 中間抽象度, 集約的 (dims: [13, 282, 58, 91, 281])"
173,natural language processing,Reinforcement Learning,10,2025-06-18T13:59:05.170940,0.0,1.9134697914123535,medical diagnosis,unknown,True,"Episode_0: 中間抽象度, 集約的 (dims: [13, 282, 58, 91, 281])",,,,,,,,,,,,,,,,,,,,,,,,,,,,,,,,,,,,,,,,,,,,,,,,,,,,,,
173,natural language processing,Reinforcement Learning,10,2025-06-18T13:59:05.170940,,,,,,,10.0,1.9134697914123535,medical diagnosis,unknown,True,"Episode_10: 中間抽象度, 集約的 (dims: [13, 282, 58, 91, 281])",,,,,,,,,,,,,,,,,,,,,,,,,,,,,,,,,,,,,,,,,,,,,,,,
173,natural language processing,Reinforcement Learning,10,2025-06-18T13:59:05.170940,,,,,,,,,,,,,20.0,1.9134697914123535,medical diagnosis,unknown,True,"Episode_20: 中間抽象度, 集約的 (dims: [13, 282, 58, 91, 281])",,,,,,,,,,,,,,,,,,,,,,,,,,,,,,,,,,,,,,,,,,
173,natural language processing,Reinforcement Learning,10,2025-06-18T13:59:05.170940,,,,,,,,,,,,,,,,,,,5.0,1.8832250833511353,cybersecurity,unknown,True,"Episode_5: 中間抽象度, 集約的 (dims: [106, 62, 379, 367, 71])",,,,,,,,,,,,,,,,,,,,,,,,,,,,,,,,,,,,
173,natural language processing,Reinforcement Learning,10,2025-06-18T13:59:05.170940,,,,,,,,,,,,,,,,,,,,,,,,,15.0,1.8832250833511353,cybersecurity,unknown,True,"Episode_15: 中間抽象度, 集約的 (dims: [106, 62, 379, 367, 71])",,,,,,,,,,,,,,,,,,,,,,,,,,,,,,
173,natural language processing,Reinforcement Learning,10,2025-06-18T13:59:05.170940,,,,,,,,,,,,,,,,,,,,,,,,,,,,,,,25.0,1.8832250833511353,cybersecurity,unknown,True,"Episode_25: 中間抽象度, 集約的 (dims: [106, 62, 379, 367, 71])",,,,,,,,,,,,,,,,,,,,,,,,
173,natural language processing,Reinforcement Learning,10,2025-06-18T13:59:05.170940,,,,,,,,,,,,,,,,,,,,,,,,,,,,,,,,,,,,,35.0,1.8832250833511353,cybersecurity,unknown,True,"Episode_35: 中間抽象度, 集約的 (dims: [106, 62, 379, 367, 71])",,,,,,,,,,,,,,,,,,
173,natural language processing,Reinforcement Learning,10,2025-06-18T13:59:05.170940,,,,,,,,,,,,,,,,,,,,,,,,,,,,,,,,,,,,,,,,,,,45.0,1.8832250833511353,cybersecurity,unknown,True,"Episode_45: 中間抽象度, 集約的 (dims: [106, 62, 379, 367, 71])",,,,,,,,,,,,
173,natural language processing,Reinforcement Learning,10,2025-06-18T13:59:05.170940,,,,,,,,,,,,,,,,,,,,,,,,,,,,,,,,,,,,,,,,,,,,,,,,,55.0,1.8832250833511353,cybersecurity,unknown,True,"Episode_55: 中間抽象度, 集約的 (dims: [106, 62, 379, 367, 71])",,,,,,
173,natural language processing,Reinforcement Learning,10,2025-06-18T13:59:05.170940,,,,,,,,,,,,,,,,,,,,,,,,,,,,,,,,,,,,,,,,,,,,,,,,,,,,,,,65.0,1.8832250833511353,cybersecurity,unknown,True,"Episode_65: 中間抽象度, 集約的 (dims: [106, 62, 379, 367, 71])"
174,computer vision,Graph Neural Networks,10,2025-06-18T13:59:05.214903,5.0,1.9527543783187866,cybersecurity,unknown,True,"Episode_5: 中間抽象度, 集約的 (dims: [106, 62, 379, 367, 71])",,,,,,,,,,,,,,,,,,,,,,,,,,,,,,,,,,,,,,,,,,,,,,,,,,,,,,
174,computer vision,Graph Neural Networks,10,2025-06-18T13:59:05.214903,,,,,,,15.0,1.9527543783187866,cybersecurity,unknown,True,"Episode_15: 中間抽象度, 集約的 (dims: [106, 62, 379, 367, 71])",,,,,,,,,,,,,,,,,,,,,,,,,,,,,,,,,,,,,,,,,,,,,,,,
174,computer vision,Graph Neural Networks,10,2025-06-18T13:59:05.214903,,,,,,,,,,,,,0.0,1.894721269607544,medical diagnosis,unknown,True,"Episode_0: 中間抽象度, 集約的 (dims: [13, 282, 58, 91, 281])",,,,,,,,,,,,,,,,,,,,,,,,,,,,,,,,,,,,,,,,,,
174,computer vision,Graph Neural Networks,10,2025-06-18T13:59:05.214903,,,,,,,,,,,,,,,,,,,10.0,1.894721269607544,medical diagnosis,unknown,True,"Episode_10: 中間抽象度, 集約的 (dims: [13, 282, 58, 91, 281])",,,,,,,,,,,,,,,,,,,,,,,,,,,,,,,,,,,,
174,computer vision,Graph Neural Networks,10,2025-06-18T13:59:05.214903,,,,,,,,,,,,,,,,,,,,,,,,,20.0,1.894721269607544,medical diagnosis,unknown,True,"Episode_20: 中間抽象度, 集約的 (dims: [13, 282, 58, 91, 281])",,,,,,,,,,,,,,,,,,,,,,,,,,,,,,
174,computer vision,Graph Neural Networks,10,2025-06-18T13:59:05.214903,,,,,,,,,,,,,,,,,,,,,,,,,,,,,,,30.0,1.894721269607544,medical diagnosis,unknown,True,"Episode_30: 中間抽象度, 集約的 (dims: [13, 282, 58, 91, 281])",,,,,,,,,,,,,,,,,,,,,,,,
174,computer vision,Graph Neural Networks,10,2025-06-18T13:59:05.214903,,,,,,,,,,,,,,,,,,,,,,,,,,,,,,,,,,,,,40.0,1.894721269607544,medical diagnosis,unknown,True,"Episode_40: 中間抽象度, 集約的 (dims: [13, 282, 58, 91, 281])",,,,,,,,,,,,,,,,,,
174,computer vision,Graph Neural Networks,10,2025-06-18T13:59:05.214903,,,,,,,,,,,,,,,,,,,,,,,,,,,,,,,,,,,,,,,,,,,50.0,1.894721269607544,medical diagnosis,unknown,True,"Episode_50: 中間抽象度, 集約的 (dims: [13, 282, 58, 91, 281])",,,,,,,,,,,,
174,computer vision,Graph Neural Networks,10,2025-06-18T13:59:05.214903,,,,,,,,,,,,,,,,,,,,,,,,,,,,,,,,,,,,,,,,,,,,,,,,,60.0,1.894721269607544,medical diagnosis,unknown,True,"Episode_60: 中間抽象度, 集約的 (dims: [13, 282, 58, 91, 281])",,,,,,
174,computer vision,Graph Neural Networks,10,2025-06-18T13:59:05.214903,,,,,,,,,,,,,,,,,,,,,,,,,,,,,,,,,,,,,,,,,,,,,,,,,,,,,,,70.0,1.894721269607544,medical diagnosis,unknown,True,"Episode_70: 中間抽象度, 集約的 (dims: [13, 282, 58, 91, 281])"
175,robotics,Federated Learning,10,2025-06-18T13:59:05.258246,0.0,1.8845016956329346,medical diagnosis,unknown,True,"Episode_0: 中間抽象度, 集約的 (dims: [13, 282, 58, 91, 281])",,,,,,,,,,,,,,,,,,,,,,,,,,,,,,,,,,,,,,,,,,,,,,,,,,,,,,
175,robotics,Federated Learning,10,2025-06-18T13:59:05.258246,,,,,,,10.0,1.8845016956329346,medical diagnosis,unknown,True,"Episode_10: 中間抽象度, 集約的 (dims: [13, 282, 58, 91, 281])",,,,,,,,,,,,,,,,,,,,,,,,,,,,,,,,,,,,,,,,,,,,,,,,
175,robotics,Federated Learning,10,2025-06-18T13:59:05.258246,,,,,,,,,,,,,20.0,1.8845016956329346,medical diagnosis,unknown,True,"Episode_20: 中間抽象度, 集約的 (dims: [13, 282, 58, 91, 281])",,,,,,,,,,,,,,,,,,,,,,,,,,,,,,,,,,,,,,,,,,
175,robotics,Federated Learning,10,2025-06-18T13:59:05.258246,,,,,,,,,,,,,,,,,,,5.0,1.8728573322296143,cybersecurity,unknown,True,"Episode_5: 中間抽象度, 集約的 (dims: [106, 62, 379, 367, 71])",,,,,,,,,,,,,,,,,,,,,,,,,,,,,,,,,,,,
175,robotics,Federated Learning,10,2025-06-18T13:59:05.258246,,,,,,,,,,,,,,,,,,,,,,,,,15.0,1.8728573322296143,cybersecurity,unknown,True,"Episode_15: 中間抽象度, 集約的 (dims: [106, 62, 379, 367, 71])",,,,,,,,,,,,,,,,,,,,,,,,,,,,,,
175,robotics,Federated Learning,10,2025-06-18T13:59:05.258246,,,,,,,,,,,,,,,,,,,,,,,,,,,,,,,25.0,1.8728573322296143,cybersecurity,unknown,True,"Episode_25: 中間抽象度, 集約的 (dims: [106, 62, 379, 367, 71])",,,,,,,,,,,,,,,,,,,,,,,,
175,robotics,Federated Learning,10,2025-06-18T13:59:05.258246,,,,,,,,,,,,,,,,,,,,,,,,,,,,,,,,,,,,,35.0,1.8728573322296143,cybersecurity,unknown,True,"Episode_35: 中間抽象度, 集約的 (dims: [106, 62, 379, 367, 71])",,,,,,,,,,,,,,,,,,
175,robotics,Federated Learning,10,2025-06-18T13:59:05.258246,,,,,,,,,,,,,,,,,,,,,,,,,,,,,,,,,,,,,,,,,,,45.0,1.8728573322296143,cybersecurity,unknown,True,"Episode_45: 中間抽象度, 集約的 (dims: [106, 62, 379, 367, 71])",,,,,,,,,,,,
175,robotics,Federated Learning,10,2025-06-18T13:59:05.258246,,,,,,,,,,,,,,,,,,,,,,,,,,,,,,,,,,,,,,,,,,,,,,,,,55.0,1.8728573322296143,cybersecurity,unknown,True,"Episode_55: 中間抽象度, 集約的 (dims: [106, 62, 379, 367, 71])",,,,,,
175,robotics,Federated Learning,10,2025-06-18T13:59:05.258246,,,,,,,,,,,,,,,,,,,,,,,,,,,,,,,,,,,,,,,,,,,,,,,,,,,,,,,65.0,1.8728573322296143,cybersecurity,unknown,True,"Episode_65: 中間抽象度, 集約的 (dims: [106, 62, 379, 367, 71])"
176,cybersecurity,Explainable AI,8,2025-06-18T13:59:05.302761,5.0,1.9190136194229126,cybersecurity,unknown,False,"Episode_5: 中間抽象度, 集約的 (dims: [106, 62, 379, 367, 71])",,,,,,,,,,,,,,,,,,,,,,,,,,,,,,,,,,,,,,,,,,,,,,,,,,,,,,
176,cybersecurity,Explainable AI,8,2025-06-18T13:59:05.302761,,,,,,,15.0,1.9190136194229126,cybersecurity,unknown,False,"Episode_15: 中間抽象度, 集約的 (dims: [106, 62, 379, 367, 71])",,,,,,,,,,,,,,,,,,,,,,,,,,,,,,,,,,,,,,,,,,,,,,,,
176,cybersecurity,Explainable AI,8,2025-06-18T13:59:05.302761,,,,,,,,,,,,,0.0,1.911033272743225,medical diagnosis,unknown,True,"Episode_0: 中間抽象度, 集約的 (dims: [13, 282, 58, 91, 281])",,,,,,,,,,,,,,,,,,,,,,,,,,,,,,,,,,,,,,,,,,
176,cybersecurity,Explainable AI,8,2025-06-18T13:59:05.302761,,,,,,,,,,,,,,,,,,,10.0,1.911033272743225,medical diagnosis,unknown,True,"Episode_10: 中間抽象度, 集約的 (dims: [13, 282, 58, 91, 281])",,,,,,,,,,,,,,,,,,,,,,,,,,,,,,,,,,,,
176,cybersecurity,Explainable AI,8,2025-06-18T13:59:05.302761,,,,,,,,,,,,,,,,,,,,,,,,,20.0,1.911033272743225,medical diagnosis,unknown,True,"Episode_20: 中間抽象度, 集約的 (dims: [13, 282, 58, 91, 281])",,,,,,,,,,,,,,,,,,,,,,,,,,,,,,
176,cybersecurity,Explainable AI,8,2025-06-18T13:59:05.302761,,,,,,,,,,,,,,,,,,,,,,,,,,,,,,,30.0,1.911033272743225,medical diagnosis,unknown,True,"Episode_30: 中間抽象度, 集約的 (dims: [13, 282, 58, 91, 281])",,,,,,,,,,,,,,,,,,,,,,,,
176,cybersecurity,Explainable AI,8,2025-06-18T13:59:05.302761,,,,,,,,,,,,,,,,,,,,,,,,,,,,,,,,,,,,,40.0,1.911033272743225,medical diagnosis,unknown,True,"Episode_40: 中間抽象度, 集約的 (dims: [13, 282, 58, 91, 281])",,,,,,,,,,,,,,,,,,
176,cybersecurity,Explainable AI,8,2025-06-18T13:59:05.302761,,,,,,,,,,,,,,,,,,,,,,,,,,,,,,,,,,,,,,,,,,,50.0,1.911033272743225,medical diagnosis,unknown,True,"Episode_50: 中間抽象度, 集約的 (dims: [13, 282, 58, 91, 281])",,,,,,,,,,,,
176,cybersecurity,Explainable AI,8,2025-06-18T13:59:05.302761,,,,,,,,,,,,,,,,,,,,,,,,,,,,,,,,,,,,,,,,,,,,,,,,,60.0,1.911033272743225,medical diagnosis,unknown,True,"Episode_60: 中間抽象度, 集約的 (dims: [13, 282, 58, 91, 281])",,,,,,
176,cybersecurity,Explainable AI,8,2025-06-18T13:59:05.302761,,,,,,,,,,,,,,,,,,,,,,,,,,,,,,,,,,,,,,,,,,,,,,,,,,,,,,,70.0,1.911033272743225,medical diagnosis,unknown,True,"Episode_70: 中間抽象度, 集約的 (dims: [13, 282, 58, 91, 281])"
177,climate modeling,Multimodal Learning,10,2025-06-18T13:59:05.347499,0.0,1.943310022354126,medical diagnosis,unknown,True,"Episode_0: 中間抽象度, 集約的 (dims: [13, 282, 58, 91, 281])",,,,,,,,,,,,,,,,,,,,,,,,,,,,,,,,,,,,,,,,,,,,,,,,,,,,,,
177,climate modeling,Multimodal Learning,10,2025-06-18T13:59:05.347499,,,,,,,10.0,1.943310022354126,medical diagnosis,unknown,True,"Episode_10: 中間抽象度, 集約的 (dims: [13, 282, 58, 91, 281])",,,,,,,,,,,,,,,,,,,,,,,,,,,,,,,,,,,,,,,,,,,,,,,,
177,climate modeling,Multimodal Learning,10,2025-06-18T13:59:05.347499,,,,,,,,,,,,,5.0,1.9013603925704956,cybersecurity,unknown,True,"Episode_5: 中間抽象度, 集約的 (dims: [106, 62, 379, 367, 71])",,,,,,,,,,,,,,,,,,,,,,,,,,,,,,,,,,,,,,,,,,
177,climate modeling,Multimodal Learning,10,2025-06-18T13:59:05.347499,,,,,,,,,,,,,,,,,,,15.0,1.9013603925704956,cybersecurity,unknown,True,"Episode_15: 中間抽象度, 集約的 (dims: [106, 62, 379, 367, 71])",,,,,,,,,,,,,,,,,,,,,,,,,,,,,,,,,,,,
177,climate modeling,Multimodal Learning,10,2025-06-18T13:59:05.347499,,,,,,,,,,,,,,,,,,,,,,,,,25.0,1.9013603925704956,cybersecurity,unknown,True,"Episode_25: 中間抽象度, 集約的 (dims: [106, 62, 379, 367, 71])",,,,,,,,,,,,,,,,,,,,,,,,,,,,,,
177,climate modeling,Multimodal Learning,10,2025-06-18T13:59:05.347499,,,,,,,,,,,,,,,,,,,,,,,,,,,,,,,35.0,1.9013603925704956,cybersecurity,unknown,True,"Episode_35: 中間抽象度, 集約的 (dims: [106, 62, 379, 367, 71])",,,,,,,,,,,,,,,,,,,,,,,,
177,climate modeling,Multimodal Learning,10,2025-06-18T13:59:05.347499,,,,,,,,,,,,,,,,,,,,,,,,,,,,,,,,,,,,,45.0,1.9013603925704956,cybersecurity,unknown,True,"Episode_45: 中間抽象度, 集約的 (dims: [106, 62, 379, 367, 71])",,,,,,,,,,,,,,,,,,
177,climate modeling,Multimodal Learning,10,2025-06-18T13:59:05.347499,,,,,,,,,,,,,,,,,,,,,,,,,,,,,,,,,,,,,,,,,,,55.0,1.9013603925704956,cybersecurity,unknown,True,"Episode_55: 中間抽象度, 集約的 (dims: [106, 62, 379, 367, 71])",,,,,,,,,,,,
177,climate modeling,Multimodal Learning,10,2025-06-18T13:59:05.347499,,,,,,,,,,,,,,,,,,,,,,,,,,,,,,,,,,,,,,,,,,,,,,,,,65.0,1.9013603925704956,cybersecurity,unknown,True,"Episode_65: 中間抽象度, 集約的 (dims: [106, 62, 379, 367, 71])",,,,,,
177,climate modeling,Multimodal Learning,10,2025-06-18T13:59:05.347499,,,,,,,,,,,,,,,,,,,,,,,,,,,,,,,,,,,,,,,,,,,,,,,,,,,,,,,75.0,1.9013603925704956,cybersecurity,unknown,True,"Episode_75: 中間抽象度, 集約的 (dims: [106, 62, 379, 367, 71])"
178,drug discovery,Few-shot Learning,10,2025-06-18T13:59:05.393616,5.0,1.9423749446868896,cybersecurity,unknown,True,"Episode_5: 中間抽象度, 集約的 (dims: [106, 62, 379, 367, 71])",,,,,,,,,,,,,,,,,,,,,,,,,,,,,,,,,,,,,,,,,,,,,,,,,,,,,,
178,drug discovery,Few-shot Learning,10,2025-06-18T13:59:05.393616,,,,,,,15.0,1.9423749446868896,cybersecurity,unknown,True,"Episode_15: 中間抽象度, 集約的 (dims: [106, 62, 379, 367, 71])",,,,,,,,,,,,,,,,,,,,,,,,,,,,,,,,,,,,,,,,,,,,,,,,
178,drug discovery,Few-shot Learning,10,2025-06-18T13:59:05.393616,,,,,,,,,,,,,0.0,1.9221811294555664,medical diagnosis,unknown,True,"Episode_0: 中間抽象度, 集約的 (dims: [13, 282, 58, 91, 281])",,,,,,,,,,,,,,,,,,,,,,,,,,,,,,,,,,,,,,,,,,
178,drug discovery,Few-shot Learning,10,2025-06-18T13:59:05.393616,,,,,,,,,,,,,,,,,,,10.0,1.9221811294555664,medical diagnosis,unknown,True,"Episode_10: 中間抽象度, 集約的 (dims: [13, 282, 58, 91, 281])",,,,,,,,,,,,,,,,,,,,,,,,,,,,,,,,,,,,
178,drug discovery,Few-shot Learning,10,2025-06-18T13:59:05.393616,,,,,,,,,,,,,,,,,,,,,,,,,20.0,1.9221811294555664,medical diagnosis,unknown,True,"Episode_20: 中間抽象度, 集約的 (dims: [13, 282, 58, 91, 281])",,,,,,,,,,,,,,,,,,,,,,,,,,,,,,
178,drug discovery,Few-shot Learning,10,2025-06-18T13:59:05.393616,,,,,,,,,,,,,,,,,,,,,,,,,,,,,,,30.0,1.9221811294555664,medical diagnosis,unknown,True,"Episode_30: 中間抽象度, 集約的 (dims: [13, 282, 58, 91, 281])",,,,,,,,,,,,,,,,,,,,,,,,
178,drug discovery,Few-shot Learning,10,2025-06-18T13:59:05.393616,,,,,,,,,,,,,,,,,,,,,,,,,,,,,,,,,,,,,40.0,1.9221811294555664,medical diagnosis,unknown,True,"Episode_40: 中間抽象度, 集約的 (dims: [13, 282, 58, 91, 281])",,,,,,,,,,,,,,,,,,
178,drug discovery,Few-shot Learning,10,2025-06-18T13:59:05.393616,,,,,,,,,,,,,,,,,,,,,,,,,,,,,,,,,,,,,,,,,,,50.0,1.9221811294555664,medical diagnosis,unknown,True,"Episode_50: 中間抽象度, 集約的 (dims: [13, 282, 58, 91, 281])",,,,,,,,,,,,
178,drug discovery,Few-shot Learning,10,2025-06-18T13:59:05.393616,,,,,,,,,,,,,,,,,,,,,,,,,,,,,,,,,,,,,,,,,,,,,,,,,60.0,1.9221811294555664,medical diagnosis,unknown,True,"Episode_60: 中間抽象度, 集約的 (dims: [13, 282, 58, 91, 281])",,,,,,
178,drug discovery,Few-shot Learning,10,2025-06-18T13:59:05.393616,,,,,,,,,,,,,,,,,,,,,,,,,,,,,,,,,,,,,,,,,,,,,,,,,,,,,,,70.0,1.9221811294555664,medical diagnosis,unknown,True,"Episode_70: 中間抽象度, 集約的 (dims: [13, 282, 58, 91, 281])"
179,financial prediction,Transfer Learning,10,2025-06-18T13:59:05.437316,5.0,1.927770733833313,cybersecurity,unknown,True,"Episode_5: 中間抽象度, 集約的 (dims: [106, 62, 379, 367, 71])",,,,,,,,,,,,,,,,,,,,,,,,,,,,,,,,,,,,,,,,,,,,,,,,,,,,,,
179,financial prediction,Transfer Learning,10,2025-06-18T13:59:05.437316,,,,,,,15.0,1.927770733833313,cybersecurity,unknown,True,"Episode_15: 中間抽象度, 集約的 (dims: [106, 62, 379, 367, 71])",,,,,,,,,,,,,,,,,,,,,,,,,,,,,,,,,,,,,,,,,,,,,,,,
179,financial prediction,Transfer Learning,10,2025-06-18T13:59:05.437316,,,,,,,,,,,,,0.0,1.9256962537765503,medical diagnosis,unknown,True,"Episode_0: 中間抽象度, 集約的 (dims: [13, 282, 58, 91, 281])",,,,,,,,,,,,,,,,,,,,,,,,,,,,,,,,,,,,,,,,,,
179,financial prediction,Transfer Learning,10,2025-06-18T13:59:05.437316,,,,,,,,,,,,,,,,,,,10.0,1.9256962537765503,medical diagnosis,unknown,True,"Episode_10: 中間抽象度, 集約的 (dims: [13, 282, 58, 91, 281])",,,,,,,,,,,,,,,,,,,,,,,,,,,,,,,,,,,,
179,financial prediction,Transfer Learning,10,2025-06-18T13:59:05.437316,,,,,,,,,,,,,,,,,,,,,,,,,20.0,1.9256962537765503,medical diagnosis,unknown,True,"Episode_20: 中間抽象度, 集約的 (dims: [13, 282, 58, 91, 281])",,,,,,,,,,,,,,,,,,,,,,,,,,,,,,
179,financial prediction,Transfer Learning,10,2025-06-18T13:59:05.437316,,,,,,,,,,,,,,,,,,,,,,,,,,,,,,,30.0,1.9256962537765503,medical diagnosis,unknown,True,"Episode_30: 中間抽象度, 集約的 (dims: [13, 282, 58, 91, 281])",,,,,,,,,,,,,,,,,,,,,,,,
179,financial prediction,Transfer Learning,10,2025-06-18T13:59:05.437316,,,,,,,,,,,,,,,,,,,,,,,,,,,,,,,,,,,,,40.0,1.9256962537765503,medical diagnosis,unknown,True,"Episode_40: 中間抽象度, 集約的 (dims: [13, 282, 58, 91, 281])",,,,,,,,,,,,,,,,,,
179,financial prediction,Transfer Learning,10,2025-06-18T13:59:05.437316,,,,,,,,,,,,,,,,,,,,,,,,,,,,,,,,,,,,,,,,,,,50.0,1.9256962537765503,medical diagnosis,unknown,True,"Episode_50: 中間抽象度, 集約的 (dims: [13, 282, 58, 91, 281])",,,,,,,,,,,,
179,financial prediction,Transfer Learning,10,2025-06-18T13:59:05.437316,,,,,,,,,,,,,,,,,,,,,,,,,,,,,,,,,,,,,,,,,,,,,,,,,60.0,1.9256962537765503,medical diagnosis,unknown,True,"Episode_60: 中間抽象度, 集約的 (dims: [13, 282, 58, 91, 281])",,,,,,
179,financial prediction,Transfer Learning,10,2025-06-18T13:59:05.437316,,,,,,,,,,,,,,,,,,,,,,,,,,,,,,,,,,,,,,,,,,,,,,,,,,,,,,,70.0,1.9256962537765503,medical diagnosis,unknown,True,"Episode_70: 中間抽象度, 集約的 (dims: [13, 282, 58, 91, 281])"
180,educational technology,Adversarial Machine Learning,10,2025-06-18T13:59:05.481458,5.0,1.932023525238037,cybersecurity,unknown,True,"Episode_5: 中間抽象度, 集約的 (dims: [106, 62, 379, 367, 71])",,,,,,,,,,,,,,,,,,,,,,,,,,,,,,,,,,,,,,,,,,,,,,,,,,,,,,
180,educational technology,Adversarial Machine Learning,10,2025-06-18T13:59:05.481458,,,,,,,15.0,1.932023525238037,cybersecurity,unknown,True,"Episode_15: 中間抽象度, 集約的 (dims: [106, 62, 379, 367, 71])",,,,,,,,,,,,,,,,,,,,,,,,,,,,,,,,,,,,,,,,,,,,,,,,
180,educational technology,Adversarial Machine Learning,10,2025-06-18T13:59:05.481458,,,,,,,,,,,,,0.0,1.928670048713684,medical diagnosis,unknown,True,"Episode_0: 中間抽象度, 集約的 (dims: [13, 282, 58, 91, 281])",,,,,,,,,,,,,,,,,,,,,,,,,,,,,,,,,,,,,,,,,,
180,educational technology,Adversarial Machine Learning,10,2025-06-18T13:59:05.481458,,,,,,,,,,,,,,,,,,,10.0,1.928670048713684,medical diagnosis,unknown,True,"Episode_10: 中間抽象度, 集約的 (dims: [13, 282, 58, 91, 281])",,,,,,,,,,,,,,,,,,,,,,,,,,,,,,,,,,,,
180,educational technology,Adversarial Machine Learning,10,2025-06-18T13:59:05.481458,,,,,,,,,,,,,,,,,,,,,,,,,20.0,1.928670048713684,medical diagnosis,unknown,True,"Episode_20: 中間抽象度, 集約的 (dims: [13, 282, 58, 91, 281])",,,,,,,,,,,,,,,,,,,,,,,,,,,,,,
180,educational technology,Adversarial Machine Learning,10,2025-06-18T13:59:05.481458,,,,,,,,,,,,,,,,,,,,,,,,,,,,,,,30.0,1.928670048713684,medical diagnosis,unknown,True,"Episode_30: 中間抽象度, 集約的 (dims: [13, 282, 58, 91, 281])",,,,,,,,,,,,,,,,,,,,,,,,
180,educational technology,Adversarial Machine Learning,10,2025-06-18T13:59:05.481458,,,,,,,,,,,,,,,,,,,,,,,,,,,,,,,,,,,,,40.0,1.928670048713684,medical diagnosis,unknown,True,"Episode_40: 中間抽象度, 集約的 (dims: [13, 282, 58, 91, 281])",,,,,,,,,,,,,,,,,,
180,educational technology,Adversarial Machine Learning,10,2025-06-18T13:59:05.481458,,,,,,,,,,,,,,,,,,,,,,,,,,,,,,,,,,,,,,,,,,,50.0,1.928670048713684,medical diagnosis,unknown,True,"Episode_50: 中間抽象度, 集約的 (dims: [13, 282, 58, 91, 281])",,,,,,,,,,,,
180,educational technology,Adversarial Machine Learning,10,2025-06-18T13:59:05.481458,,,,,,,,,,,,,,,,,,,,,,,,,,,,,,,,,,,,,,,,,,,,,,,,,60.0,1.928670048713684,medical diagnosis,unknown,True,"Episode_60: 中間抽象度, 集約的 (dims: [13, 282, 58, 91, 281])",,,,,,
180,educational technology,Adversarial Machine Learning,10,2025-06-18T13:59:05.481458,,,,,,,,,,,,,,,,,,,,,,,,,,,,,,,,,,,,,,,,,,,,,,,,,,,,,,,70.0,1.928670048713684,medical diagnosis,unknown,True,"Episode_70: 中間抽象度, 集約的 (dims: [13, 282, 58, 91, 281])"
181,medical diagnosis,Large Language Models,2,2025-06-18T13:59:05.527719,5.0,1.893110990524292,cybersecurity,unknown,True,"Episode_5: 中間抽象度, 集約的 (dims: [106, 62, 379, 367, 71])",,,,,,,,,,,,,,,,,,,,,,,,,,,,,,,,,,,,,,,,,,,,,,,,,,,,,,
181,medical diagnosis,Large Language Models,2,2025-06-18T13:59:05.527719,,,,,,,15.0,1.893110990524292,cybersecurity,unknown,True,"Episode_15: 中間抽象度, 集約的 (dims: [106, 62, 379, 367, 71])",,,,,,,,,,,,,,,,,,,,,,,,,,,,,,,,,,,,,,,,,,,,,,,,
181,medical diagnosis,Large Language Models,2,2025-06-18T13:59:05.527719,,,,,,,,,,,,,0.0,1.8874430656433105,medical diagnosis,unknown,False,"Episode_0: 中間抽象度, 集約的 (dims: [13, 282, 58, 91, 281])",,,,,,,,,,,,,,,,,,,,,,,,,,,,,,,,,,,,,,,,,,
181,medical diagnosis,Large Language Models,2,2025-06-18T13:59:05.527719,,,,,,,,,,,,,,,,,,,10.0,1.8874430656433105,medical diagnosis,unknown,False,"Episode_10: 中間抽象度, 集約的 (dims: [13, 282, 58, 91, 281])",,,,,,,,,,,,,,,,,,,,,,,,,,,,,,,,,,,,
181,medical diagnosis,Large Language Models,2,2025-06-18T13:59:05.527719,,,,,,,,,,,,,,,,,,,,,,,,,20.0,1.8874430656433105,medical diagnosis,unknown,False,"Episode_20: 中間抽象度, 集約的 (dims: [13, 282, 58, 91, 281])",,,,,,,,,,,,,,,,,,,,,,,,,,,,,,
181,medical diagnosis,Large Language Models,2,2025-06-18T13:59:05.527719,,,,,,,,,,,,,,,,,,,,,,,,,,,,,,,30.0,1.8874430656433105,medical diagnosis,unknown,False,"Episode_30: 中間抽象度, 集約的 (dims: [13, 282, 58, 91, 281])",,,,,,,,,,,,,,,,,,,,,,,,
181,medical diagnosis,Large Language Models,2,2025-06-18T13:59:05.527719,,,,,,,,,,,,,,,,,,,,,,,,,,,,,,,,,,,,,40.0,1.8874430656433105,medical diagnosis,unknown,False,"Episode_40: 中間抽象度, 集約的 (dims: [13, 282, 58, 91, 281])",,,,,,,,,,,,,,,,,,
181,medical diagnosis,Large Language Models,2,2025-06-18T13:59:05.527719,,,,,,,,,,,,,,,,,,,,,,,,,,,,,,,,,,,,,,,,,,,50.0,1.8874430656433105,medical diagnosis,unknown,False,"Episode_50: 中間抽象度, 集約的 (dims: [13, 282, 58, 91, 281])",,,,,,,,,,,,
181,medical diagnosis,Large Language Models,2,2025-06-18T13:59:05.527719,,,,,,,,,,,,,,,,,,,,,,,,,,,,,,,,,,,,,,,,,,,,,,,,,60.0,1.8874430656433105,medical diagnosis,unknown,False,"Episode_60: 中間抽象度, 集約的 (dims: [13, 282, 58, 91, 281])",,,,,,
181,medical diagnosis,Large Language Models,2,2025-06-18T13:59:05.527719,,,,,,,,,,,,,,,,,,,,,,,,,,,,,,,,,,,,,,,,,,,,,,,,,,,,,,,70.0,1.8874430656433105,medical diagnosis,unknown,False,"Episode_70: 中間抽象度, 集約的 (dims: [13, 282, 58, 91, 281])"
182,autonomous systems,Computer Vision,10,2025-06-18T13:59:05.571275,5.0,1.913588047027588,cybersecurity,unknown,True,"Episode_5: 中間抽象度, 集約的 (dims: [106, 62, 379, 367, 71])",,,,,,,,,,,,,,,,,,,,,,,,,,,,,,,,,,,,,,,,,,,,,,,,,,,,,,
182,autonomous systems,Computer Vision,10,2025-06-18T13:59:05.571275,,,,,,,0.0,1.8768787384033203,medical diagnosis,unknown,True,"Episode_0: 中間抽象度, 集約的 (dims: [13, 282, 58, 91, 281])",,,,,,,,,,,,,,,,,,,,,,,,,,,,,,,,,,,,,,,,,,,,,,,,
182,autonomous systems,Computer Vision,10,2025-06-18T13:59:05.571275,,,,,,,,,,,,,10.0,1.8768787384033203,medical diagnosis,unknown,True,"Episode_10: 中間抽象度, 集約的 (dims: [13, 282, 58, 91, 281])",,,,,,,,,,,,,,,,,,,,,,,,,,,,,,,,,,,,,,,,,,
182,autonomous systems,Computer Vision,10,2025-06-18T13:59:05.571275,,,,,,,,,,,,,,,,,,,20.0,1.8768787384033203,medical diagnosis,unknown,True,"Episode_20: 中間抽象度, 集約的 (dims: [13, 282, 58, 91, 281])",,,,,,,,,,,,,,,,,,,,,,,,,,,,,,,,,,,,
182,autonomous systems,Computer Vision,10,2025-06-18T13:59:05.571275,,,,,,,,,,,,,,,,,,,,,,,,,30.0,1.8768787384033203,medical diagnosis,unknown,True,"Episode_30: 中間抽象度, 集約的 (dims: [13, 282, 58, 91, 281])",,,,,,,,,,,,,,,,,,,,,,,,,,,,,,
182,autonomous systems,Computer Vision,10,2025-06-18T13:59:05.571275,,,,,,,,,,,,,,,,,,,,,,,,,,,,,,,40.0,1.8768787384033203,medical diagnosis,unknown,True,"Episode_40: 中間抽象度, 集約的 (dims: [13, 282, 58, 91, 281])",,,,,,,,,,,,,,,,,,,,,,,,
182,autonomous systems,Computer Vision,10,2025-06-18T13:59:05.571275,,,,,,,,,,,,,,,,,,,,,,,,,,,,,,,,,,,,,50.0,1.8768787384033203,medical diagnosis,unknown,True,"Episode_50: 中間抽象度, 集約的 (dims: [13, 282, 58, 91, 281])",,,,,,,,,,,,,,,,,,
182,autonomous systems,Computer Vision,10,2025-06-18T13:59:05.571275,,,,,,,,,,,,,,,,,,,,,,,,,,,,,,,,,,,,,,,,,,,60.0,1.8768787384033203,medical diagnosis,unknown,True,"Episode_60: 中間抽象度, 集約的 (dims: [13, 282, 58, 91, 281])",,,,,,,,,,,,
182,autonomous systems,Computer Vision,10,2025-06-18T13:59:05.571275,,,,,,,,,,,,,,,,,,,,,,,,,,,,,,,,,,,,,,,,,,,,,,,,,70.0,1.8768787384033203,medical diagnosis,unknown,True,"Episode_70: 中間抽象度, 集約的 (dims: [13, 282, 58, 91, 281])",,,,,,
182,autonomous systems,Computer Vision,10,2025-06-18T13:59:05.571275,,,,,,,,,,,,,,,,,,,,,,,,,,,,,,,,,,,,,,,,,,,,,,,,,,,,,,,80.0,1.8768787384033203,medical diagnosis,unknown,True,"Episode_80: 中間抽象度, 集約的 (dims: [13, 282, 58, 91, 281])"
183,natural language processing,Reinforcement Learning,10,2025-06-18T13:59:05.614636,0.0,1.9134697914123535,medical diagnosis,unknown,True,"Episode_0: 中間抽象度, 集約的 (dims: [13, 282, 58, 91, 281])",,,,,,,,,,,,,,,,,,,,,,,,,,,,,,,,,,,,,,,,,,,,,,,,,,,,,,
183,natural language processing,Reinforcement Learning,10,2025-06-18T13:59:05.614636,,,,,,,10.0,1.9134697914123535,medical diagnosis,unknown,True,"Episode_10: 中間抽象度, 集約的 (dims: [13, 282, 58, 91, 281])",,,,,,,,,,,,,,,,,,,,,,,,,,,,,,,,,,,,,,,,,,,,,,,,
183,natural language processing,Reinforcement Learning,10,2025-06-18T13:59:05.614636,,,,,,,,,,,,,5.0,1.8832250833511353,cybersecurity,unknown,True,"Episode_5: 中間抽象度, 集約的 (dims: [106, 62, 379, 367, 71])",,,,,,,,,,,,,,,,,,,,,,,,,,,,,,,,,,,,,,,,,,
183,natural language processing,Reinforcement Learning,10,2025-06-18T13:59:05.614636,,,,,,,,,,,,,,,,,,,15.0,1.8832250833511353,cybersecurity,unknown,True,"Episode_15: 中間抽象度, 集約的 (dims: [106, 62, 379, 367, 71])",,,,,,,,,,,,,,,,,,,,,,,,,,,,,,,,,,,,
183,natural language processing,Reinforcement Learning,10,2025-06-18T13:59:05.614636,,,,,,,,,,,,,,,,,,,,,,,,,25.0,1.8832250833511353,cybersecurity,unknown,True,"Episode_25: 中間抽象度, 集約的 (dims: [106, 62, 379, 367, 71])",,,,,,,,,,,,,,,,,,,,,,,,,,,,,,
183,natural language processing,Reinforcement Learning,10,2025-06-18T13:59:05.614636,,,,,,,,,,,,,,,,,,,,,,,,,,,,,,,35.0,1.8832250833511353,cybersecurity,unknown,True,"Episode_35: 中間抽象度, 集約的 (dims: [106, 62, 379, 367, 71])",,,,,,,,,,,,,,,,,,,,,,,,
183,natural language processing,Reinforcement Learning,10,2025-06-18T13:59:05.614636,,,,,,,,,,,,,,,,,,,,,,,,,,,,,,,,,,,,,45.0,1.8832250833511353,cybersecurity,unknown,True,"Episode_45: 中間抽象度, 集約的 (dims: [106, 62, 379, 367, 71])",,,,,,,,,,,,,,,,,,
183,natural language processing,Reinforcement Learning,10,2025-06-18T13:59:05.614636,,,,,,,,,,,,,,,,,,,,,,,,,,,,,,,,,,,,,,,,,,,55.0,1.8832250833511353,cybersecurity,unknown,True,"Episode_55: 中間抽象度, 集約的 (dims: [106, 62, 379, 367, 71])",,,,,,,,,,,,
183,natural language processing,Reinforcement Learning,10,2025-06-18T13:59:05.614636,,,,,,,,,,,,,,,,,,,,,,,,,,,,,,,,,,,,,,,,,,,,,,,,,65.0,1.8832250833511353,cybersecurity,unknown,True,"Episode_65: 中間抽象度, 集約的 (dims: [106, 62, 379, 367, 71])",,,,,,
183,natural language processing,Reinforcement Learning,10,2025-06-18T13:59:05.614636,,,,,,,,,,,,,,,,,,,,,,,,,,,,,,,,,,,,,,,,,,,,,,,,,,,,,,,75.0,1.8832250833511353,cybersecurity,unknown,True,"Episode_75: 中間抽象度, 集約的 (dims: [106, 62, 379, 367, 71])"
184,computer vision,Graph Neural Networks,10,2025-06-18T13:59:05.658278,5.0,1.9527543783187866,cybersecurity,unknown,True,"Episode_5: 中間抽象度, 集約的 (dims: [106, 62, 379, 367, 71])",,,,,,,,,,,,,,,,,,,,,,,,,,,,,,,,,,,,,,,,,,,,,,,,,,,,,,
184,computer vision,Graph Neural Networks,10,2025-06-18T13:59:05.658278,,,,,,,0.0,1.894721269607544,medical diagnosis,unknown,True,"Episode_0: 中間抽象度, 集約的 (dims: [13, 282, 58, 91, 281])",,,,,,,,,,,,,,,,,,,,,,,,,,,,,,,,,,,,,,,,,,,,,,,,
184,computer vision,Graph Neural Networks,10,2025-06-18T13:59:05.658278,,,,,,,,,,,,,10.0,1.894721269607544,medical diagnosis,unknown,True,"Episode_10: 中間抽象度, 集約的 (dims: [13, 282, 58, 91, 281])",,,,,,,,,,,,,,,,,,,,,,,,,,,,,,,,,,,,,,,,,,
184,computer vision,Graph Neural Networks,10,2025-06-18T13:59:05.658278,,,,,,,,,,,,,,,,,,,20.0,1.894721269607544,medical diagnosis,unknown,True,"Episode_20: 中間抽象度, 集約的 (dims: [13, 282, 58, 91, 281])",,,,,,,,,,,,,,,,,,,,,,,,,,,,,,,,,,,,
184,computer vision,Graph Neural Networks,10,2025-06-18T13:59:05.658278,,,,,,,,,,,,,,,,,,,,,,,,,30.0,1.894721269607544,medical diagnosis,unknown,True,"Episode_30: 中間抽象度, 集約的 (dims: [13, 282, 58, 91, 281])",,,,,,,,,,,,,,,,,,,,,,,,,,,,,,
184,computer vision,Graph Neural Networks,10,2025-06-18T13:59:05.658278,,,,,,,,,,,,,,,,,,,,,,,,,,,,,,,40.0,1.894721269607544,medical diagnosis,unknown,True,"Episode_40: 中間抽象度, 集約的 (dims: [13, 282, 58, 91, 281])",,,,,,,,,,,,,,,,,,,,,,,,
184,computer vision,Graph Neural Networks,10,2025-06-18T13:59:05.658278,,,,,,,,,,,,,,,,,,,,,,,,,,,,,,,,,,,,,50.0,1.894721269607544,medical diagnosis,unknown,True,"Episode_50: 中間抽象度, 集約的 (dims: [13, 282, 58, 91, 281])",,,,,,,,,,,,,,,,,,
184,computer vision,Graph Neural Networks,10,2025-06-18T13:59:05.658278,,,,,,,,,,,,,,,,,,,,,,,,,,,,,,,,,,,,,,,,,,,60.0,1.894721269607544,medical diagnosis,unknown,True,"Episode_60: 中間抽象度, 集約的 (dims: [13, 282, 58, 91, 281])",,,,,,,,,,,,
184,computer vision,Graph Neural Networks,10,2025-06-18T13:59:05.658278,,,,,,,,,,,,,,,,,,,,,,,,,,,,,,,,,,,,,,,,,,,,,,,,,70.0,1.894721269607544,medical diagnosis,unknown,True,"Episode_70: 中間抽象度, 集約的 (dims: [13, 282, 58, 91, 281])",,,,,,
184,computer vision,Graph Neural Networks,10,2025-06-18T13:59:05.658278,,,,,,,,,,,,,,,,,,,,,,,,,,,,,,,,,,,,,,,,,,,,,,,,,,,,,,,80.0,1.894721269607544,medical diagnosis,unknown,True,"Episode_80: 中間抽象度, 集約的 (dims: [13, 282, 58, 91, 281])"
185,robotics,Federated Learning,10,2025-06-18T13:59:05.701890,0.0,1.8845016956329346,medical diagnosis,unknown,True,"Episode_0: 中間抽象度, 集約的 (dims: [13, 282, 58, 91, 281])",,,,,,,,,,,,,,,,,,,,,,,,,,,,,,,,,,,,,,,,,,,,,,,,,,,,,,
185,robotics,Federated Learning,10,2025-06-18T13:59:05.701890,,,,,,,10.0,1.8845016956329346,medical diagnosis,unknown,True,"Episode_10: 中間抽象度, 集約的 (dims: [13, 282, 58, 91, 281])",,,,,,,,,,,,,,,,,,,,,,,,,,,,,,,,,,,,,,,,,,,,,,,,
185,robotics,Federated Learning,10,2025-06-18T13:59:05.701890,,,,,,,,,,,,,5.0,1.8728573322296143,cybersecurity,unknown,True,"Episode_5: 中間抽象度, 集約的 (dims: [106, 62, 379, 367, 71])",,,,,,,,,,,,,,,,,,,,,,,,,,,,,,,,,,,,,,,,,,
185,robotics,Federated Learning,10,2025-06-18T13:59:05.701890,,,,,,,,,,,,,,,,,,,15.0,1.8728573322296143,cybersecurity,unknown,True,"Episode_15: 中間抽象度, 集約的 (dims: [106, 62, 379, 367, 71])",,,,,,,,,,,,,,,,,,,,,,,,,,,,,,,,,,,,
185,robotics,Federated Learning,10,2025-06-18T13:59:05.701890,,,,,,,,,,,,,,,,,,,,,,,,,25.0,1.8728573322296143,cybersecurity,unknown,True,"Episode_25: 中間抽象度, 集約的 (dims: [106, 62, 379, 367, 71])",,,,,,,,,,,,,,,,,,,,,,,,,,,,,,
185,robotics,Federated Learning,10,2025-06-18T13:59:05.701890,,,,,,,,,,,,,,,,,,,,,,,,,,,,,,,35.0,1.8728573322296143,cybersecurity,unknown,True,"Episode_35: 中間抽象度, 集約的 (dims: [106, 62, 379, 367, 71])",,,,,,,,,,,,,,,,,,,,,,,,
185,robotics,Federated Learning,10,2025-06-18T13:59:05.701890,,,,,,,,,,,,,,,,,,,,,,,,,,,,,,,,,,,,,45.0,1.8728573322296143,cybersecurity,unknown,True,"Episode_45: 中間抽象度, 集約的 (dims: [106, 62, 379, 367, 71])",,,,,,,,,,,,,,,,,,
185,robotics,Federated Learning,10,2025-06-18T13:59:05.701890,,,,,,,,,,,,,,,,,,,,,,,,,,,,,,,,,,,,,,,,,,,55.0,1.8728573322296143,cybersecurity,unknown,True,"Episode_55: 中間抽象度, 集約的 (dims: [106, 62, 379, 367, 71])",,,,,,,,,,,,
185,robotics,Federated Learning,10,2025-06-18T13:59:05.701890,,,,,,,,,,,,,,,,,,,,,,,,,,,,,,,,,,,,,,,,,,,,,,,,,65.0,1.8728573322296143,cybersecurity,unknown,True,"Episode_65: 中間抽象度, 集約的 (dims: [106, 62, 379, 367, 71])",,,,,,
185,robotics,Federated Learning,10,2025-06-18T13:59:05.701890,,,,,,,,,,,,,,,,,,,,,,,,,,,,,,,,,,,,,,,,,,,,,,,,,,,,,,,75.0,1.8728573322296143,cybersecurity,unknown,True,"Episode_75: 中間抽象度, 集約的 (dims: [106, 62, 379, 367, 71])"
186,cybersecurity,Explainable AI,9,2025-06-18T13:59:05.747139,5.0,1.9190136194229126,cybersecurity,unknown,False,"Episode_5: 中間抽象度, 集約的 (dims: [106, 62, 379, 367, 71])",,,,,,,,,,,,,,,,,,,,,,,,,,,,,,,,,,,,,,,,,,,,,,,,,,,,,,
186,cybersecurity,Explainable AI,9,2025-06-18T13:59:05.747139,,,,,,,0.0,1.911033272743225,medical diagnosis,unknown,True,"Episode_0: 中間抽象度, 集約的 (dims: [13, 282, 58, 91, 281])",,,,,,,,,,,,,,,,,,,,,,,,,,,,,,,,,,,,,,,,,,,,,,,,
186,cybersecurity,Explainable AI,9,2025-06-18T13:59:05.747139,,,,,,,,,,,,,10.0,1.911033272743225,medical diagnosis,unknown,True,"Episode_10: 中間抽象度, 集約的 (dims: [13, 282, 58, 91, 281])",,,,,,,,,,,,,,,,,,,,,,,,,,,,,,,,,,,,,,,,,,
186,cybersecurity,Explainable AI,9,2025-06-18T13:59:05.747139,,,,,,,,,,,,,,,,,,,20.0,1.911033272743225,medical diagnosis,unknown,True,"Episode_20: 中間抽象度, 集約的 (dims: [13, 282, 58, 91, 281])",,,,,,,,,,,,,,,,,,,,,,,,,,,,,,,,,,,,
186,cybersecurity,Explainable AI,9,2025-06-18T13:59:05.747139,,,,,,,,,,,,,,,,,,,,,,,,,30.0,1.911033272743225,medical diagnosis,unknown,True,"Episode_30: 中間抽象度, 集約的 (dims: [13, 282, 58, 91, 281])",,,,,,,,,,,,,,,,,,,,,,,,,,,,,,
186,cybersecurity,Explainable AI,9,2025-06-18T13:59:05.747139,,,,,,,,,,,,,,,,,,,,,,,,,,,,,,,40.0,1.911033272743225,medical diagnosis,unknown,True,"Episode_40: 中間抽象度, 集約的 (dims: [13, 282, 58, 91, 281])",,,,,,,,,,,,,,,,,,,,,,,,
186,cybersecurity,Explainable AI,9,2025-06-18T13:59:05.747139,,,,,,,,,,,,,,,,,,,,,,,,,,,,,,,,,,,,,50.0,1.911033272743225,medical diagnosis,unknown,True,"Episode_50: 中間抽象度, 集約的 (dims: [13, 282, 58, 91, 281])",,,,,,,,,,,,,,,,,,
186,cybersecurity,Explainable AI,9,2025-06-18T13:59:05.747139,,,,,,,,,,,,,,,,,,,,,,,,,,,,,,,,,,,,,,,,,,,60.0,1.911033272743225,medical diagnosis,unknown,True,"Episode_60: 中間抽象度, 集約的 (dims: [13, 282, 58, 91, 281])",,,,,,,,,,,,
186,cybersecurity,Explainable AI,9,2025-06-18T13:59:05.747139,,,,,,,,,,,,,,,,,,,,,,,,,,,,,,,,,,,,,,,,,,,,,,,,,70.0,1.911033272743225,medical diagnosis,unknown,True,"Episode_70: 中間抽象度, 集約的 (dims: [13, 282, 58, 91, 281])",,,,,,
186,cybersecurity,Explainable AI,9,2025-06-18T13:59:05.747139,,,,,,,,,,,,,,,,,,,,,,,,,,,,,,,,,,,,,,,,,,,,,,,,,,,,,,,80.0,1.911033272743225,medical diagnosis,unknown,True,"Episode_80: 中間抽象度, 集約的 (dims: [13, 282, 58, 91, 281])"
187,climate modeling,Multimodal Learning,10,2025-06-18T13:59:05.792138,0.0,1.943310022354126,medical diagnosis,unknown,True,"Episode_0: 中間抽象度, 集約的 (dims: [13, 282, 58, 91, 281])",,,,,,,,,,,,,,,,,,,,,,,,,,,,,,,,,,,,,,,,,,,,,,,,,,,,,,
187,climate modeling,Multimodal Learning,10,2025-06-18T13:59:05.792138,,,,,,,5.0,1.9013603925704956,cybersecurity,unknown,True,"Episode_5: 中間抽象度, 集約的 (dims: [106, 62, 379, 367, 71])",,,,,,,,,,,,,,,,,,,,,,,,,,,,,,,,,,,,,,,,,,,,,,,,
187,climate modeling,Multimodal Learning,10,2025-06-18T13:59:05.792138,,,,,,,,,,,,,15.0,1.9013603925704956,cybersecurity,unknown,True,"Episode_15: 中間抽象度, 集約的 (dims: [106, 62, 379, 367, 71])",,,,,,,,,,,,,,,,,,,,,,,,,,,,,,,,,,,,,,,,,,
187,climate modeling,Multimodal Learning,10,2025-06-18T13:59:05.792138,,,,,,,,,,,,,,,,,,,25.0,1.9013603925704956,cybersecurity,unknown,True,"Episode_25: 中間抽象度, 集約的 (dims: [106, 62, 379, 367, 71])",,,,,,,,,,,,,,,,,,,,,,,,,,,,,,,,,,,,
187,climate modeling,Multimodal Learning,10,2025-06-18T13:59:05.792138,,,,,,,,,,,,,,,,,,,,,,,,,35.0,1.9013603925704956,cybersecurity,unknown,True,"Episode_35: 中間抽象度, 集約的 (dims: [106, 62, 379, 367, 71])",,,,,,,,,,,,,,,,,,,,,,,,,,,,,,
187,climate modeling,Multimodal Learning,10,2025-06-18T13:59:05.792138,,,,,,,,,,,,,,,,,,,,,,,,,,,,,,,45.0,1.9013603925704956,cybersecurity,unknown,True,"Episode_45: 中間抽象度, 集約的 (dims: [106, 62, 379, 367, 71])",,,,,,,,,,,,,,,,,,,,,,,,
187,climate modeling,Multimodal Learning,10,2025-06-18T13:59:05.792138,,,,,,,,,,,,,,,,,,,,,,,,,,,,,,,,,,,,,55.0,1.9013603925704956,cybersecurity,unknown,True,"Episode_55: 中間抽象度, 集約的 (dims: [106, 62, 379, 367, 71])",,,,,,,,,,,,,,,,,,
187,climate modeling,Multimodal Learning,10,2025-06-18T13:59:05.792138,,,,,,,,,,,,,,,,,,,,,,,,,,,,,,,,,,,,,,,,,,,65.0,1.9013603925704956,cybersecurity,unknown,True,"Episode_65: 中間抽象度, 集約的 (dims: [106, 62, 379, 367, 71])",,,,,,,,,,,,
187,climate modeling,Multimodal Learning,10,2025-06-18T13:59:05.792138,,,,,,,,,,,,,,,,,,,,,,,,,,,,,,,,,,,,,,,,,,,,,,,,,75.0,1.9013603925704956,cybersecurity,unknown,True,"Episode_75: 中間抽象度, 集約的 (dims: [106, 62, 379, 367, 71])",,,,,,
187,climate modeling,Multimodal Learning,10,2025-06-18T13:59:05.792138,,,,,,,,,,,,,,,,,,,,,,,,,,,,,,,,,,,,,,,,,,,,,,,,,,,,,,,85.0,1.9013603925704956,cybersecurity,unknown,True,"Episode_85: 中間抽象度, 集約的 (dims: [106, 62, 379, 367, 71])"
188,drug discovery,Few-shot Learning,10,2025-06-18T13:59:05.837231,5.0,1.9423749446868896,cybersecurity,unknown,True,"Episode_5: 中間抽象度, 集約的 (dims: [106, 62, 379, 367, 71])",,,,,,,,,,,,,,,,,,,,,,,,,,,,,,,,,,,,,,,,,,,,,,,,,,,,,,
188,drug discovery,Few-shot Learning,10,2025-06-18T13:59:05.837231,,,,,,,0.0,1.9221811294555664,medical diagnosis,unknown,True,"Episode_0: 中間抽象度, 集約的 (dims: [13, 282, 58, 91, 281])",,,,,,,,,,,,,,,,,,,,,,,,,,,,,,,,,,,,,,,,,,,,,,,,
188,drug discovery,Few-shot Learning,10,2025-06-18T13:59:05.837231,,,,,,,,,,,,,10.0,1.9221811294555664,medical diagnosis,unknown,True,"Episode_10: 中間抽象度, 集約的 (dims: [13, 282, 58, 91, 281])",,,,,,,,,,,,,,,,,,,,,,,,,,,,,,,,,,,,,,,,,,
188,drug discovery,Few-shot Learning,10,2025-06-18T13:59:05.837231,,,,,,,,,,,,,,,,,,,20.0,1.9221811294555664,medical diagnosis,unknown,True,"Episode_20: 中間抽象度, 集約的 (dims: [13, 282, 58, 91, 281])",,,,,,,,,,,,,,,,,,,,,,,,,,,,,,,,,,,,
188,drug discovery,Few-shot Learning,10,2025-06-18T13:59:05.837231,,,,,,,,,,,,,,,,,,,,,,,,,30.0,1.9221811294555664,medical diagnosis,unknown,True,"Episode_30: 中間抽象度, 集約的 (dims: [13, 282, 58, 91, 281])",,,,,,,,,,,,,,,,,,,,,,,,,,,,,,
188,drug discovery,Few-shot Learning,10,2025-06-18T13:59:05.837231,,,,,,,,,,,,,,,,,,,,,,,,,,,,,,,40.0,1.9221811294555664,medical diagnosis,unknown,True,"Episode_40: 中間抽象度, 集約的 (dims: [13, 282, 58, 91, 281])",,,,,,,,,,,,,,,,,,,,,,,,
188,drug discovery,Few-shot Learning,10,2025-06-18T13:59:05.837231,,,,,,,,,,,,,,,,,,,,,,,,,,,,,,,,,,,,,50.0,1.9221811294555664,medical diagnosis,unknown,True,"Episode_50: 中間抽象度, 集約的 (dims: [13, 282, 58, 91, 281])",,,,,,,,,,,,,,,,,,
188,drug discovery,Few-shot Learning,10,2025-06-18T13:59:05.837231,,,,,,,,,,,,,,,,,,,,,,,,,,,,,,,,,,,,,,,,,,,60.0,1.9221811294555664,medical diagnosis,unknown,True,"Episode_60: 中間抽象度, 集約的 (dims: [13, 282, 58, 91, 281])",,,,,,,,,,,,
188,drug discovery,Few-shot Learning,10,2025-06-18T13:59:05.837231,,,,,,,,,,,,,,,,,,,,,,,,,,,,,,,,,,,,,,,,,,,,,,,,,70.0,1.9221811294555664,medical diagnosis,unknown,True,"Episode_70: 中間抽象度, 集約的 (dims: [13, 282, 58, 91, 281])",,,,,,
188,drug discovery,Few-shot Learning,10,2025-06-18T13:59:05.837231,,,,,,,,,,,,,,,,,,,,,,,,,,,,,,,,,,,,,,,,,,,,,,,,,,,,,,,80.0,1.9221811294555664,medical diagnosis,unknown,True,"Episode_80: 中間抽象度, 集約的 (dims: [13, 282, 58, 91, 281])"
189,financial prediction,Transfer Learning,10,2025-06-18T13:59:05.881168,5.0,1.927770733833313,cybersecurity,unknown,True,"Episode_5: 中間抽象度, 集約的 (dims: [106, 62, 379, 367, 71])",,,,,,,,,,,,,,,,,,,,,,,,,,,,,,,,,,,,,,,,,,,,,,,,,,,,,,
189,financial prediction,Transfer Learning,10,2025-06-18T13:59:05.881168,,,,,,,0.0,1.9256962537765503,medical diagnosis,unknown,True,"Episode_0: 中間抽象度, 集約的 (dims: [13, 282, 58, 91, 281])",,,,,,,,,,,,,,,,,,,,,,,,,,,,,,,,,,,,,,,,,,,,,,,,
189,financial prediction,Transfer Learning,10,2025-06-18T13:59:05.881168,,,,,,,,,,,,,10.0,1.9256962537765503,medical diagnosis,unknown,True,"Episode_10: 中間抽象度, 集約的 (dims: [13, 282, 58, 91, 281])",,,,,,,,,,,,,,,,,,,,,,,,,,,,,,,,,,,,,,,,,,
189,financial prediction,Transfer Learning,10,2025-06-18T13:59:05.881168,,,,,,,,,,,,,,,,,,,20.0,1.9256962537765503,medical diagnosis,unknown,True,"Episode_20: 中間抽象度, 集約的 (dims: [13, 282, 58, 91, 281])",,,,,,,,,,,,,,,,,,,,,,,,,,,,,,,,,,,,
189,financial prediction,Transfer Learning,10,2025-06-18T13:59:05.881168,,,,,,,,,,,,,,,,,,,,,,,,,30.0,1.9256962537765503,medical diagnosis,unknown,True,"Episode_30: 中間抽象度, 集約的 (dims: [13, 282, 58, 91, 281])",,,,,,,,,,,,,,,,,,,,,,,,,,,,,,
189,financial prediction,Transfer Learning,10,2025-06-18T13:59:05.881168,,,,,,,,,,,,,,,,,,,,,,,,,,,,,,,40.0,1.9256962537765503,medical diagnosis,unknown,True,"Episode_40: 中間抽象度, 集約的 (dims: [13, 282, 58, 91, 281])",,,,,,,,,,,,,,,,,,,,,,,,
189,financial prediction,Transfer Learning,10,2025-06-18T13:59:05.881168,,,,,,,,,,,,,,,,,,,,,,,,,,,,,,,,,,,,,50.0,1.9256962537765503,medical diagnosis,unknown,True,"Episode_50: 中間抽象度, 集約的 (dims: [13, 282, 58, 91, 281])",,,,,,,,,,,,,,,,,,
189,financial prediction,Transfer Learning,10,2025-06-18T13:59:05.881168,,,,,,,,,,,,,,,,,,,,,,,,,,,,,,,,,,,,,,,,,,,60.0,1.9256962537765503,medical diagnosis,unknown,True,"Episode_60: 中間抽象度, 集約的 (dims: [13, 282, 58, 91, 281])",,,,,,,,,,,,
189,financial prediction,Transfer Learning,10,2025-06-18T13:59:05.881168,,,,,,,,,,,,,,,,,,,,,,,,,,,,,,,,,,,,,,,,,,,,,,,,,70.0,1.9256962537765503,medical diagnosis,unknown,True,"Episode_70: 中間抽象度, 集約的 (dims: [13, 282, 58, 91, 281])",,,,,,
189,financial prediction,Transfer Learning,10,2025-06-18T13:59:05.881168,,,,,,,,,,,,,,,,,,,,,,,,,,,,,,,,,,,,,,,,,,,,,,,,,,,,,,,80.0,1.9256962537765503,medical diagnosis,unknown,True,"Episode_80: 中間抽象度, 集約的 (dims: [13, 282, 58, 91, 281])"
190,educational technology,Adversarial Machine Learning,10,2025-06-18T13:59:05.925996,5.0,1.932023525238037,cybersecurity,unknown,True,"Episode_5: 中間抽象度, 集約的 (dims: [106, 62, 379, 367, 71])",,,,,,,,,,,,,,,,,,,,,,,,,,,,,,,,,,,,,,,,,,,,,,,,,,,,,,
190,educational technology,Adversarial Machine Learning,10,2025-06-18T13:59:05.925996,,,,,,,0.0,1.928670048713684,medical diagnosis,unknown,True,"Episode_0: 中間抽象度, 集約的 (dims: [13, 282, 58, 91, 281])",,,,,,,,,,,,,,,,,,,,,,,,,,,,,,,,,,,,,,,,,,,,,,,,
190,educational technology,Adversarial Machine Learning,10,2025-06-18T13:59:05.925996,,,,,,,,,,,,,10.0,1.928670048713684,medical diagnosis,unknown,True,"Episode_10: 中間抽象度, 集約的 (dims: [13, 282, 58, 91, 281])",,,,,,,,,,,,,,,,,,,,,,,,,,,,,,,,,,,,,,,,,,
190,educational technology,Adversarial Machine Learning,10,2025-06-18T13:59:05.925996,,,,,,,,,,,,,,,,,,,20.0,1.928670048713684,medical diagnosis,unknown,True,"Episode_20: 中間抽象度, 集約的 (dims: [13, 282, 58, 91, 281])",,,,,,,,,,,,,,,,,,,,,,,,,,,,,,,,,,,,
190,educational technology,Adversarial Machine Learning,10,2025-06-18T13:59:05.925996,,,,,,,,,,,,,,,,,,,,,,,,,30.0,1.928670048713684,medical diagnosis,unknown,True,"Episode_30: 中間抽象度, 集約的 (dims: [13, 282, 58, 91, 281])",,,,,,,,,,,,,,,,,,,,,,,,,,,,,,
190,educational technology,Adversarial Machine Learning,10,2025-06-18T13:59:05.925996,,,,,,,,,,,,,,,,,,,,,,,,,,,,,,,40.0,1.928670048713684,medical diagnosis,unknown,True,"Episode_40: 中間抽象度, 集約的 (dims: [13, 282, 58, 91, 281])",,,,,,,,,,,,,,,,,,,,,,,,
190,educational technology,Adversarial Machine Learning,10,2025-06-18T13:59:05.925996,,,,,,,,,,,,,,,,,,,,,,,,,,,,,,,,,,,,,50.0,1.928670048713684,medical diagnosis,unknown,True,"Episode_50: 中間抽象度, 集約的 (dims: [13, 282, 58, 91, 281])",,,,,,,,,,,,,,,,,,
190,educational technology,Adversarial Machine Learning,10,2025-06-18T13:59:05.925996,,,,,,,,,,,,,,,,,,,,,,,,,,,,,,,,,,,,,,,,,,,60.0,1.928670048713684,medical diagnosis,unknown,True,"Episode_60: 中間抽象度, 集約的 (dims: [13, 282, 58, 91, 281])",,,,,,,,,,,,
190,educational technology,Adversarial Machine Learning,10,2025-06-18T13:59:05.925996,,,,,,,,,,,,,,,,,,,,,,,,,,,,,,,,,,,,,,,,,,,,,,,,,70.0,1.928670048713684,medical diagnosis,unknown,True,"Episode_70: 中間抽象度, 集約的 (dims: [13, 282, 58, 91, 281])",,,,,,
190,educational technology,Adversarial Machine Learning,10,2025-06-18T13:59:05.925996,,,,,,,,,,,,,,,,,,,,,,,,,,,,,,,,,,,,,,,,,,,,,,,,,,,,,,,80.0,1.928670048713684,medical diagnosis,unknown,True,"Episode_80: 中間抽象度, 集約的 (dims: [13, 282, 58, 91, 281])"
191,medical diagnosis,Large Language Models,1,2025-06-18T13:59:05.971317,5.0,1.893110990524292,cybersecurity,unknown,True,"Episode_5: 中間抽象度, 集約的 (dims: [106, 62, 379, 367, 71])",,,,,,,,,,,,,,,,,,,,,,,,,,,,,,,,,,,,,,,,,,,,,,,,,,,,,,
191,medical diagnosis,Large Language Models,1,2025-06-18T13:59:05.971317,,,,,,,0.0,1.8874430656433105,medical diagnosis,unknown,False,"Episode_0: 中間抽象度, 集約的 (dims: [13, 282, 58, 91, 281])",,,,,,,,,,,,,,,,,,,,,,,,,,,,,,,,,,,,,,,,,,,,,,,,
191,medical diagnosis,Large Language Models,1,2025-06-18T13:59:05.971317,,,,,,,,,,,,,10.0,1.8874430656433105,medical diagnosis,unknown,False,"Episode_10: 中間抽象度, 集約的 (dims: [13, 282, 58, 91, 281])",,,,,,,,,,,,,,,,,,,,,,,,,,,,,,,,,,,,,,,,,,
191,medical diagnosis,Large Language Models,1,2025-06-18T13:59:05.971317,,,,,,,,,,,,,,,,,,,20.0,1.8874430656433105,medical diagnosis,unknown,False,"Episode_20: 中間抽象度, 集約的 (dims: [13, 282, 58, 91, 281])",,,,,,,,,,,,,,,,,,,,,,,,,,,,,,,,,,,,
191,medical diagnosis,Large Language Models,1,2025-06-18T13:59:05.971317,,,,,,,,,,,,,,,,,,,,,,,,,30.0,1.8874430656433105,medical diagnosis,unknown,False,"Episode_30: 中間抽象度, 集約的 (dims: [13, 282, 58, 91, 281])",,,,,,,,,,,,,,,,,,,,,,,,,,,,,,
191,medical diagnosis,Large Language Models,1,2025-06-18T13:59:05.971317,,,,,,,,,,,,,,,,,,,,,,,,,,,,,,,40.0,1.8874430656433105,medical diagnosis,unknown,False,"Episode_40: 中間抽象度, 集約的 (dims: [13, 282, 58, 91, 281])",,,,,,,,,,,,,,,,,,,,,,,,
191,medical diagnosis,Large Language Models,1,2025-06-18T13:59:05.971317,,,,,,,,,,,,,,,,,,,,,,,,,,,,,,,,,,,,,50.0,1.8874430656433105,medical diagnosis,unknown,False,"Episode_50: 中間抽象度, 集約的 (dims: [13, 282, 58, 91, 281])",,,,,,,,,,,,,,,,,,
191,medical diagnosis,Large Language Models,1,2025-06-18T13:59:05.971317,,,,,,,,,,,,,,,,,,,,,,,,,,,,,,,,,,,,,,,,,,,60.0,1.8874430656433105,medical diagnosis,unknown,False,"Episode_60: 中間抽象度, 集約的 (dims: [13, 282, 58, 91, 281])",,,,,,,,,,,,
191,medical diagnosis,Large Language Models,1,2025-06-18T13:59:05.971317,,,,,,,,,,,,,,,,,,,,,,,,,,,,,,,,,,,,,,,,,,,,,,,,,70.0,1.8874430656433105,medical diagnosis,unknown,False,"Episode_70: 中間抽象度, 集約的 (dims: [13, 282, 58, 91, 281])",,,,,,
191,medical diagnosis,Large Language Models,1,2025-06-18T13:59:05.971317,,,,,,,,,,,,,,,,,,,,,,,,,,,,,,,,,,,,,,,,,,,,,,,,,,,,,,,80.0,1.8874430656433105,medical diagnosis,unknown,False,"Episode_80: 中間抽象度, 集約的 (dims: [13, 282, 58, 91, 281])"
192,autonomous systems,Computer Vision,10,2025-06-18T13:59:06.014433,0.0,1.8768787384033203,medical diagnosis,unknown,True,"Episode_0: 中間抽象度, 集約的 (dims: [13, 282, 58, 91, 281])",,,,,,,,,,,,,,,,,,,,,,,,,,,,,,,,,,,,,,,,,,,,,,,,,,,,,,
192,autonomous systems,Computer Vision,10,2025-06-18T13:59:06.014433,,,,,,,10.0,1.8768787384033203,medical diagnosis,unknown,True,"Episode_10: 中間抽象度, 集約的 (dims: [13, 282, 58, 91, 281])",,,,,,,,,,,,,,,,,,,,,,,,,,,,,,,,,,,,,,,,,,,,,,,,
192,autonomous systems,Computer Vision,10,2025-06-18T13:59:06.014433,,,,,,,,,,,,,20.0,1.8768787384033203,medical diagnosis,unknown,True,"Episode_20: 中間抽象度, 集約的 (dims: [13, 282, 58, 91, 281])",,,,,,,,,,,,,,,,,,,,,,,,,,,,,,,,,,,,,,,,,,
192,autonomous systems,Computer Vision,10,2025-06-18T13:59:06.014433,,,,,,,,,,,,,,,,,,,30.0,1.8768787384033203,medical diagnosis,unknown,True,"Episode_30: 中間抽象度, 集約的 (dims: [13, 282, 58, 91, 281])",,,,,,,,,,,,,,,,,,,,,,,,,,,,,,,,,,,,
192,autonomous systems,Computer Vision,10,2025-06-18T13:59:06.014433,,,,,,,,,,,,,,,,,,,,,,,,,40.0,1.8768787384033203,medical diagnosis,unknown,True,"Episode_40: 中間抽象度, 集約的 (dims: [13, 282, 58, 91, 281])",,,,,,,,,,,,,,,,,,,,,,,,,,,,,,
192,autonomous systems,Computer Vision,10,2025-06-18T13:59:06.014433,,,,,,,,,,,,,,,,,,,,,,,,,,,,,,,50.0,1.8768787384033203,medical diagnosis,unknown,True,"Episode_50: 中間抽象度, 集約的 (dims: [13, 282, 58, 91, 281])",,,,,,,,,,,,,,,,,,,,,,,,
192,autonomous systems,Computer Vision,10,2025-06-18T13:59:06.014433,,,,,,,,,,,,,,,,,,,,,,,,,,,,,,,,,,,,,60.0,1.8768787384033203,medical diagnosis,unknown,True,"Episode_60: 中間抽象度, 集約的 (dims: [13, 282, 58, 91, 281])",,,,,,,,,,,,,,,,,,
192,autonomous systems,Computer Vision,10,2025-06-18T13:59:06.014433,,,,,,,,,,,,,,,,,,,,,,,,,,,,,,,,,,,,,,,,,,,70.0,1.8768787384033203,medical diagnosis,unknown,True,"Episode_70: 中間抽象度, 集約的 (dims: [13, 282, 58, 91, 281])",,,,,,,,,,,,
192,autonomous systems,Computer Vision,10,2025-06-18T13:59:06.014433,,,,,,,,,,,,,,,,,,,,,,,,,,,,,,,,,,,,,,,,,,,,,,,,,80.0,1.8768787384033203,medical diagnosis,unknown,True,"Episode_80: 中間抽象度, 集約的 (dims: [13, 282, 58, 91, 281])",,,,,,
192,autonomous systems,Computer Vision,10,2025-06-18T13:59:06.014433,,,,,,,,,,,,,,,,,,,,,,,,,,,,,,,,,,,,,,,,,,,,,,,,,,,,,,,90.0,1.8768787384033203,medical diagnosis,unknown,True,"Episode_90: 中間抽象度, 集約的 (dims: [13, 282, 58, 91, 281])"
193,natural language processing,Reinforcement Learning,10,2025-06-18T13:59:06.059038,0.0,1.9134697914123535,medical diagnosis,unknown,True,"Episode_0: 中間抽象度, 集約的 (dims: [13, 282, 58, 91, 281])",,,,,,,,,,,,,,,,,,,,,,,,,,,,,,,,,,,,,,,,,,,,,,,,,,,,,,
193,natural language processing,Reinforcement Learning,10,2025-06-18T13:59:06.059038,,,,,,,5.0,1.8832250833511353,cybersecurity,unknown,True,"Episode_5: 中間抽象度, 集約的 (dims: [106, 62, 379, 367, 71])",,,,,,,,,,,,,,,,,,,,,,,,,,,,,,,,,,,,,,,,,,,,,,,,
193,natural language processing,Reinforcement Learning,10,2025-06-18T13:59:06.059038,,,,,,,,,,,,,15.0,1.8832250833511353,cybersecurity,unknown,True,"Episode_15: 中間抽象度, 集約的 (dims: [106, 62, 379, 367, 71])",,,,,,,,,,,,,,,,,,,,,,,,,,,,,,,,,,,,,,,,,,
193,natural language processing,Reinforcement Learning,10,2025-06-18T13:59:06.059038,,,,,,,,,,,,,,,,,,,25.0,1.8832250833511353,cybersecurity,unknown,True,"Episode_25: 中間抽象度, 集約的 (dims: [106, 62, 379, 367, 71])",,,,,,,,,,,,,,,,,,,,,,,,,,,,,,,,,,,,
193,natural language processing,Reinforcement Learning,10,2025-06-18T13:59:06.059038,,,,,,,,,,,,,,,,,,,,,,,,,35.0,1.8832250833511353,cybersecurity,unknown,True,"Episode_35: 中間抽象度, 集約的 (dims: [106, 62, 379, 367, 71])",,,,,,,,,,,,,,,,,,,,,,,,,,,,,,
193,natural language processing,Reinforcement Learning,10,2025-06-18T13:59:06.059038,,,,,,,,,,,,,,,,,,,,,,,,,,,,,,,45.0,1.8832250833511353,cybersecurity,unknown,True,"Episode_45: 中間抽象度, 集約的 (dims: [106, 62, 379, 367, 71])",,,,,,,,,,,,,,,,,,,,,,,,
193,natural language processing,Reinforcement Learning,10,2025-06-18T13:59:06.059038,,,,,,,,,,,,,,,,,,,,,,,,,,,,,,,,,,,,,55.0,1.8832250833511353,cybersecurity,unknown,True,"Episode_55: 中間抽象度, 集約的 (dims: [106, 62, 379, 367, 71])",,,,,,,,,,,,,,,,,,
193,natural language processing,Reinforcement Learning,10,2025-06-18T13:59:06.059038,,,,,,,,,,,,,,,,,,,,,,,,,,,,,,,,,,,,,,,,,,,65.0,1.8832250833511353,cybersecurity,unknown,True,"Episode_65: 中間抽象度, 集約的 (dims: [106, 62, 379, 367, 71])",,,,,,,,,,,,
193,natural language processing,Reinforcement Learning,10,2025-06-18T13:59:06.059038,,,,,,,,,,,,,,,,,,,,,,,,,,,,,,,,,,,,,,,,,,,,,,,,,75.0,1.8832250833511353,cybersecurity,unknown,True,"Episode_75: 中間抽象度, 集約的 (dims: [106, 62, 379, 367, 71])",,,,,,
193,natural language processing,Reinforcement Learning,10,2025-06-18T13:59:06.059038,,,,,,,,,,,,,,,,,,,,,,,,,,,,,,,,,,,,,,,,,,,,,,,,,,,,,,,85.0,1.8832250833511353,cybersecurity,unknown,True,"Episode_85: 中間抽象度, 集約的 (dims: [106, 62, 379, 367, 71])"
194,computer vision,Graph Neural Networks,10,2025-06-18T13:59:06.102655,0.0,1.894721269607544,medical diagnosis,unknown,True,"Episode_0: 中間抽象度, 集約的 (dims: [13, 282, 58, 91, 281])",,,,,,,,,,,,,,,,,,,,,,,,,,,,,,,,,,,,,,,,,,,,,,,,,,,,,,
194,computer vision,Graph Neural Networks,10,2025-06-18T13:59:06.102655,,,,,,,10.0,1.894721269607544,medical diagnosis,unknown,True,"Episode_10: 中間抽象度, 集約的 (dims: [13, 282, 58, 91, 281])",,,,,,,,,,,,,,,,,,,,,,,,,,,,,,,,,,,,,,,,,,,,,,,,
194,computer vision,Graph Neural Networks,10,2025-06-18T13:59:06.102655,,,,,,,,,,,,,20.0,1.894721269607544,medical diagnosis,unknown,True,"Episode_20: 中間抽象度, 集約的 (dims: [13, 282, 58, 91, 281])",,,,,,,,,,,,,,,,,,,,,,,,,,,,,,,,,,,,,,,,,,
194,computer vision,Graph Neural Networks,10,2025-06-18T13:59:06.102655,,,,,,,,,,,,,,,,,,,30.0,1.894721269607544,medical diagnosis,unknown,True,"Episode_30: 中間抽象度, 集約的 (dims: [13, 282, 58, 91, 281])",,,,,,,,,,,,,,,,,,,,,,,,,,,,,,,,,,,,
194,computer vision,Graph Neural Networks,10,2025-06-18T13:59:06.102655,,,,,,,,,,,,,,,,,,,,,,,,,40.0,1.894721269607544,medical diagnosis,unknown,True,"Episode_40: 中間抽象度, 集約的 (dims: [13, 282, 58, 91, 281])",,,,,,,,,,,,,,,,,,,,,,,,,,,,,,
194,computer vision,Graph Neural Networks,10,2025-06-18T13:59:06.102655,,,,,,,,,,,,,,,,,,,,,,,,,,,,,,,50.0,1.894721269607544,medical diagnosis,unknown,True,"Episode_50: 中間抽象度, 集約的 (dims: [13, 282, 58, 91, 281])",,,,,,,,,,,,,,,,,,,,,,,,
194,computer vision,Graph Neural Networks,10,2025-06-18T13:59:06.102655,,,,,,,,,,,,,,,,,,,,,,,,,,,,,,,,,,,,,60.0,1.894721269607544,medical diagnosis,unknown,True,"Episode_60: 中間抽象度, 集約的 (dims: [13, 282, 58, 91, 281])",,,,,,,,,,,,,,,,,,
194,computer vision,Graph Neural Networks,10,2025-06-18T13:59:06.102655,,,,,,,,,,,,,,,,,,,,,,,,,,,,,,,,,,,,,,,,,,,70.0,1.894721269607544,medical diagnosis,unknown,True,"Episode_70: 中間抽象度, 集約的 (dims: [13, 282, 58, 91, 281])",,,,,,,,,,,,
194,computer vision,Graph Neural Networks,10,2025-06-18T13:59:06.102655,,,,,,,,,,,,,,,,,,,,,,,,,,,,,,,,,,,,,,,,,,,,,,,,,80.0,1.894721269607544,medical diagnosis,unknown,True,"Episode_80: 中間抽象度, 集約的 (dims: [13, 282, 58, 91, 281])",,,,,,
194,computer vision,Graph Neural Networks,10,2025-06-18T13:59:06.102655,,,,,,,,,,,,,,,,,,,,,,,,,,,,,,,,,,,,,,,,,,,,,,,,,,,,,,,90.0,1.894721269607544,medical diagnosis,unknown,True,"Episode_90: 中間抽象度, 集約的 (dims: [13, 282, 58, 91, 281])"
195,robotics,Federated Learning,10,2025-06-18T13:59:06.146201,0.0,1.8845016956329346,medical diagnosis,unknown,True,"Episode_0: 中間抽象度, 集約的 (dims: [13, 282, 58, 91, 281])",,,,,,,,,,,,,,,,,,,,,,,,,,,,,,,,,,,,,,,,,,,,,,,,,,,,,,
195,robotics,Federated Learning,10,2025-06-18T13:59:06.146201,,,,,,,5.0,1.8728573322296143,cybersecurity,unknown,True,"Episode_5: 中間抽象度, 集約的 (dims: [106, 62, 379, 367, 71])",,,,,,,,,,,,,,,,,,,,,,,,,,,,,,,,,,,,,,,,,,,,,,,,
195,robotics,Federated Learning,10,2025-06-18T13:59:06.146201,,,,,,,,,,,,,15.0,1.8728573322296143,cybersecurity,unknown,True,"Episode_15: 中間抽象度, 集約的 (dims: [106, 62, 379, 367, 71])",,,,,,,,,,,,,,,,,,,,,,,,,,,,,,,,,,,,,,,,,,
195,robotics,Federated Learning,10,2025-06-18T13:59:06.146201,,,,,,,,,,,,,,,,,,,25.0,1.8728573322296143,cybersecurity,unknown,True,"Episode_25: 中間抽象度, 集約的 (dims: [106, 62, 379, 367, 71])",,,,,,,,,,,,,,,,,,,,,,,,,,,,,,,,,,,,
195,robotics,Federated Learning,10,2025-06-18T13:59:06.146201,,,,,,,,,,,,,,,,,,,,,,,,,35.0,1.8728573322296143,cybersecurity,unknown,True,"Episode_35: 中間抽象度, 集約的 (dims: [106, 62, 379, 367, 71])",,,,,,,,,,,,,,,,,,,,,,,,,,,,,,
195,robotics,Federated Learning,10,2025-06-18T13:59:06.146201,,,,,,,,,,,,,,,,,,,,,,,,,,,,,,,45.0,1.8728573322296143,cybersecurity,unknown,True,"Episode_45: 中間抽象度, 集約的 (dims: [106, 62, 379, 367, 71])",,,,,,,,,,,,,,,,,,,,,,,,
195,robotics,Federated Learning,10,2025-06-18T13:59:06.146201,,,,,,,,,,,,,,,,,,,,,,,,,,,,,,,,,,,,,55.0,1.8728573322296143,cybersecurity,unknown,True,"Episode_55: 中間抽象度, 集約的 (dims: [106, 62, 379, 367, 71])",,,,,,,,,,,,,,,,,,
195,robotics,Federated Learning,10,2025-06-18T13:59:06.146201,,,,,,,,,,,,,,,,,,,,,,,,,,,,,,,,,,,,,,,,,,,65.0,1.8728573322296143,cybersecurity,unknown,True,"Episode_65: 中間抽象度, 集約的 (dims: [106, 62, 379, 367, 71])",,,,,,,,,,,,
195,robotics,Federated Learning,10,2025-06-18T13:59:06.146201,,,,,,,,,,,,,,,,,,,,,,,,,,,,,,,,,,,,,,,,,,,,,,,,,75.0,1.8728573322296143,cybersecurity,unknown,True,"Episode_75: 中間抽象度, 集約的 (dims: [106, 62, 379, 367, 71])",,,,,,
195,robotics,Federated Learning,10,2025-06-18T13:59:06.146201,,,,,,,,,,,,,,,,,,,,,,,,,,,,,,,,,,,,,,,,,,,,,,,,,,,,,,,85.0,1.8728573322296143,cybersecurity,unknown,True,"Episode_85: 中間抽象度, 集約的 (dims: [106, 62, 379, 367, 71])"
196,cybersecurity,Explainable AI,10,2025-06-18T13:59:06.191478,0.0,1.911033272743225,medical diagnosis,unknown,True,"Episode_0: 中間抽象度, 集約的 (dims: [13, 282, 58, 91, 281])",,,,,,,,,,,,,,,,,,,,,,,,,,,,,,,,,,,,,,,,,,,,,,,,,,,,,,
196,cybersecurity,Explainable AI,10,2025-06-18T13:59:06.191478,,,,,,,10.0,1.911033272743225,medical diagnosis,unknown,True,"Episode_10: 中間抽象度, 集約的 (dims: [13, 282, 58, 91, 281])",,,,,,,,,,,,,,,,,,,,,,,,,,,,,,,,,,,,,,,,,,,,,,,,
196,cybersecurity,Explainable AI,10,2025-06-18T13:59:06.191478,,,,,,,,,,,,,20.0,1.911033272743225,medical diagnosis,unknown,True,"Episode_20: 中間抽象度, 集約的 (dims: [13, 282, 58, 91, 281])",,,,,,,,,,,,,,,,,,,,,,,,,,,,,,,,,,,,,,,,,,
196,cybersecurity,Explainable AI,10,2025-06-18T13:59:06.191478,,,,,,,,,,,,,,,,,,,30.0,1.911033272743225,medical diagnosis,unknown,True,"Episode_30: 中間抽象度, 集約的 (dims: [13, 282, 58, 91, 281])",,,,,,,,,,,,,,,,,,,,,,,,,,,,,,,,,,,,
196,cybersecurity,Explainable AI,10,2025-06-18T13:59:06.191478,,,,,,,,,,,,,,,,,,,,,,,,,40.0,1.911033272743225,medical diagnosis,unknown,True,"Episode_40: 中間抽象度, 集約的 (dims: [13, 282, 58, 91, 281])",,,,,,,,,,,,,,,,,,,,,,,,,,,,,,
196,cybersecurity,Explainable AI,10,2025-06-18T13:59:06.191478,,,,,,,,,,,,,,,,,,,,,,,,,,,,,,,50.0,1.911033272743225,medical diagnosis,unknown,True,"Episode_50: 中間抽象度, 集約的 (dims: [13, 282, 58, 91, 281])",,,,,,,,,,,,,,,,,,,,,,,,
196,cybersecurity,Explainable AI,10,2025-06-18T13:59:06.191478,,,,,,,,,,,,,,,,,,,,,,,,,,,,,,,,,,,,,60.0,1.911033272743225,medical diagnosis,unknown,True,"Episode_60: 中間抽象度, 集約的 (dims: [13, 282, 58, 91, 281])",,,,,,,,,,,,,,,,,,
196,cybersecurity,Explainable AI,10,2025-06-18T13:59:06.191478,,,,,,,,,,,,,,,,,,,,,,,,,,,,,,,,,,,,,,,,,,,70.0,1.911033272743225,medical diagnosis,unknown,True,"Episode_70: 中間抽象度, 集約的 (dims: [13, 282, 58, 91, 281])",,,,,,,,,,,,
196,cybersecurity,Explainable AI,10,2025-06-18T13:59:06.191478,,,,,,,,,,,,,,,,,,,,,,,,,,,,,,,,,,,,,,,,,,,,,,,,,80.0,1.911033272743225,medical diagnosis,unknown,True,"Episode_80: 中間抽象度, 集約的 (dims: [13, 282, 58, 91, 281])",,,,,,
196,cybersecurity,Explainable AI,10,2025-06-18T13:59:06.191478,,,,,,,,,,,,,,,,,,,,,,,,,,,,,,,,,,,,,,,,,,,,,,,,,,,,,,,90.0,1.911033272743225,medical diagnosis,unknown,True,"Episode_90: 中間抽象度, 集約的 (dims: [13, 282, 58, 91, 281])"
197,climate modeling,Multimodal Learning,10,2025-06-18T13:59:06.236949,5.0,1.9013603925704956,cybersecurity,unknown,True,"Episode_5: 中間抽象度, 集約的 (dims: [106, 62, 379, 367, 71])",,,,,,,,,,,,,,,,,,,,,,,,,,,,,,,,,,,,,,,,,,,,,,,,,,,,,,
197,climate modeling,Multimodal Learning,10,2025-06-18T13:59:06.236949,,,,,,,15.0,1.9013603925704956,cybersecurity,unknown,True,"Episode_15: 中間抽象度, 集約的 (dims: [106, 62, 379, 367, 71])",,,,,,,,,,,,,,,,,,,,,,,,,,,,,,,,,,,,,,,,,,,,,,,,
197,climate modeling,Multimodal Learning,10,2025-06-18T13:59:06.236949,,,,,,,,,,,,,25.0,1.9013603925704956,cybersecurity,unknown,True,"Episode_25: 中間抽象度, 集約的 (dims: [106, 62, 379, 367, 71])",,,,,,,,,,,,,,,,,,,,,,,,,,,,,,,,,,,,,,,,,,
197,climate modeling,Multimodal Learning,10,2025-06-18T13:59:06.236949,,,,,,,,,,,,,,,,,,,35.0,1.9013603925704956,cybersecurity,unknown,True,"Episode_35: 中間抽象度, 集約的 (dims: [106, 62, 379, 367, 71])",,,,,,,,,,,,,,,,,,,,,,,,,,,,,,,,,,,,
197,climate modeling,Multimodal Learning,10,2025-06-18T13:59:06.236949,,,,,,,,,,,,,,,,,,,,,,,,,45.0,1.9013603925704956,cybersecurity,unknown,True,"Episode_45: 中間抽象度, 集約的 (dims: [106, 62, 379, 367, 71])",,,,,,,,,,,,,,,,,,,,,,,,,,,,,,
197,climate modeling,Multimodal Learning,10,2025-06-18T13:59:06.236949,,,,,,,,,,,,,,,,,,,,,,,,,,,,,,,55.0,1.9013603925704956,cybersecurity,unknown,True,"Episode_55: 中間抽象度, 集約的 (dims: [106, 62, 379, 367, 71])",,,,,,,,,,,,,,,,,,,,,,,,
197,climate modeling,Multimodal Learning,10,2025-06-18T13:59:06.236949,,,,,,,,,,,,,,,,,,,,,,,,,,,,,,,,,,,,,65.0,1.9013603925704956,cybersecurity,unknown,True,"Episode_65: 中間抽象度, 集約的 (dims: [106, 62, 379, 367, 71])",,,,,,,,,,,,,,,,,,
197,climate modeling,Multimodal Learning,10,2025-06-18T13:59:06.236949,,,,,,,,,,,,,,,,,,,,,,,,,,,,,,,,,,,,,,,,,,,75.0,1.9013603925704956,cybersecurity,unknown,True,"Episode_75: 中間抽象度, 集約的 (dims: [106, 62, 379, 367, 71])",,,,,,,,,,,,
197,climate modeling,Multimodal Learning,10,2025-06-18T13:59:06.236949,,,,,,,,,,,,,,,,,,,,,,,,,,,,,,,,,,,,,,,,,,,,,,,,,85.0,1.9013603925704956,cybersecurity,unknown,True,"Episode_85: 中間抽象度, 集約的 (dims: [106, 62, 379, 367, 71])",,,,,,
197,climate modeling,Multimodal Learning,10,2025-06-18T13:59:06.236949,,,,,,,,,,,,,,,,,,,,,,,,,,,,,,,,,,,,,,,,,,,,,,,,,,,,,,,95.0,1.9013603925704956,cybersecurity,unknown,True,"Episode_95: 中間抽象度, 集約的 (dims: [106, 62, 379, 367, 71])"
198,drug discovery,Few-shot Learning,10,2025-06-18T13:59:06.282811,0.0,1.9221811294555664,medical diagnosis,unknown,True,"Episode_0: 中間抽象度, 集約的 (dims: [13, 282, 58, 91, 281])",,,,,,,,,,,,,,,,,,,,,,,,,,,,,,,,,,,,,,,,,,,,,,,,,,,,,,
198,drug discovery,Few-shot Learning,10,2025-06-18T13:59:06.282811,,,,,,,10.0,1.9221811294555664,medical diagnosis,unknown,True,"Episode_10: 中間抽象度, 集約的 (dims: [13, 282, 58, 91, 281])",,,,,,,,,,,,,,,,,,,,,,,,,,,,,,,,,,,,,,,,,,,,,,,,
198,drug discovery,Few-shot Learning,10,2025-06-18T13:59:06.282811,,,,,,,,,,,,,20.0,1.9221811294555664,medical diagnosis,unknown,True,"Episode_20: 中間抽象度, 集約的 (dims: [13, 282, 58, 91, 281])",,,,,,,,,,,,,,,,,,,,,,,,,,,,,,,,,,,,,,,,,,
198,drug discovery,Few-shot Learning,10,2025-06-18T13:59:06.282811,,,,,,,,,,,,,,,,,,,30.0,1.9221811294555664,medical diagnosis,unknown,True,"Episode_30: 中間抽象度, 集約的 (dims: [13, 282, 58, 91, 281])",,,,,,,,,,,,,,,,,,,,,,,,,,,,,,,,,,,,
198,drug discovery,Few-shot Learning,10,2025-06-18T13:59:06.282811,,,,,,,,,,,,,,,,,,,,,,,,,40.0,1.9221811294555664,medical diagnosis,unknown,True,"Episode_40: 中間抽象度, 集約的 (dims: [13, 282, 58, 91, 281])",,,,,,,,,,,,,,,,,,,,,,,,,,,,,,
198,drug discovery,Few-shot Learning,10,2025-06-18T13:59:06.282811,,,,,,,,,,,,,,,,,,,,,,,,,,,,,,,50.0,1.9221811294555664,medical diagnosis,unknown,True,"Episode_50: 中間抽象度, 集約的 (dims: [13, 282, 58, 91, 281])",,,,,,,,,,,,,,,,,,,,,,,,
198,drug discovery,Few-shot Learning,10,2025-06-18T13:59:06.282811,,,,,,,,,,,,,,,,,,,,,,,,,,,,,,,,,,,,,60.0,1.9221811294555664,medical diagnosis,unknown,True,"Episode_60: 中間抽象度, 集約的 (dims: [13, 282, 58, 91, 281])",,,,,,,,,,,,,,,,,,
198,drug discovery,Few-shot Learning,10,2025-06-18T13:59:06.282811,,,,,,,,,,,,,,,,,,,,,,,,,,,,,,,,,,,,,,,,,,,70.0,1.9221811294555664,medical diagnosis,unknown,True,"Episode_70: 中間抽象度, 集約的 (dims: [13, 282, 58, 91, 281])",,,,,,,,,,,,
198,drug discovery,Few-shot Learning,10,2025-06-18T13:59:06.282811,,,,,,,,,,,,,,,,,,,,,,,,,,,,,,,,,,,,,,,,,,,,,,,,,80.0,1.9221811294555664,medical diagnosis,unknown,True,"Episode_80: 中間抽象度, 集約的 (dims: [13, 282, 58, 91, 281])",,,,,,
198,drug discovery,Few-shot Learning,10,2025-06-18T13:59:06.282811,,,,,,,,,,,,,,,,,,,,,,,,,,,,,,,,,,,,,,,,,,,,,,,,,,,,,,,90.0,1.9221811294555664,medical diagnosis,unknown,True,"Episode_90: 中間抽象度, 集約的 (dims: [13, 282, 58, 91, 281])"
199,financial prediction,Transfer Learning,10,2025-06-18T13:59:06.326680,0.0,1.9256962537765503,medical diagnosis,unknown,True,"Episode_0: 中間抽象度, 集約的 (dims: [13, 282, 58, 91, 281])",,,,,,,,,,,,,,,,,,,,,,,,,,,,,,,,,,,,,,,,,,,,,,,,,,,,,,
199,financial prediction,Transfer Learning,10,2025-06-18T13:59:06.326680,,,,,,,10.0,1.9256962537765503,medical diagnosis,unknown,True,"Episode_10: 中間抽象度, 集約的 (dims: [13, 282, 58, 91, 281])",,,,,,,,,,,,,,,,,,,,,,,,,,,,,,,,,,,,,,,,,,,,,,,,
199,financial prediction,Transfer Learning,10,2025-06-18T13:59:06.326680,,,,,,,,,,,,,20.0,1.9256962537765503,medical diagnosis,unknown,True,"Episode_20: 中間抽象度, 集約的 (dims: [13, 282, 58, 91, 281])",,,,,,,,,,,,,,,,,,,,,,,,,,,,,,,,,,,,,,,,,,
199,financial prediction,Transfer Learning,10,2025-06-18T13:59:06.326680,,,,,,,,,,,,,,,,,,,30.0,1.9256962537765503,medical diagnosis,unknown,True,"Episode_30: 中間抽象度, 集約的 (dims: [13, 282, 58, 91, 281])",,,,,,,,,,,,,,,,,,,,,,,,,,,,,,,,,,,,
199,financial prediction,Transfer Learning,10,2025-06-18T13:59:06.326680,,,,,,,,,,,,,,,,,,,,,,,,,40.0,1.9256962537765503,medical diagnosis,unknown,True,"Episode_40: 中間抽象度, 集約的 (dims: [13, 282, 58, 91, 281])",,,,,,,,,,,,,,,,,,,,,,,,,,,,,,
199,financial prediction,Transfer Learning,10,2025-06-18T13:59:06.326680,,,,,,,,,,,,,,,,,,,,,,,,,,,,,,,50.0,1.9256962537765503,medical diagnosis,unknown,True,"Episode_50: 中間抽象度, 集約的 (dims: [13, 282, 58, 91, 281])",,,,,,,,,,,,,,,,,,,,,,,,
199,financial prediction,Transfer Learning,10,2025-06-18T13:59:06.326680,,,,,,,,,,,,,,,,,,,,,,,,,,,,,,,,,,,,,60.0,1.9256962537765503,medical diagnosis,unknown,True,"Episode_60: 中間抽象度, 集約的 (dims: [13, 282, 58, 91, 281])",,,,,,,,,,,,,,,,,,
199,financial prediction,Transfer Learning,10,2025-06-18T13:59:06.326680,,,,,,,,,,,,,,,,,,,,,,,,,,,,,,,,,,,,,,,,,,,70.0,1.9256962537765503,medical diagnosis,unknown,True,"Episode_70: 中間抽象度, 集約的 (dims: [13, 282, 58, 91, 281])",,,,,,,,,,,,
199,financial prediction,Transfer Learning,10,2025-06-18T13:59:06.326680,,,,,,,,,,,,,,,,,,,,,,,,,,,,,,,,,,,,,,,,,,,,,,,,,80.0,1.9256962537765503,medical diagnosis,unknown,True,"Episode_80: 中間抽象度, 集約的 (dims: [13, 282, 58, 91, 281])",,,,,,
199,financial prediction,Transfer Learning,10,2025-06-18T13:59:06.326680,,,,,,,,,,,,,,,,,,,,,,,,,,,,,,,,,,,,,,,,,,,,,,,,,,,,,,,90.0,1.9256962537765503,medical diagnosis,unknown,True,"Episode_90: 中間抽象度, 集約的 (dims: [13, 282, 58, 91, 281])"
200,educational technology,Adversarial Machine Learning,10,2025-06-18T13:59:06.371665,0.0,1.928670048713684,medical diagnosis,unknown,True,"Episode_0: 中間抽象度, 集約的 (dims: [13, 282, 58, 91, 281])",,,,,,,,,,,,,,,,,,,,,,,,,,,,,,,,,,,,,,,,,,,,,,,,,,,,,,
200,educational technology,Adversarial Machine Learning,10,2025-06-18T13:59:06.371665,,,,,,,10.0,1.928670048713684,medical diagnosis,unknown,True,"Episode_10: 中間抽象度, 集約的 (dims: [13, 282, 58, 91, 281])",,,,,,,,,,,,,,,,,,,,,,,,,,,,,,,,,,,,,,,,,,,,,,,,
200,educational technology,Adversarial Machine Learning,10,2025-06-18T13:59:06.371665,,,,,,,,,,,,,20.0,1.928670048713684,medical diagnosis,unknown,True,"Episode_20: 中間抽象度, 集約的 (dims: [13, 282, 58, 91, 281])",,,,,,,,,,,,,,,,,,,,,,,,,,,,,,,,,,,,,,,,,,
200,educational technology,Adversarial Machine Learning,10,2025-06-18T13:59:06.371665,,,,,,,,,,,,,,,,,,,30.0,1.928670048713684,medical diagnosis,unknown,True,"Episode_30: 中間抽象度, 集約的 (dims: [13, 282, 58, 91, 281])",,,,,,,,,,,,,,,,,,,,,,,,,,,,,,,,,,,,
200,educational technology,Adversarial Machine Learning,10,2025-06-18T13:59:06.371665,,,,,,,,,,,,,,,,,,,,,,,,,40.0,1.928670048713684,medical diagnosis,unknown,True,"Episode_40: 中間抽象度, 集約的 (dims: [13, 282, 58, 91, 281])",,,,,,,,,,,,,,,,,,,,,,,,,,,,,,
200,educational technology,Adversarial Machine Learning,10,2025-06-18T13:59:06.371665,,,,,,,,,,,,,,,,,,,,,,,,,,,,,,,50.0,1.928670048713684,medical diagnosis,unknown,True,"Episode_50: 中間抽象度, 集約的 (dims: [13, 282, 58, 91, 281])",,,,,,,,,,,,,,,,,,,,,,,,
200,educational technology,Adversarial Machine Learning,10,2025-06-18T13:59:06.371665,,,,,,,,,,,,,,,,,,,,,,,,,,,,,,,,,,,,,60.0,1.928670048713684,medical diagnosis,unknown,True,"Episode_60: 中間抽象度, 集約的 (dims: [13, 282, 58, 91, 281])",,,,,,,,,,,,,,,,,,
200,educational technology,Adversarial Machine Learning,10,2025-06-18T13:59:06.371665,,,,,,,,,,,,,,,,,,,,,,,,,,,,,,,,,,,,,,,,,,,70.0,1.928670048713684,medical diagnosis,unknown,True,"Episode_70: 中間抽象度, 集約的 (dims: [13, 282, 58, 91, 281])",,,,,,,,,,,,
200,educational technology,Adversarial Machine Learning,10,2025-06-18T13:59:06.371665,,,,,,,,,,,,,,,,,,,,,,,,,,,,,,,,,,,,,,,,,,,,,,,,,80.0,1.928670048713684,medical diagnosis,unknown,True,"Episode_80: 中間抽象度, 集約的 (dims: [13, 282, 58, 91, 281])",,,,,,
200,educational technology,Adversarial Machine Learning,10,2025-06-18T13:59:06.371665,,,,,,,,,,,,,,,,,,,,,,,,,,,,,,,,,,,,,,,,,,,,,,,,,,,,,,,90.0,1.928670048713684,medical diagnosis,unknown,True,"Episode_90: 中間抽象度, 集約的 (dims: [13, 282, 58, 91, 281])"
201,medical diagnosis,Large Language Models,0,2025-06-18T13:59:06.417994,0.0,1.8874430656433105,medical diagnosis,unknown,False,"Episode_0: 中間抽象度, 集約的 (dims: [13, 282, 58, 91, 281])",,,,,,,,,,,,,,,,,,,,,,,,,,,,,,,,,,,,,,,,,,,,,,,,,,,,,,
201,medical diagnosis,Large Language Models,0,2025-06-18T13:59:06.417994,,,,,,,10.0,1.8874430656433105,medical diagnosis,unknown,False,"Episode_10: 中間抽象度, 集約的 (dims: [13, 282, 58, 91, 281])",,,,,,,,,,,,,,,,,,,,,,,,,,,,,,,,,,,,,,,,,,,,,,,,
201,medical diagnosis,Large Language Models,0,2025-06-18T13:59:06.417994,,,,,,,,,,,,,20.0,1.8874430656433105,medical diagnosis,unknown,False,"Episode_20: 中間抽象度, 集約的 (dims: [13, 282, 58, 91, 281])",,,,,,,,,,,,,,,,,,,,,,,,,,,,,,,,,,,,,,,,,,
201,medical diagnosis,Large Language Models,0,2025-06-18T13:59:06.417994,,,,,,,,,,,,,,,,,,,30.0,1.8874430656433105,medical diagnosis,unknown,False,"Episode_30: 中間抽象度, 集約的 (dims: [13, 282, 58, 91, 281])",,,,,,,,,,,,,,,,,,,,,,,,,,,,,,,,,,,,
201,medical diagnosis,Large Language Models,0,2025-06-18T13:59:06.417994,,,,,,,,,,,,,,,,,,,,,,,,,40.0,1.8874430656433105,medical diagnosis,unknown,False,"Episode_40: 中間抽象度, 集約的 (dims: [13, 282, 58, 91, 281])",,,,,,,,,,,,,,,,,,,,,,,,,,,,,,
201,medical diagnosis,Large Language Models,0,2025-06-18T13:59:06.417994,,,,,,,,,,,,,,,,,,,,,,,,,,,,,,,50.0,1.8874430656433105,medical diagnosis,unknown,False,"Episode_50: 中間抽象度, 集約的 (dims: [13, 282, 58, 91, 281])",,,,,,,,,,,,,,,,,,,,,,,,
201,medical diagnosis,Large Language Models,0,2025-06-18T13:59:06.417994,,,,,,,,,,,,,,,,,,,,,,,,,,,,,,,,,,,,,60.0,1.8874430656433105,medical diagnosis,unknown,False,"Episode_60: 中間抽象度, 集約的 (dims: [13, 282, 58, 91, 281])",,,,,,,,,,,,,,,,,,
201,medical diagnosis,Large Language Models,0,2025-06-18T13:59:06.417994,,,,,,,,,,,,,,,,,,,,,,,,,,,,,,,,,,,,,,,,,,,70.0,1.8874430656433105,medical diagnosis,unknown,False,"Episode_70: 中間抽象度, 集約的 (dims: [13, 282, 58, 91, 281])",,,,,,,,,,,,
201,medical diagnosis,Large Language Models,0,2025-06-18T13:59:06.417994,,,,,,,,,,,,,,,,,,,,,,,,,,,,,,,,,,,,,,,,,,,,,,,,,80.0,1.8874430656433105,medical diagnosis,unknown,False,"Episode_80: 中間抽象度, 集約的 (dims: [13, 282, 58, 91, 281])",,,,,,
201,medical diagnosis,Large Language Models,0,2025-06-18T13:59:06.417994,,,,,,,,,,,,,,,,,,,,,,,,,,,,,,,,,,,,,,,,,,,,,,,,,,,,,,,90.0,1.8874430656433105,medical diagnosis,unknown,False,"Episode_90: 中間抽象度, 集約的 (dims: [13, 282, 58, 91, 281])"
202,autonomous systems,Computer Vision,10,2025-06-18T13:59:06.462647,0.0,1.8768787384033203,medical diagnosis,unknown,True,"Episode_0: 中間抽象度, 集約的 (dims: [13, 282, 58, 91, 281])",,,,,,,,,,,,,,,,,,,,,,,,,,,,,,,,,,,,,,,,,,,,,,,,,,,,,,
202,autonomous systems,Computer Vision,10,2025-06-18T13:59:06.462647,,,,,,,10.0,1.8768787384033203,medical diagnosis,unknown,True,"Episode_10: 中間抽象度, 集約的 (dims: [13, 282, 58, 91, 281])",,,,,,,,,,,,,,,,,,,,,,,,,,,,,,,,,,,,,,,,,,,,,,,,
202,autonomous systems,Computer Vision,10,2025-06-18T13:59:06.462647,,,,,,,,,,,,,20.0,1.8768787384033203,medical diagnosis,unknown,True,"Episode_20: 中間抽象度, 集約的 (dims: [13, 282, 58, 91, 281])",,,,,,,,,,,,,,,,,,,,,,,,,,,,,,,,,,,,,,,,,,
202,autonomous systems,Computer Vision,10,2025-06-18T13:59:06.462647,,,,,,,,,,,,,,,,,,,30.0,1.8768787384033203,medical diagnosis,unknown,True,"Episode_30: 中間抽象度, 集約的 (dims: [13, 282, 58, 91, 281])",,,,,,,,,,,,,,,,,,,,,,,,,,,,,,,,,,,,
202,autonomous systems,Computer Vision,10,2025-06-18T13:59:06.462647,,,,,,,,,,,,,,,,,,,,,,,,,40.0,1.8768787384033203,medical diagnosis,unknown,True,"Episode_40: 中間抽象度, 集約的 (dims: [13, 282, 58, 91, 281])",,,,,,,,,,,,,,,,,,,,,,,,,,,,,,
202,autonomous systems,Computer Vision,10,2025-06-18T13:59:06.462647,,,,,,,,,,,,,,,,,,,,,,,,,,,,,,,50.0,1.8768787384033203,medical diagnosis,unknown,True,"Episode_50: 中間抽象度, 集約的 (dims: [13, 282, 58, 91, 281])",,,,,,,,,,,,,,,,,,,,,,,,
202,autonomous systems,Computer Vision,10,2025-06-18T13:59:06.462647,,,,,,,,,,,,,,,,,,,,,,,,,,,,,,,,,,,,,60.0,1.8768787384033203,medical diagnosis,unknown,True,"Episode_60: 中間抽象度, 集約的 (dims: [13, 282, 58, 91, 281])",,,,,,,,,,,,,,,,,,
202,autonomous systems,Computer Vision,10,2025-06-18T13:59:06.462647,,,,,,,,,,,,,,,,,,,,,,,,,,,,,,,,,,,,,,,,,,,70.0,1.8768787384033203,medical diagnosis,unknown,True,"Episode_70: 中間抽象度, 集約的 (dims: [13, 282, 58, 91, 281])",,,,,,,,,,,,
202,autonomous systems,Computer Vision,10,2025-06-18T13:59:06.462647,,,,,,,,,,,,,,,,,,,,,,,,,,,,,,,,,,,,,,,,,,,,,,,,,80.0,1.8768787384033203,medical diagnosis,unknown,True,"Episode_80: 中間抽象度, 集約的 (dims: [13, 282, 58, 91, 281])",,,,,,
202,autonomous systems,Computer Vision,10,2025-06-18T13:59:06.462647,,,,,,,,,,,,,,,,,,,,,,,,,,,,,,,,,,,,,,,,,,,,,,,,,,,,,,,90.0,1.8768787384033203,medical diagnosis,unknown,True,"Episode_90: 中間抽象度, 集約的 (dims: [13, 282, 58, 91, 281])"
203,natural language processing,Reinforcement Learning,10,2025-06-18T13:59:06.511312,5.0,1.8832250833511353,cybersecurity,unknown,True,"Episode_5: 中間抽象度, 集約的 (dims: [106, 62, 379, 367, 71])",,,,,,,,,,,,,,,,,,,,,,,,,,,,,,,,,,,,,,,,,,,,,,,,,,,,,,
203,natural language processing,Reinforcement Learning,10,2025-06-18T13:59:06.511312,,,,,,,15.0,1.8832250833511353,cybersecurity,unknown,True,"Episode_15: 中間抽象度, 集約的 (dims: [106, 62, 379, 367, 71])",,,,,,,,,,,,,,,,,,,,,,,,,,,,,,,,,,,,,,,,,,,,,,,,
203,natural language processing,Reinforcement Learning,10,2025-06-18T13:59:06.511312,,,,,,,,,,,,,25.0,1.8832250833511353,cybersecurity,unknown,True,"Episode_25: 中間抽象度, 集約的 (dims: [106, 62, 379, 367, 71])",,,,,,,,,,,,,,,,,,,,,,,,,,,,,,,,,,,,,,,,,,
203,natural language processing,Reinforcement Learning,10,2025-06-18T13:59:06.511312,,,,,,,,,,,,,,,,,,,35.0,1.8832250833511353,cybersecurity,unknown,True,"Episode_35: 中間抽象度, 集約的 (dims: [106, 62, 379, 367, 71])",,,,,,,,,,,,,,,,,,,,,,,,,,,,,,,,,,,,
203,natural language processing,Reinforcement Learning,10,2025-06-18T13:59:06.511312,,,,,,,,,,,,,,,,,,,,,,,,,45.0,1.8832250833511353,cybersecurity,unknown,True,"Episode_45: 中間抽象度, 集約的 (dims: [106, 62, 379, 367, 71])",,,,,,,,,,,,,,,,,,,,,,,,,,,,,,
203,natural language processing,Reinforcement Learning,10,2025-06-18T13:59:06.511312,,,,,,,,,,,,,,,,,,,,,,,,,,,,,,,55.0,1.8832250833511353,cybersecurity,unknown,True,"Episode_55: 中間抽象度, 集約的 (dims: [106, 62, 379, 367, 71])",,,,,,,,,,,,,,,,,,,,,,,,
203,natural language processing,Reinforcement Learning,10,2025-06-18T13:59:06.511312,,,,,,,,,,,,,,,,,,,,,,,,,,,,,,,,,,,,,65.0,1.8832250833511353,cybersecurity,unknown,True,"Episode_65: 中間抽象度, 集約的 (dims: [106, 62, 379, 367, 71])",,,,,,,,,,,,,,,,,,
203,natural language processing,Reinforcement Learning,10,2025-06-18T13:59:06.511312,,,,,,,,,,,,,,,,,,,,,,,,,,,,,,,,,,,,,,,,,,,75.0,1.8832250833511353,cybersecurity,unknown,True,"Episode_75: 中間抽象度, 集約的 (dims: [106, 62, 379, 367, 71])",,,,,,,,,,,,
203,natural language processing,Reinforcement Learning,10,2025-06-18T13:59:06.511312,,,,,,,,,,,,,,,,,,,,,,,,,,,,,,,,,,,,,,,,,,,,,,,,,85.0,1.8832250833511353,cybersecurity,unknown,True,"Episode_85: 中間抽象度, 集約的 (dims: [106, 62, 379, 367, 71])",,,,,,
203,natural language processing,Reinforcement Learning,10,2025-06-18T13:59:06.511312,,,,,,,,,,,,,,,,,,,,,,,,,,,,,,,,,,,,,,,,,,,,,,,,,,,,,,,95.0,1.8832250833511353,cybersecurity,unknown,True,"Episode_95: 中間抽象度, 集約的 (dims: [106, 62, 379, 367, 71])"
204,computer vision,Graph Neural Networks,10,2025-06-18T13:59:06.560237,0.0,1.894721269607544,medical diagnosis,unknown,True,"Episode_0: 中間抽象度, 集約的 (dims: [13, 282, 58, 91, 281])",,,,,,,,,,,,,,,,,,,,,,,,,,,,,,,,,,,,,,,,,,,,,,,,,,,,,,
204,computer vision,Graph Neural Networks,10,2025-06-18T13:59:06.560237,,,,,,,10.0,1.894721269607544,medical diagnosis,unknown,True,"Episode_10: 中間抽象度, 集約的 (dims: [13, 282, 58, 91, 281])",,,,,,,,,,,,,,,,,,,,,,,,,,,,,,,,,,,,,,,,,,,,,,,,
204,computer vision,Graph Neural Networks,10,2025-06-18T13:59:06.560237,,,,,,,,,,,,,20.0,1.894721269607544,medical diagnosis,unknown,True,"Episode_20: 中間抽象度, 集約的 (dims: [13, 282, 58, 91, 281])",,,,,,,,,,,,,,,,,,,,,,,,,,,,,,,,,,,,,,,,,,
204,computer vision,Graph Neural Networks,10,2025-06-18T13:59:06.560237,,,,,,,,,,,,,,,,,,,30.0,1.894721269607544,medical diagnosis,unknown,True,"Episode_30: 中間抽象度, 集約的 (dims: [13, 282, 58, 91, 281])",,,,,,,,,,,,,,,,,,,,,,,,,,,,,,,,,,,,
204,computer vision,Graph Neural Networks,10,2025-06-18T13:59:06.560237,,,,,,,,,,,,,,,,,,,,,,,,,40.0,1.894721269607544,medical diagnosis,unknown,True,"Episode_40: 中間抽象度, 集約的 (dims: [13, 282, 58, 91, 281])",,,,,,,,,,,,,,,,,,,,,,,,,,,,,,
204,computer vision,Graph Neural Networks,10,2025-06-18T13:59:06.560237,,,,,,,,,,,,,,,,,,,,,,,,,,,,,,,50.0,1.894721269607544,medical diagnosis,unknown,True,"Episode_50: 中間抽象度, 集約的 (dims: [13, 282, 58, 91, 281])",,,,,,,,,,,,,,,,,,,,,,,,
204,computer vision,Graph Neural Networks,10,2025-06-18T13:59:06.560237,,,,,,,,,,,,,,,,,,,,,,,,,,,,,,,,,,,,,60.0,1.894721269607544,medical diagnosis,unknown,True,"Episode_60: 中間抽象度, 集約的 (dims: [13, 282, 58, 91, 281])",,,,,,,,,,,,,,,,,,
204,computer vision,Graph Neural Networks,10,2025-06-18T13:59:06.560237,,,,,,,,,,,,,,,,,,,,,,,,,,,,,,,,,,,,,,,,,,,70.0,1.894721269607544,medical diagnosis,unknown,True,"Episode_70: 中間抽象度, 集約的 (dims: [13, 282, 58, 91, 281])",,,,,,,,,,,,
204,computer vision,Graph Neural Networks,10,2025-06-18T13:59:06.560237,,,,,,,,,,,,,,,,,,,,,,,,,,,,,,,,,,,,,,,,,,,,,,,,,80.0,1.894721269607544,medical diagnosis,unknown,True,"Episode_80: 中間抽象度, 集約的 (dims: [13, 282, 58, 91, 281])",,,,,,
204,computer vision,Graph Neural Networks,10,2025-06-18T13:59:06.560237,,,,,,,,,,,,,,,,,,,,,,,,,,,,,,,,,,,,,,,,,,,,,,,,,,,,,,,90.0,1.894721269607544,medical diagnosis,unknown,True,"Episode_90: 中間抽象度, 集約的 (dims: [13, 282, 58, 91, 281])"
205,robotics,Federated Learning,10,2025-06-18T13:59:06.604191,5.0,1.8728573322296143,cybersecurity,unknown,True,"Episode_5: 中間抽象度, 集約的 (dims: [106, 62, 379, 367, 71])",,,,,,,,,,,,,,,,,,,,,,,,,,,,,,,,,,,,,,,,,,,,,,,,,,,,,,
205,robotics,Federated Learning,10,2025-06-18T13:59:06.604191,,,,,,,15.0,1.8728573322296143,cybersecurity,unknown,True,"Episode_15: 中間抽象度, 集約的 (dims: [106, 62, 379, 367, 71])",,,,,,,,,,,,,,,,,,,,,,,,,,,,,,,,,,,,,,,,,,,,,,,,
205,robotics,Federated Learning,10,2025-06-18T13:59:06.604191,,,,,,,,,,,,,25.0,1.8728573322296143,cybersecurity,unknown,True,"Episode_25: 中間抽象度, 集約的 (dims: [106, 62, 379, 367, 71])",,,,,,,,,,,,,,,,,,,,,,,,,,,,,,,,,,,,,,,,,,
205,robotics,Federated Learning,10,2025-06-18T13:59:06.604191,,,,,,,,,,,,,,,,,,,35.0,1.8728573322296143,cybersecurity,unknown,True,"Episode_35: 中間抽象度, 集約的 (dims: [106, 62, 379, 367, 71])",,,,,,,,,,,,,,,,,,,,,,,,,,,,,,,,,,,,
205,robotics,Federated Learning,10,2025-06-18T13:59:06.604191,,,,,,,,,,,,,,,,,,,,,,,,,45.0,1.8728573322296143,cybersecurity,unknown,True,"Episode_45: 中間抽象度, 集約的 (dims: [106, 62, 379, 367, 71])",,,,,,,,,,,,,,,,,,,,,,,,,,,,,,
205,robotics,Federated Learning,10,2025-06-18T13:59:06.604191,,,,,,,,,,,,,,,,,,,,,,,,,,,,,,,55.0,1.8728573322296143,cybersecurity,unknown,True,"Episode_55: 中間抽象度, 集約的 (dims: [106, 62, 379, 367, 71])",,,,,,,,,,,,,,,,,,,,,,,,
205,robotics,Federated Learning,10,2025-06-18T13:59:06.604191,,,,,,,,,,,,,,,,,,,,,,,,,,,,,,,,,,,,,65.0,1.8728573322296143,cybersecurity,unknown,True,"Episode_65: 中間抽象度, 集約的 (dims: [106, 62, 379, 367, 71])",,,,,,,,,,,,,,,,,,
205,robotics,Federated Learning,10,2025-06-18T13:59:06.604191,,,,,,,,,,,,,,,,,,,,,,,,,,,,,,,,,,,,,,,,,,,75.0,1.8728573322296143,cybersecurity,unknown,True,"Episode_75: 中間抽象度, 集約的 (dims: [106, 62, 379, 367, 71])",,,,,,,,,,,,
205,robotics,Federated Learning,10,2025-06-18T13:59:06.604191,,,,,,,,,,,,,,,,,,,,,,,,,,,,,,,,,,,,,,,,,,,,,,,,,85.0,1.8728573322296143,cybersecurity,unknown,True,"Episode_85: 中間抽象度, 集約的 (dims: [106, 62, 379, 367, 71])",,,,,,
205,robotics,Federated Learning,10,2025-06-18T13:59:06.604191,,,,,,,,,,,,,,,,,,,,,,,,,,,,,,,,,,,,,,,,,,,,,,,,,,,,,,,95.0,1.8728573322296143,cybersecurity,unknown,True,"Episode_95: 中間抽象度, 集約的 (dims: [106, 62, 379, 367, 71])"
206,cybersecurity,Explainable AI,10,2025-06-18T13:59:06.649400,0.0,1.911033272743225,medical diagnosis,unknown,True,"Episode_0: 中間抽象度, 集約的 (dims: [13, 282, 58, 91, 281])",,,,,,,,,,,,,,,,,,,,,,,,,,,,,,,,,,,,,,,,,,,,,,,,,,,,,,
206,cybersecurity,Explainable AI,10,2025-06-18T13:59:06.649400,,,,,,,10.0,1.911033272743225,medical diagnosis,unknown,True,"Episode_10: 中間抽象度, 集約的 (dims: [13, 282, 58, 91, 281])",,,,,,,,,,,,,,,,,,,,,,,,,,,,,,,,,,,,,,,,,,,,,,,,
206,cybersecurity,Explainable AI,10,2025-06-18T13:59:06.649400,,,,,,,,,,,,,20.0,1.911033272743225,medical diagnosis,unknown,True,"Episode_20: 中間抽象度, 集約的 (dims: [13, 282, 58, 91, 281])",,,,,,,,,,,,,,,,,,,,,,,,,,,,,,,,,,,,,,,,,,
206,cybersecurity,Explainable AI,10,2025-06-18T13:59:06.649400,,,,,,,,,,,,,,,,,,,30.0,1.911033272743225,medical diagnosis,unknown,True,"Episode_30: 中間抽象度, 集約的 (dims: [13, 282, 58, 91, 281])",,,,,,,,,,,,,,,,,,,,,,,,,,,,,,,,,,,,
206,cybersecurity,Explainable AI,10,2025-06-18T13:59:06.649400,,,,,,,,,,,,,,,,,,,,,,,,,40.0,1.911033272743225,medical diagnosis,unknown,True,"Episode_40: 中間抽象度, 集約的 (dims: [13, 282, 58, 91, 281])",,,,,,,,,,,,,,,,,,,,,,,,,,,,,,
206,cybersecurity,Explainable AI,10,2025-06-18T13:59:06.649400,,,,,,,,,,,,,,,,,,,,,,,,,,,,,,,50.0,1.911033272743225,medical diagnosis,unknown,True,"Episode_50: 中間抽象度, 集約的 (dims: [13, 282, 58, 91, 281])",,,,,,,,,,,,,,,,,,,,,,,,
206,cybersecurity,Explainable AI,10,2025-06-18T13:59:06.649400,,,,,,,,,,,,,,,,,,,,,,,,,,,,,,,,,,,,,60.0,1.911033272743225,medical diagnosis,unknown,True,"Episode_60: 中間抽象度, 集約的 (dims: [13, 282, 58, 91, 281])",,,,,,,,,,,,,,,,,,
206,cybersecurity,Explainable AI,10,2025-06-18T13:59:06.649400,,,,,,,,,,,,,,,,,,,,,,,,,,,,,,,,,,,,,,,,,,,70.0,1.911033272743225,medical diagnosis,unknown,True,"Episode_70: 中間抽象度, 集約的 (dims: [13, 282, 58, 91, 281])",,,,,,,,,,,,
206,cybersecurity,Explainable AI,10,2025-06-18T13:59:06.649400,,,,,,,,,,,,,,,,,,,,,,,,,,,,,,,,,,,,,,,,,,,,,,,,,80.0,1.911033272743225,medical diagnosis,unknown,True,"Episode_80: 中間抽象度, 集約的 (dims: [13, 282, 58, 91, 281])",,,,,,
206,cybersecurity,Explainable AI,10,2025-06-18T13:59:06.649400,,,,,,,,,,,,,,,,,,,,,,,,,,,,,,,,,,,,,,,,,,,,,,,,,,,,,,,90.0,1.911033272743225,medical diagnosis,unknown,True,"Episode_90: 中間抽象度, 集約的 (dims: [13, 282, 58, 91, 281])"
207,climate modeling,Multimodal Learning,10,2025-06-18T13:59:06.694426,5.0,1.9013603925704956,cybersecurity,unknown,True,"Episode_5: 中間抽象度, 集約的 (dims: [106, 62, 379, 367, 71])",,,,,,,,,,,,,,,,,,,,,,,,,,,,,,,,,,,,,,,,,,,,,,,,,,,,,,
207,climate modeling,Multimodal Learning,10,2025-06-18T13:59:06.694426,,,,,,,15.0,1.9013603925704956,cybersecurity,unknown,True,"Episode_15: 中間抽象度, 集約的 (dims: [106, 62, 379, 367, 71])",,,,,,,,,,,,,,,,,,,,,,,,,,,,,,,,,,,,,,,,,,,,,,,,
207,climate modeling,Multimodal Learning,10,2025-06-18T13:59:06.694426,,,,,,,,,,,,,25.0,1.9013603925704956,cybersecurity,unknown,True,"Episode_25: 中間抽象度, 集約的 (dims: [106, 62, 379, 367, 71])",,,,,,,,,,,,,,,,,,,,,,,,,,,,,,,,,,,,,,,,,,
207,climate modeling,Multimodal Learning,10,2025-06-18T13:59:06.694426,,,,,,,,,,,,,,,,,,,35.0,1.9013603925704956,cybersecurity,unknown,True,"Episode_35: 中間抽象度, 集約的 (dims: [106, 62, 379, 367, 71])",,,,,,,,,,,,,,,,,,,,,,,,,,,,,,,,,,,,
207,climate modeling,Multimodal Learning,10,2025-06-18T13:59:06.694426,,,,,,,,,,,,,,,,,,,,,,,,,45.0,1.9013603925704956,cybersecurity,unknown,True,"Episode_45: 中間抽象度, 集約的 (dims: [106, 62, 379, 367, 71])",,,,,,,,,,,,,,,,,,,,,,,,,,,,,,
207,climate modeling,Multimodal Learning,10,2025-06-18T13:59:06.694426,,,,,,,,,,,,,,,,,,,,,,,,,,,,,,,55.0,1.9013603925704956,cybersecurity,unknown,True,"Episode_55: 中間抽象度, 集約的 (dims: [106, 62, 379, 367, 71])",,,,,,,,,,,,,,,,,,,,,,,,
207,climate modeling,Multimodal Learning,10,2025-06-18T13:59:06.694426,,,,,,,,,,,,,,,,,,,,,,,,,,,,,,,,,,,,,65.0,1.9013603925704956,cybersecurity,unknown,True,"Episode_65: 中間抽象度, 集約的 (dims: [106, 62, 379, 367, 71])",,,,,,,,,,,,,,,,,,
207,climate modeling,Multimodal Learning,10,2025-06-18T13:59:06.694426,,,,,,,,,,,,,,,,,,,,,,,,,,,,,,,,,,,,,,,,,,,75.0,1.9013603925704956,cybersecurity,unknown,True,"Episode_75: 中間抽象度, 集約的 (dims: [106, 62, 379, 367, 71])",,,,,,,,,,,,
207,climate modeling,Multimodal Learning,10,2025-06-18T13:59:06.694426,,,,,,,,,,,,,,,,,,,,,,,,,,,,,,,,,,,,,,,,,,,,,,,,,85.0,1.9013603925704956,cybersecurity,unknown,True,"Episode_85: 中間抽象度, 集約的 (dims: [106, 62, 379, 367, 71])",,,,,,
207,climate modeling,Multimodal Learning,10,2025-06-18T13:59:06.694426,,,,,,,,,,,,,,,,,,,,,,,,,,,,,,,,,,,,,,,,,,,,,,,,,,,,,,,95.0,1.9013603925704956,cybersecurity,unknown,True,"Episode_95: 中間抽象度, 集約的 (dims: [106, 62, 379, 367, 71])"
208,drug discovery,Few-shot Learning,10,2025-06-18T13:59:06.740286,0.0,1.9221811294555664,medical diagnosis,unknown,True,"Episode_0: 中間抽象度, 集約的 (dims: [13, 282, 58, 91, 281])",,,,,,,,,,,,,,,,,,,,,,,,,,,,,,,,,,,,,,,,,,,,,,,,,,,,,,
208,drug discovery,Few-shot Learning,10,2025-06-18T13:59:06.740286,,,,,,,10.0,1.9221811294555664,medical diagnosis,unknown,True,"Episode_10: 中間抽象度, 集約的 (dims: [13, 282, 58, 91, 281])",,,,,,,,,,,,,,,,,,,,,,,,,,,,,,,,,,,,,,,,,,,,,,,,
208,drug discovery,Few-shot Learning,10,2025-06-18T13:59:06.740286,,,,,,,,,,,,,20.0,1.9221811294555664,medical diagnosis,unknown,True,"Episode_20: 中間抽象度, 集約的 (dims: [13, 282, 58, 91, 281])",,,,,,,,,,,,,,,,,,,,,,,,,,,,,,,,,,,,,,,,,,
208,drug discovery,Few-shot Learning,10,2025-06-18T13:59:06.740286,,,,,,,,,,,,,,,,,,,30.0,1.9221811294555664,medical diagnosis,unknown,True,"Episode_30: 中間抽象度, 集約的 (dims: [13, 282, 58, 91, 281])",,,,,,,,,,,,,,,,,,,,,,,,,,,,,,,,,,,,
208,drug discovery,Few-shot Learning,10,2025-06-18T13:59:06.740286,,,,,,,,,,,,,,,,,,,,,,,,,40.0,1.9221811294555664,medical diagnosis,unknown,True,"Episode_40: 中間抽象度, 集約的 (dims: [13, 282, 58, 91, 281])",,,,,,,,,,,,,,,,,,,,,,,,,,,,,,
208,drug discovery,Few-shot Learning,10,2025-06-18T13:59:06.740286,,,,,,,,,,,,,,,,,,,,,,,,,,,,,,,50.0,1.9221811294555664,medical diagnosis,unknown,True,"Episode_50: 中間抽象度, 集約的 (dims: [13, 282, 58, 91, 281])",,,,,,,,,,,,,,,,,,,,,,,,
208,drug discovery,Few-shot Learning,10,2025-06-18T13:59:06.740286,,,,,,,,,,,,,,,,,,,,,,,,,,,,,,,,,,,,,60.0,1.9221811294555664,medical diagnosis,unknown,True,"Episode_60: 中間抽象度, 集約的 (dims: [13, 282, 58, 91, 281])",,,,,,,,,,,,,,,,,,
208,drug discovery,Few-shot Learning,10,2025-06-18T13:59:06.740286,,,,,,,,,,,,,,,,,,,,,,,,,,,,,,,,,,,,,,,,,,,70.0,1.9221811294555664,medical diagnosis,unknown,True,"Episode_70: 中間抽象度, 集約的 (dims: [13, 282, 58, 91, 281])",,,,,,,,,,,,
208,drug discovery,Few-shot Learning,10,2025-06-18T13:59:06.740286,,,,,,,,,,,,,,,,,,,,,,,,,,,,,,,,,,,,,,,,,,,,,,,,,80.0,1.9221811294555664,medical diagnosis,unknown,True,"Episode_80: 中間抽象度, 集約的 (dims: [13, 282, 58, 91, 281])",,,,,,
208,drug discovery,Few-shot Learning,10,2025-06-18T13:59:06.740286,,,,,,,,,,,,,,,,,,,,,,,,,,,,,,,,,,,,,,,,,,,,,,,,,,,,,,,90.0,1.9221811294555664,medical diagnosis,unknown,True,"Episode_90: 中間抽象度, 集約的 (dims: [13, 282, 58, 91, 281])"
209,financial prediction,Transfer Learning,10,2025-06-18T13:59:06.784600,0.0,1.9256962537765503,medical diagnosis,unknown,True,"Episode_0: 中間抽象度, 集約的 (dims: [13, 282, 58, 91, 281])",,,,,,,,,,,,,,,,,,,,,,,,,,,,,,,,,,,,,,,,,,,,,,,,,,,,,,
209,financial prediction,Transfer Learning,10,2025-06-18T13:59:06.784600,,,,,,,10.0,1.9256962537765503,medical diagnosis,unknown,True,"Episode_10: 中間抽象度, 集約的 (dims: [13, 282, 58, 91, 281])",,,,,,,,,,,,,,,,,,,,,,,,,,,,,,,,,,,,,,,,,,,,,,,,
209,financial prediction,Transfer Learning,10,2025-06-18T13:59:06.784600,,,,,,,,,,,,,20.0,1.9256962537765503,medical diagnosis,unknown,True,"Episode_20: 中間抽象度, 集約的 (dims: [13, 282, 58, 91, 281])",,,,,,,,,,,,,,,,,,,,,,,,,,,,,,,,,,,,,,,,,,
209,financial prediction,Transfer Learning,10,2025-06-18T13:59:06.784600,,,,,,,,,,,,,,,,,,,30.0,1.9256962537765503,medical diagnosis,unknown,True,"Episode_30: 中間抽象度, 集約的 (dims: [13, 282, 58, 91, 281])",,,,,,,,,,,,,,,,,,,,,,,,,,,,,,,,,,,,
209,financial prediction,Transfer Learning,10,2025-06-18T13:59:06.784600,,,,,,,,,,,,,,,,,,,,,,,,,40.0,1.9256962537765503,medical diagnosis,unknown,True,"Episode_40: 中間抽象度, 集約的 (dims: [13, 282, 58, 91, 281])",,,,,,,,,,,,,,,,,,,,,,,,,,,,,,
209,financial prediction,Transfer Learning,10,2025-06-18T13:59:06.784600,,,,,,,,,,,,,,,,,,,,,,,,,,,,,,,50.0,1.9256962537765503,medical diagnosis,unknown,True,"Episode_50: 中間抽象度, 集約的 (dims: [13, 282, 58, 91, 281])",,,,,,,,,,,,,,,,,,,,,,,,
209,financial prediction,Transfer Learning,10,2025-06-18T13:59:06.784600,,,,,,,,,,,,,,,,,,,,,,,,,,,,,,,,,,,,,60.0,1.9256962537765503,medical diagnosis,unknown,True,"Episode_60: 中間抽象度, 集約的 (dims: [13, 282, 58, 91, 281])",,,,,,,,,,,,,,,,,,
209,financial prediction,Transfer Learning,10,2025-06-18T13:59:06.784600,,,,,,,,,,,,,,,,,,,,,,,,,,,,,,,,,,,,,,,,,,,70.0,1.9256962537765503,medical diagnosis,unknown,True,"Episode_70: 中間抽象度, 集約的 (dims: [13, 282, 58, 91, 281])",,,,,,,,,,,,
209,financial prediction,Transfer Learning,10,2025-06-18T13:59:06.784600,,,,,,,,,,,,,,,,,,,,,,,,,,,,,,,,,,,,,,,,,,,,,,,,,80.0,1.9256962537765503,medical diagnosis,unknown,True,"Episode_80: 中間抽象度, 集約的 (dims: [13, 282, 58, 91, 281])",,,,,,
209,financial prediction,Transfer Learning,10,2025-06-18T13:59:06.784600,,,,,,,,,,,,,,,,,,,,,,,,,,,,,,,,,,,,,,,,,,,,,,,,,,,,,,,90.0,1.9256962537765503,medical diagnosis,unknown,True,"Episode_90: 中間抽象度, 集約的 (dims: [13, 282, 58, 91, 281])"
210,educational technology,Adversarial Machine Learning,10,2025-06-18T13:59:06.828947,0.0,1.928670048713684,medical diagnosis,unknown,True,"Episode_0: 中間抽象度, 集約的 (dims: [13, 282, 58, 91, 281])",,,,,,,,,,,,,,,,,,,,,,,,,,,,,,,,,,,,,,,,,,,,,,,,,,,,,,
210,educational technology,Adversarial Machine Learning,10,2025-06-18T13:59:06.828947,,,,,,,10.0,1.928670048713684,medical diagnosis,unknown,True,"Episode_10: 中間抽象度, 集約的 (dims: [13, 282, 58, 91, 281])",,,,,,,,,,,,,,,,,,,,,,,,,,,,,,,,,,,,,,,,,,,,,,,,
210,educational technology,Adversarial Machine Learning,10,2025-06-18T13:59:06.828947,,,,,,,,,,,,,20.0,1.928670048713684,medical diagnosis,unknown,True,"Episode_20: 中間抽象度, 集約的 (dims: [13, 282, 58, 91, 281])",,,,,,,,,,,,,,,,,,,,,,,,,,,,,,,,,,,,,,,,,,
210,educational technology,Adversarial Machine Learning,10,2025-06-18T13:59:06.828947,,,,,,,,,,,,,,,,,,,30.0,1.928670048713684,medical diagnosis,unknown,True,"Episode_30: 中間抽象度, 集約的 (dims: [13, 282, 58, 91, 281])",,,,,,,,,,,,,,,,,,,,,,,,,,,,,,,,,,,,
210,educational technology,Adversarial Machine Learning,10,2025-06-18T13:59:06.828947,,,,,,,,,,,,,,,,,,,,,,,,,40.0,1.928670048713684,medical diagnosis,unknown,True,"Episode_40: 中間抽象度, 集約的 (dims: [13, 282, 58, 91, 281])",,,,,,,,,,,,,,,,,,,,,,,,,,,,,,
210,educational technology,Adversarial Machine Learning,10,2025-06-18T13:59:06.828947,,,,,,,,,,,,,,,,,,,,,,,,,,,,,,,50.0,1.928670048713684,medical diagnosis,unknown,True,"Episode_50: 中間抽象度, 集約的 (dims: [13, 282, 58, 91, 281])",,,,,,,,,,,,,,,,,,,,,,,,
210,educational technology,Adversarial Machine Learning,10,2025-06-18T13:59:06.828947,,,,,,,,,,,,,,,,,,,,,,,,,,,,,,,,,,,,,60.0,1.928670048713684,medical diagnosis,unknown,True,"Episode_60: 中間抽象度, 集約的 (dims: [13, 282, 58, 91, 281])",,,,,,,,,,,,,,,,,,
210,educational technology,Adversarial Machine Learning,10,2025-06-18T13:59:06.828947,,,,,,,,,,,,,,,,,,,,,,,,,,,,,,,,,,,,,,,,,,,70.0,1.928670048713684,medical diagnosis,unknown,True,"Episode_70: 中間抽象度, 集約的 (dims: [13, 282, 58, 91, 281])",,,,,,,,,,,,
210,educational technology,Adversarial Machine Learning,10,2025-06-18T13:59:06.828947,,,,,,,,,,,,,,,,,,,,,,,,,,,,,,,,,,,,,,,,,,,,,,,,,80.0,1.928670048713684,medical diagnosis,unknown,True,"Episode_80: 中間抽象度, 集約的 (dims: [13, 282, 58, 91, 281])",,,,,,
210,educational technology,Adversarial Machine Learning,10,2025-06-18T13:59:06.828947,,,,,,,,,,,,,,,,,,,,,,,,,,,,,,,,,,,,,,,,,,,,,,,,,,,,,,,90.0,1.928670048713684,medical diagnosis,unknown,True,"Episode_90: 中間抽象度, 集約的 (dims: [13, 282, 58, 91, 281])"
211,medical diagnosis,Large Language Models,0,2025-06-18T13:59:06.874818,0.0,1.8874430656433105,medical diagnosis,unknown,False,"Episode_0: 中間抽象度, 集約的 (dims: [13, 282, 58, 91, 281])",,,,,,,,,,,,,,,,,,,,,,,,,,,,,,,,,,,,,,,,,,,,,,,,,,,,,,
211,medical diagnosis,Large Language Models,0,2025-06-18T13:59:06.874818,,,,,,,10.0,1.8874430656433105,medical diagnosis,unknown,False,"Episode_10: 中間抽象度, 集約的 (dims: [13, 282, 58, 91, 281])",,,,,,,,,,,,,,,,,,,,,,,,,,,,,,,,,,,,,,,,,,,,,,,,
211,medical diagnosis,Large Language Models,0,2025-06-18T13:59:06.874818,,,,,,,,,,,,,20.0,1.8874430656433105,medical diagnosis,unknown,False,"Episode_20: 中間抽象度, 集約的 (dims: [13, 282, 58, 91, 281])",,,,,,,,,,,,,,,,,,,,,,,,,,,,,,,,,,,,,,,,,,
211,medical diagnosis,Large Language Models,0,2025-06-18T13:59:06.874818,,,,,,,,,,,,,,,,,,,30.0,1.8874430656433105,medical diagnosis,unknown,False,"Episode_30: 中間抽象度, 集約的 (dims: [13, 282, 58, 91, 281])",,,,,,,,,,,,,,,,,,,,,,,,,,,,,,,,,,,,
211,medical diagnosis,Large Language Models,0,2025-06-18T13:59:06.874818,,,,,,,,,,,,,,,,,,,,,,,,,40.0,1.8874430656433105,medical diagnosis,unknown,False,"Episode_40: 中間抽象度, 集約的 (dims: [13, 282, 58, 91, 281])",,,,,,,,,,,,,,,,,,,,,,,,,,,,,,
211,medical diagnosis,Large Language Models,0,2025-06-18T13:59:06.874818,,,,,,,,,,,,,,,,,,,,,,,,,,,,,,,50.0,1.8874430656433105,medical diagnosis,unknown,False,"Episode_50: 中間抽象度, 集約的 (dims: [13, 282, 58, 91, 281])",,,,,,,,,,,,,,,,,,,,,,,,
211,medical diagnosis,Large Language Models,0,2025-06-18T13:59:06.874818,,,,,,,,,,,,,,,,,,,,,,,,,,,,,,,,,,,,,60.0,1.8874430656433105,medical diagnosis,unknown,False,"Episode_60: 中間抽象度, 集約的 (dims: [13, 282, 58, 91, 281])",,,,,,,,,,,,,,,,,,
211,medical diagnosis,Large Language Models,0,2025-06-18T13:59:06.874818,,,,,,,,,,,,,,,,,,,,,,,,,,,,,,,,,,,,,,,,,,,70.0,1.8874430656433105,medical diagnosis,unknown,False,"Episode_70: 中間抽象度, 集約的 (dims: [13, 282, 58, 91, 281])",,,,,,,,,,,,
211,medical diagnosis,Large Language Models,0,2025-06-18T13:59:06.874818,,,,,,,,,,,,,,,,,,,,,,,,,,,,,,,,,,,,,,,,,,,,,,,,,80.0,1.8874430656433105,medical diagnosis,unknown,False,"Episode_80: 中間抽象度, 集約的 (dims: [13, 282, 58, 91, 281])",,,,,,
211,medical diagnosis,Large Language Models,0,2025-06-18T13:59:06.874818,,,,,,,,,,,,,,,,,,,,,,,,,,,,,,,,,,,,,,,,,,,,,,,,,,,,,,,90.0,1.8874430656433105,medical diagnosis,unknown,False,"Episode_90: 中間抽象度, 集約的 (dims: [13, 282, 58, 91, 281])"
212,autonomous systems,Computer Vision,10,2025-06-18T13:59:06.919000,0.0,1.8768787384033203,medical diagnosis,unknown,True,"Episode_0: 中間抽象度, 集約的 (dims: [13, 282, 58, 91, 281])",,,,,,,,,,,,,,,,,,,,,,,,,,,,,,,,,,,,,,,,,,,,,,,,,,,,,,
212,autonomous systems,Computer Vision,10,2025-06-18T13:59:06.919000,,,,,,,10.0,1.8768787384033203,medical diagnosis,unknown,True,"Episode_10: 中間抽象度, 集約的 (dims: [13, 282, 58, 91, 281])",,,,,,,,,,,,,,,,,,,,,,,,,,,,,,,,,,,,,,,,,,,,,,,,
212,autonomous systems,Computer Vision,10,2025-06-18T13:59:06.919000,,,,,,,,,,,,,20.0,1.8768787384033203,medical diagnosis,unknown,True,"Episode_20: 中間抽象度, 集約的 (dims: [13, 282, 58, 91, 281])",,,,,,,,,,,,,,,,,,,,,,,,,,,,,,,,,,,,,,,,,,
212,autonomous systems,Computer Vision,10,2025-06-18T13:59:06.919000,,,,,,,,,,,,,,,,,,,30.0,1.8768787384033203,medical diagnosis,unknown,True,"Episode_30: 中間抽象度, 集約的 (dims: [13, 282, 58, 91, 281])",,,,,,,,,,,,,,,,,,,,,,,,,,,,,,,,,,,,
212,autonomous systems,Computer Vision,10,2025-06-18T13:59:06.919000,,,,,,,,,,,,,,,,,,,,,,,,,40.0,1.8768787384033203,medical diagnosis,unknown,True,"Episode_40: 中間抽象度, 集約的 (dims: [13, 282, 58, 91, 281])",,,,,,,,,,,,,,,,,,,,,,,,,,,,,,
212,autonomous systems,Computer Vision,10,2025-06-18T13:59:06.919000,,,,,,,,,,,,,,,,,,,,,,,,,,,,,,,50.0,1.8768787384033203,medical diagnosis,unknown,True,"Episode_50: 中間抽象度, 集約的 (dims: [13, 282, 58, 91, 281])",,,,,,,,,,,,,,,,,,,,,,,,
212,autonomous systems,Computer Vision,10,2025-06-18T13:59:06.919000,,,,,,,,,,,,,,,,,,,,,,,,,,,,,,,,,,,,,60.0,1.8768787384033203,medical diagnosis,unknown,True,"Episode_60: 中間抽象度, 集約的 (dims: [13, 282, 58, 91, 281])",,,,,,,,,,,,,,,,,,
212,autonomous systems,Computer Vision,10,2025-06-18T13:59:06.919000,,,,,,,,,,,,,,,,,,,,,,,,,,,,,,,,,,,,,,,,,,,70.0,1.8768787384033203,medical diagnosis,unknown,True,"Episode_70: 中間抽象度, 集約的 (dims: [13, 282, 58, 91, 281])",,,,,,,,,,,,
212,autonomous systems,Computer Vision,10,2025-06-18T13:59:06.919000,,,,,,,,,,,,,,,,,,,,,,,,,,,,,,,,,,,,,,,,,,,,,,,,,80.0,1.8768787384033203,medical diagnosis,unknown,True,"Episode_80: 中間抽象度, 集約的 (dims: [13, 282, 58, 91, 281])",,,,,,
212,autonomous systems,Computer Vision,10,2025-06-18T13:59:06.919000,,,,,,,,,,,,,,,,,,,,,,,,,,,,,,,,,,,,,,,,,,,,,,,,,,,,,,,90.0,1.8768787384033203,medical diagnosis,unknown,True,"Episode_90: 中間抽象度, 集約的 (dims: [13, 282, 58, 91, 281])"
213,natural language processing,Reinforcement Learning,10,2025-06-18T13:59:06.962446,5.0,1.8832250833511353,cybersecurity,unknown,True,"Episode_5: 中間抽象度, 集約的 (dims: [106, 62, 379, 367, 71])",,,,,,,,,,,,,,,,,,,,,,,,,,,,,,,,,,,,,,,,,,,,,,,,,,,,,,
213,natural language processing,Reinforcement Learning,10,2025-06-18T13:59:06.962446,,,,,,,15.0,1.8832250833511353,cybersecurity,unknown,True,"Episode_15: 中間抽象度, 集約的 (dims: [106, 62, 379, 367, 71])",,,,,,,,,,,,,,,,,,,,,,,,,,,,,,,,,,,,,,,,,,,,,,,,
213,natural language processing,Reinforcement Learning,10,2025-06-18T13:59:06.962446,,,,,,,,,,,,,25.0,1.8832250833511353,cybersecurity,unknown,True,"Episode_25: 中間抽象度, 集約的 (dims: [106, 62, 379, 367, 71])",,,,,,,,,,,,,,,,,,,,,,,,,,,,,,,,,,,,,,,,,,
213,natural language processing,Reinforcement Learning,10,2025-06-18T13:59:06.962446,,,,,,,,,,,,,,,,,,,35.0,1.8832250833511353,cybersecurity,unknown,True,"Episode_35: 中間抽象度, 集約的 (dims: [106, 62, 379, 367, 71])",,,,,,,,,,,,,,,,,,,,,,,,,,,,,,,,,,,,
213,natural language processing,Reinforcement Learning,10,2025-06-18T13:59:06.962446,,,,,,,,,,,,,,,,,,,,,,,,,45.0,1.8832250833511353,cybersecurity,unknown,True,"Episode_45: 中間抽象度, 集約的 (dims: [106, 62, 379, 367, 71])",,,,,,,,,,,,,,,,,,,,,,,,,,,,,,
213,natural language processing,Reinforcement Learning,10,2025-06-18T13:59:06.962446,,,,,,,,,,,,,,,,,,,,,,,,,,,,,,,55.0,1.8832250833511353,cybersecurity,unknown,True,"Episode_55: 中間抽象度, 集約的 (dims: [106, 62, 379, 367, 71])",,,,,,,,,,,,,,,,,,,,,,,,
213,natural language processing,Reinforcement Learning,10,2025-06-18T13:59:06.962446,,,,,,,,,,,,,,,,,,,,,,,,,,,,,,,,,,,,,65.0,1.8832250833511353,cybersecurity,unknown,True,"Episode_65: 中間抽象度, 集約的 (dims: [106, 62, 379, 367, 71])",,,,,,,,,,,,,,,,,,
213,natural language processing,Reinforcement Learning,10,2025-06-18T13:59:06.962446,,,,,,,,,,,,,,,,,,,,,,,,,,,,,,,,,,,,,,,,,,,75.0,1.8832250833511353,cybersecurity,unknown,True,"Episode_75: 中間抽象度, 集約的 (dims: [106, 62, 379, 367, 71])",,,,,,,,,,,,
213,natural language processing,Reinforcement Learning,10,2025-06-18T13:59:06.962446,,,,,,,,,,,,,,,,,,,,,,,,,,,,,,,,,,,,,,,,,,,,,,,,,85.0,1.8832250833511353,cybersecurity,unknown,True,"Episode_85: 中間抽象度, 集約的 (dims: [106, 62, 379, 367, 71])",,,,,,
213,natural language processing,Reinforcement Learning,10,2025-06-18T13:59:06.962446,,,,,,,,,,,,,,,,,,,,,,,,,,,,,,,,,,,,,,,,,,,,,,,,,,,,,,,95.0,1.8832250833511353,cybersecurity,unknown,True,"Episode_95: 中間抽象度, 集約的 (dims: [106, 62, 379, 367, 71])"
214,computer vision,Graph Neural Networks,10,2025-06-18T13:59:07.005816,0.0,1.894721269607544,medical diagnosis,unknown,True,"Episode_0: 中間抽象度, 集約的 (dims: [13, 282, 58, 91, 281])",,,,,,,,,,,,,,,,,,,,,,,,,,,,,,,,,,,,,,,,,,,,,,,,,,,,,,
214,computer vision,Graph Neural Networks,10,2025-06-18T13:59:07.005816,,,,,,,10.0,1.894721269607544,medical diagnosis,unknown,True,"Episode_10: 中間抽象度, 集約的 (dims: [13, 282, 58, 91, 281])",,,,,,,,,,,,,,,,,,,,,,,,,,,,,,,,,,,,,,,,,,,,,,,,
214,computer vision,Graph Neural Networks,10,2025-06-18T13:59:07.005816,,,,,,,,,,,,,20.0,1.894721269607544,medical diagnosis,unknown,True,"Episode_20: 中間抽象度, 集約的 (dims: [13, 282, 58, 91, 281])",,,,,,,,,,,,,,,,,,,,,,,,,,,,,,,,,,,,,,,,,,
214,computer vision,Graph Neural Networks,10,2025-06-18T13:59:07.005816,,,,,,,,,,,,,,,,,,,30.0,1.894721269607544,medical diagnosis,unknown,True,"Episode_30: 中間抽象度, 集約的 (dims: [13, 282, 58, 91, 281])",,,,,,,,,,,,,,,,,,,,,,,,,,,,,,,,,,,,
214,computer vision,Graph Neural Networks,10,2025-06-18T13:59:07.005816,,,,,,,,,,,,,,,,,,,,,,,,,40.0,1.894721269607544,medical diagnosis,unknown,True,"Episode_40: 中間抽象度, 集約的 (dims: [13, 282, 58, 91, 281])",,,,,,,,,,,,,,,,,,,,,,,,,,,,,,
214,computer vision,Graph Neural Networks,10,2025-06-18T13:59:07.005816,,,,,,,,,,,,,,,,,,,,,,,,,,,,,,,50.0,1.894721269607544,medical diagnosis,unknown,True,"Episode_50: 中間抽象度, 集約的 (dims: [13, 282, 58, 91, 281])",,,,,,,,,,,,,,,,,,,,,,,,
214,computer vision,Graph Neural Networks,10,2025-06-18T13:59:07.005816,,,,,,,,,,,,,,,,,,,,,,,,,,,,,,,,,,,,,60.0,1.894721269607544,medical diagnosis,unknown,True,"Episode_60: 中間抽象度, 集約的 (dims: [13, 282, 58, 91, 281])",,,,,,,,,,,,,,,,,,
214,computer vision,Graph Neural Networks,10,2025-06-18T13:59:07.005816,,,,,,,,,,,,,,,,,,,,,,,,,,,,,,,,,,,,,,,,,,,70.0,1.894721269607544,medical diagnosis,unknown,True,"Episode_70: 中間抽象度, 集約的 (dims: [13, 282, 58, 91, 281])",,,,,,,,,,,,
214,computer vision,Graph Neural Networks,10,2025-06-18T13:59:07.005816,,,,,,,,,,,,,,,,,,,,,,,,,,,,,,,,,,,,,,,,,,,,,,,,,80.0,1.894721269607544,medical diagnosis,unknown,True,"Episode_80: 中間抽象度, 集約的 (dims: [13, 282, 58, 91, 281])",,,,,,
214,computer vision,Graph Neural Networks,10,2025-06-18T13:59:07.005816,,,,,,,,,,,,,,,,,,,,,,,,,,,,,,,,,,,,,,,,,,,,,,,,,,,,,,,90.0,1.894721269607544,medical diagnosis,unknown,True,"Episode_90: 中間抽象度, 集約的 (dims: [13, 282, 58, 91, 281])"
215,robotics,Federated Learning,10,2025-06-18T13:59:07.049114,5.0,1.8728573322296143,cybersecurity,unknown,True,"Episode_5: 中間抽象度, 集約的 (dims: [106, 62, 379, 367, 71])",,,,,,,,,,,,,,,,,,,,,,,,,,,,,,,,,,,,,,,,,,,,,,,,,,,,,,
215,robotics,Federated Learning,10,2025-06-18T13:59:07.049114,,,,,,,15.0,1.8728573322296143,cybersecurity,unknown,True,"Episode_15: 中間抽象度, 集約的 (dims: [106, 62, 379, 367, 71])",,,,,,,,,,,,,,,,,,,,,,,,,,,,,,,,,,,,,,,,,,,,,,,,
215,robotics,Federated Learning,10,2025-06-18T13:59:07.049114,,,,,,,,,,,,,25.0,1.8728573322296143,cybersecurity,unknown,True,"Episode_25: 中間抽象度, 集約的 (dims: [106, 62, 379, 367, 71])",,,,,,,,,,,,,,,,,,,,,,,,,,,,,,,,,,,,,,,,,,
215,robotics,Federated Learning,10,2025-06-18T13:59:07.049114,,,,,,,,,,,,,,,,,,,35.0,1.8728573322296143,cybersecurity,unknown,True,"Episode_35: 中間抽象度, 集約的 (dims: [106, 62, 379, 367, 71])",,,,,,,,,,,,,,,,,,,,,,,,,,,,,,,,,,,,
215,robotics,Federated Learning,10,2025-06-18T13:59:07.049114,,,,,,,,,,,,,,,,,,,,,,,,,45.0,1.8728573322296143,cybersecurity,unknown,True,"Episode_45: 中間抽象度, 集約的 (dims: [106, 62, 379, 367, 71])",,,,,,,,,,,,,,,,,,,,,,,,,,,,,,
215,robotics,Federated Learning,10,2025-06-18T13:59:07.049114,,,,,,,,,,,,,,,,,,,,,,,,,,,,,,,55.0,1.8728573322296143,cybersecurity,unknown,True,"Episode_55: 中間抽象度, 集約的 (dims: [106, 62, 379, 367, 71])",,,,,,,,,,,,,,,,,,,,,,,,
215,robotics,Federated Learning,10,2025-06-18T13:59:07.049114,,,,,,,,,,,,,,,,,,,,,,,,,,,,,,,,,,,,,65.0,1.8728573322296143,cybersecurity,unknown,True,"Episode_65: 中間抽象度, 集約的 (dims: [106, 62, 379, 367, 71])",,,,,,,,,,,,,,,,,,
215,robotics,Federated Learning,10,2025-06-18T13:59:07.049114,,,,,,,,,,,,,,,,,,,,,,,,,,,,,,,,,,,,,,,,,,,75.0,1.8728573322296143,cybersecurity,unknown,True,"Episode_75: 中間抽象度, 集約的 (dims: [106, 62, 379, 367, 71])",,,,,,,,,,,,
215,robotics,Federated Learning,10,2025-06-18T13:59:07.049114,,,,,,,,,,,,,,,,,,,,,,,,,,,,,,,,,,,,,,,,,,,,,,,,,85.0,1.8728573322296143,cybersecurity,unknown,True,"Episode_85: 中間抽象度, 集約的 (dims: [106, 62, 379, 367, 71])",,,,,,
215,robotics,Federated Learning,10,2025-06-18T13:59:07.049114,,,,,,,,,,,,,,,,,,,,,,,,,,,,,,,,,,,,,,,,,,,,,,,,,,,,,,,95.0,1.8728573322296143,cybersecurity,unknown,True,"Episode_95: 中間抽象度, 集約的 (dims: [106, 62, 379, 367, 71])"
216,cybersecurity,Explainable AI,10,2025-06-18T13:59:07.093452,0.0,1.911033272743225,medical diagnosis,unknown,True,"Episode_0: 中間抽象度, 集約的 (dims: [13, 282, 58, 91, 281])",,,,,,,,,,,,,,,,,,,,,,,,,,,,,,,,,,,,,,,,,,,,,,,,,,,,,,
216,cybersecurity,Explainable AI,10,2025-06-18T13:59:07.093452,,,,,,,10.0,1.911033272743225,medical diagnosis,unknown,True,"Episode_10: 中間抽象度, 集約的 (dims: [13, 282, 58, 91, 281])",,,,,,,,,,,,,,,,,,,,,,,,,,,,,,,,,,,,,,,,,,,,,,,,
216,cybersecurity,Explainable AI,10,2025-06-18T13:59:07.093452,,,,,,,,,,,,,20.0,1.911033272743225,medical diagnosis,unknown,True,"Episode_20: 中間抽象度, 集約的 (dims: [13, 282, 58, 91, 281])",,,,,,,,,,,,,,,,,,,,,,,,,,,,,,,,,,,,,,,,,,
216,cybersecurity,Explainable AI,10,2025-06-18T13:59:07.093452,,,,,,,,,,,,,,,,,,,30.0,1.911033272743225,medical diagnosis,unknown,True,"Episode_30: 中間抽象度, 集約的 (dims: [13, 282, 58, 91, 281])",,,,,,,,,,,,,,,,,,,,,,,,,,,,,,,,,,,,
216,cybersecurity,Explainable AI,10,2025-06-18T13:59:07.093452,,,,,,,,,,,,,,,,,,,,,,,,,40.0,1.911033272743225,medical diagnosis,unknown,True,"Episode_40: 中間抽象度, 集約的 (dims: [13, 282, 58, 91, 281])",,,,,,,,,,,,,,,,,,,,,,,,,,,,,,
216,cybersecurity,Explainable AI,10,2025-06-18T13:59:07.093452,,,,,,,,,,,,,,,,,,,,,,,,,,,,,,,50.0,1.911033272743225,medical diagnosis,unknown,True,"Episode_50: 中間抽象度, 集約的 (dims: [13, 282, 58, 91, 281])",,,,,,,,,,,,,,,,,,,,,,,,
216,cybersecurity,Explainable AI,10,2025-06-18T13:59:07.093452,,,,,,,,,,,,,,,,,,,,,,,,,,,,,,,,,,,,,60.0,1.911033272743225,medical diagnosis,unknown,True,"Episode_60: 中間抽象度, 集約的 (dims: [13, 282, 58, 91, 281])",,,,,,,,,,,,,,,,,,
216,cybersecurity,Explainable AI,10,2025-06-18T13:59:07.093452,,,,,,,,,,,,,,,,,,,,,,,,,,,,,,,,,,,,,,,,,,,70.0,1.911033272743225,medical diagnosis,unknown,True,"Episode_70: 中間抽象度, 集約的 (dims: [13, 282, 58, 91, 281])",,,,,,,,,,,,
216,cybersecurity,Explainable AI,10,2025-06-18T13:59:07.093452,,,,,,,,,,,,,,,,,,,,,,,,,,,,,,,,,,,,,,,,,,,,,,,,,80.0,1.911033272743225,medical diagnosis,unknown,True,"Episode_80: 中間抽象度, 集約的 (dims: [13, 282, 58, 91, 281])",,,,,,
216,cybersecurity,Explainable AI,10,2025-06-18T13:59:07.093452,,,,,,,,,,,,,,,,,,,,,,,,,,,,,,,,,,,,,,,,,,,,,,,,,,,,,,,90.0,1.911033272743225,medical diagnosis,unknown,True,"Episode_90: 中間抽象度, 集約的 (dims: [13, 282, 58, 91, 281])"
217,climate modeling,Multimodal Learning,10,2025-06-18T13:59:07.137295,5.0,1.9013603925704956,cybersecurity,unknown,True,"Episode_5: 中間抽象度, 集約的 (dims: [106, 62, 379, 367, 71])",,,,,,,,,,,,,,,,,,,,,,,,,,,,,,,,,,,,,,,,,,,,,,,,,,,,,,
217,climate modeling,Multimodal Learning,10,2025-06-18T13:59:07.137295,,,,,,,15.0,1.9013603925704956,cybersecurity,unknown,True,"Episode_15: 中間抽象度, 集約的 (dims: [106, 62, 379, 367, 71])",,,,,,,,,,,,,,,,,,,,,,,,,,,,,,,,,,,,,,,,,,,,,,,,
217,climate modeling,Multimodal Learning,10,2025-06-18T13:59:07.137295,,,,,,,,,,,,,25.0,1.9013603925704956,cybersecurity,unknown,True,"Episode_25: 中間抽象度, 集約的 (dims: [106, 62, 379, 367, 71])",,,,,,,,,,,,,,,,,,,,,,,,,,,,,,,,,,,,,,,,,,
217,climate modeling,Multimodal Learning,10,2025-06-18T13:59:07.137295,,,,,,,,,,,,,,,,,,,35.0,1.9013603925704956,cybersecurity,unknown,True,"Episode_35: 中間抽象度, 集約的 (dims: [106, 62, 379, 367, 71])",,,,,,,,,,,,,,,,,,,,,,,,,,,,,,,,,,,,
217,climate modeling,Multimodal Learning,10,2025-06-18T13:59:07.137295,,,,,,,,,,,,,,,,,,,,,,,,,45.0,1.9013603925704956,cybersecurity,unknown,True,"Episode_45: 中間抽象度, 集約的 (dims: [106, 62, 379, 367, 71])",,,,,,,,,,,,,,,,,,,,,,,,,,,,,,
217,climate modeling,Multimodal Learning,10,2025-06-18T13:59:07.137295,,,,,,,,,,,,,,,,,,,,,,,,,,,,,,,55.0,1.9013603925704956,cybersecurity,unknown,True,"Episode_55: 中間抽象度, 集約的 (dims: [106, 62, 379, 367, 71])",,,,,,,,,,,,,,,,,,,,,,,,
217,climate modeling,Multimodal Learning,10,2025-06-18T13:59:07.137295,,,,,,,,,,,,,,,,,,,,,,,,,,,,,,,,,,,,,65.0,1.9013603925704956,cybersecurity,unknown,True,"Episode_65: 中間抽象度, 集約的 (dims: [106, 62, 379, 367, 71])",,,,,,,,,,,,,,,,,,
217,climate modeling,Multimodal Learning,10,2025-06-18T13:59:07.137295,,,,,,,,,,,,,,,,,,,,,,,,,,,,,,,,,,,,,,,,,,,75.0,1.9013603925704956,cybersecurity,unknown,True,"Episode_75: 中間抽象度, 集約的 (dims: [106, 62, 379, 367, 71])",,,,,,,,,,,,
217,climate modeling,Multimodal Learning,10,2025-06-18T13:59:07.137295,,,,,,,,,,,,,,,,,,,,,,,,,,,,,,,,,,,,,,,,,,,,,,,,,85.0,1.9013603925704956,cybersecurity,unknown,True,"Episode_85: 中間抽象度, 集約的 (dims: [106, 62, 379, 367, 71])",,,,,,
217,climate modeling,Multimodal Learning,10,2025-06-18T13:59:07.137295,,,,,,,,,,,,,,,,,,,,,,,,,,,,,,,,,,,,,,,,,,,,,,,,,,,,,,,95.0,1.9013603925704956,cybersecurity,unknown,True,"Episode_95: 中間抽象度, 集約的 (dims: [106, 62, 379, 367, 71])"
218,drug discovery,Few-shot Learning,10,2025-06-18T13:59:07.181787,0.0,1.9221811294555664,medical diagnosis,unknown,True,"Episode_0: 中間抽象度, 集約的 (dims: [13, 282, 58, 91, 281])",,,,,,,,,,,,,,,,,,,,,,,,,,,,,,,,,,,,,,,,,,,,,,,,,,,,,,
218,drug discovery,Few-shot Learning,10,2025-06-18T13:59:07.181787,,,,,,,10.0,1.9221811294555664,medical diagnosis,unknown,True,"Episode_10: 中間抽象度, 集約的 (dims: [13, 282, 58, 91, 281])",,,,,,,,,,,,,,,,,,,,,,,,,,,,,,,,,,,,,,,,,,,,,,,,
218,drug discovery,Few-shot Learning,10,2025-06-18T13:59:07.181787,,,,,,,,,,,,,20.0,1.9221811294555664,medical diagnosis,unknown,True,"Episode_20: 中間抽象度, 集約的 (dims: [13, 282, 58, 91, 281])",,,,,,,,,,,,,,,,,,,,,,,,,,,,,,,,,,,,,,,,,,
218,drug discovery,Few-shot Learning,10,2025-06-18T13:59:07.181787,,,,,,,,,,,,,,,,,,,30.0,1.9221811294555664,medical diagnosis,unknown,True,"Episode_30: 中間抽象度, 集約的 (dims: [13, 282, 58, 91, 281])",,,,,,,,,,,,,,,,,,,,,,,,,,,,,,,,,,,,
218,drug discovery,Few-shot Learning,10,2025-06-18T13:59:07.181787,,,,,,,,,,,,,,,,,,,,,,,,,40.0,1.9221811294555664,medical diagnosis,unknown,True,"Episode_40: 中間抽象度, 集約的 (dims: [13, 282, 58, 91, 281])",,,,,,,,,,,,,,,,,,,,,,,,,,,,,,
218,drug discovery,Few-shot Learning,10,2025-06-18T13:59:07.181787,,,,,,,,,,,,,,,,,,,,,,,,,,,,,,,50.0,1.9221811294555664,medical diagnosis,unknown,True,"Episode_50: 中間抽象度, 集約的 (dims: [13, 282, 58, 91, 281])",,,,,,,,,,,,,,,,,,,,,,,,
218,drug discovery,Few-shot Learning,10,2025-06-18T13:59:07.181787,,,,,,,,,,,,,,,,,,,,,,,,,,,,,,,,,,,,,60.0,1.9221811294555664,medical diagnosis,unknown,True,"Episode_60: 中間抽象度, 集約的 (dims: [13, 282, 58, 91, 281])",,,,,,,,,,,,,,,,,,
218,drug discovery,Few-shot Learning,10,2025-06-18T13:59:07.181787,,,,,,,,,,,,,,,,,,,,,,,,,,,,,,,,,,,,,,,,,,,70.0,1.9221811294555664,medical diagnosis,unknown,True,"Episode_70: 中間抽象度, 集約的 (dims: [13, 282, 58, 91, 281])",,,,,,,,,,,,
218,drug discovery,Few-shot Learning,10,2025-06-18T13:59:07.181787,,,,,,,,,,,,,,,,,,,,,,,,,,,,,,,,,,,,,,,,,,,,,,,,,80.0,1.9221811294555664,medical diagnosis,unknown,True,"Episode_80: 中間抽象度, 集約的 (dims: [13, 282, 58, 91, 281])",,,,,,
218,drug discovery,Few-shot Learning,10,2025-06-18T13:59:07.181787,,,,,,,,,,,,,,,,,,,,,,,,,,,,,,,,,,,,,,,,,,,,,,,,,,,,,,,90.0,1.9221811294555664,medical diagnosis,unknown,True,"Episode_90: 中間抽象度, 集約的 (dims: [13, 282, 58, 91, 281])"
219,financial prediction,Transfer Learning,10,2025-06-18T13:59:07.227696,0.0,1.9256962537765503,medical diagnosis,unknown,True,"Episode_0: 中間抽象度, 集約的 (dims: [13, 282, 58, 91, 281])",,,,,,,,,,,,,,,,,,,,,,,,,,,,,,,,,,,,,,,,,,,,,,,,,,,,,,
219,financial prediction,Transfer Learning,10,2025-06-18T13:59:07.227696,,,,,,,10.0,1.9256962537765503,medical diagnosis,unknown,True,"Episode_10: 中間抽象度, 集約的 (dims: [13, 282, 58, 91, 281])",,,,,,,,,,,,,,,,,,,,,,,,,,,,,,,,,,,,,,,,,,,,,,,,
219,financial prediction,Transfer Learning,10,2025-06-18T13:59:07.227696,,,,,,,,,,,,,20.0,1.9256962537765503,medical diagnosis,unknown,True,"Episode_20: 中間抽象度, 集約的 (dims: [13, 282, 58, 91, 281])",,,,,,,,,,,,,,,,,,,,,,,,,,,,,,,,,,,,,,,,,,
219,financial prediction,Transfer Learning,10,2025-06-18T13:59:07.227696,,,,,,,,,,,,,,,,,,,30.0,1.9256962537765503,medical diagnosis,unknown,True,"Episode_30: 中間抽象度, 集約的 (dims: [13, 282, 58, 91, 281])",,,,,,,,,,,,,,,,,,,,,,,,,,,,,,,,,,,,
219,financial prediction,Transfer Learning,10,2025-06-18T13:59:07.227696,,,,,,,,,,,,,,,,,,,,,,,,,40.0,1.9256962537765503,medical diagnosis,unknown,True,"Episode_40: 中間抽象度, 集約的 (dims: [13, 282, 58, 91, 281])",,,,,,,,,,,,,,,,,,,,,,,,,,,,,,
219,financial prediction,Transfer Learning,10,2025-06-18T13:59:07.227696,,,,,,,,,,,,,,,,,,,,,,,,,,,,,,,50.0,1.9256962537765503,medical diagnosis,unknown,True,"Episode_50: 中間抽象度, 集約的 (dims: [13, 282, 58, 91, 281])",,,,,,,,,,,,,,,,,,,,,,,,
219,financial prediction,Transfer Learning,10,2025-06-18T13:59:07.227696,,,,,,,,,,,,,,,,,,,,,,,,,,,,,,,,,,,,,60.0,1.9256962537765503,medical diagnosis,unknown,True,"Episode_60: 中間抽象度, 集約的 (dims: [13, 282, 58, 91, 281])",,,,,,,,,,,,,,,,,,
219,financial prediction,Transfer Learning,10,2025-06-18T13:59:07.227696,,,,,,,,,,,,,,,,,,,,,,,,,,,,,,,,,,,,,,,,,,,70.0,1.9256962537765503,medical diagnosis,unknown,True,"Episode_70: 中間抽象度, 集約的 (dims: [13, 282, 58, 91, 281])",,,,,,,,,,,,
219,financial prediction,Transfer Learning,10,2025-06-18T13:59:07.227696,,,,,,,,,,,,,,,,,,,,,,,,,,,,,,,,,,,,,,,,,,,,,,,,,80.0,1.9256962537765503,medical diagnosis,unknown,True,"Episode_80: 中間抽象度, 集約的 (dims: [13, 282, 58, 91, 281])",,,,,,
219,financial prediction,Transfer Learning,10,2025-06-18T13:59:07.227696,,,,,,,,,,,,,,,,,,,,,,,,,,,,,,,,,,,,,,,,,,,,,,,,,,,,,,,90.0,1.9256962537765503,medical diagnosis,unknown,True,"Episode_90: 中間抽象度, 集約的 (dims: [13, 282, 58, 91, 281])"
220,educational technology,Adversarial Machine Learning,10,2025-06-18T13:59:07.275591,0.0,1.928670048713684,medical diagnosis,unknown,True,"Episode_0: 中間抽象度, 集約的 (dims: [13, 282, 58, 91, 281])",,,,,,,,,,,,,,,,,,,,,,,,,,,,,,,,,,,,,,,,,,,,,,,,,,,,,,
220,educational technology,Adversarial Machine Learning,10,2025-06-18T13:59:07.275591,,,,,,,10.0,1.928670048713684,medical diagnosis,unknown,True,"Episode_10: 中間抽象度, 集約的 (dims: [13, 282, 58, 91, 281])",,,,,,,,,,,,,,,,,,,,,,,,,,,,,,,,,,,,,,,,,,,,,,,,
220,educational technology,Adversarial Machine Learning,10,2025-06-18T13:59:07.275591,,,,,,,,,,,,,20.0,1.928670048713684,medical diagnosis,unknown,True,"Episode_20: 中間抽象度, 集約的 (dims: [13, 282, 58, 91, 281])",,,,,,,,,,,,,,,,,,,,,,,,,,,,,,,,,,,,,,,,,,
220,educational technology,Adversarial Machine Learning,10,2025-06-18T13:59:07.275591,,,,,,,,,,,,,,,,,,,30.0,1.928670048713684,medical diagnosis,unknown,True,"Episode_30: 中間抽象度, 集約的 (dims: [13, 282, 58, 91, 281])",,,,,,,,,,,,,,,,,,,,,,,,,,,,,,,,,,,,
220,educational technology,Adversarial Machine Learning,10,2025-06-18T13:59:07.275591,,,,,,,,,,,,,,,,,,,,,,,,,40.0,1.928670048713684,medical diagnosis,unknown,True,"Episode_40: 中間抽象度, 集約的 (dims: [13, 282, 58, 91, 281])",,,,,,,,,,,,,,,,,,,,,,,,,,,,,,
220,educational technology,Adversarial Machine Learning,10,2025-06-18T13:59:07.275591,,,,,,,,,,,,,,,,,,,,,,,,,,,,,,,50.0,1.928670048713684,medical diagnosis,unknown,True,"Episode_50: 中間抽象度, 集約的 (dims: [13, 282, 58, 91, 281])",,,,,,,,,,,,,,,,,,,,,,,,
220,educational technology,Adversarial Machine Learning,10,2025-06-18T13:59:07.275591,,,,,,,,,,,,,,,,,,,,,,,,,,,,,,,,,,,,,60.0,1.928670048713684,medical diagnosis,unknown,True,"Episode_60: 中間抽象度, 集約的 (dims: [13, 282, 58, 91, 281])",,,,,,,,,,,,,,,,,,
220,educational technology,Adversarial Machine Learning,10,2025-06-18T13:59:07.275591,,,,,,,,,,,,,,,,,,,,,,,,,,,,,,,,,,,,,,,,,,,70.0,1.928670048713684,medical diagnosis,unknown,True,"Episode_70: 中間抽象度, 集約的 (dims: [13, 282, 58, 91, 281])",,,,,,,,,,,,
220,educational technology,Adversarial Machine Learning,10,2025-06-18T13:59:07.275591,,,,,,,,,,,,,,,,,,,,,,,,,,,,,,,,,,,,,,,,,,,,,,,,,80.0,1.928670048713684,medical diagnosis,unknown,True,"Episode_80: 中間抽象度, 集約的 (dims: [13, 282, 58, 91, 281])",,,,,,
220,educational technology,Adversarial Machine Learning,10,2025-06-18T13:59:07.275591,,,,,,,,,,,,,,,,,,,,,,,,,,,,,,,,,,,,,,,,,,,,,,,,,,,,,,,90.0,1.928670048713684,medical diagnosis,unknown,True,"Episode_90: 中間抽象度, 集約的 (dims: [13, 282, 58, 91, 281])"
221,medical diagnosis,Large Language Models,0,2025-06-18T13:59:07.321276,0.0,1.8874430656433105,medical diagnosis,unknown,False,"Episode_0: 中間抽象度, 集約的 (dims: [13, 282, 58, 91, 281])",,,,,,,,,,,,,,,,,,,,,,,,,,,,,,,,,,,,,,,,,,,,,,,,,,,,,,
221,medical diagnosis,Large Language Models,0,2025-06-18T13:59:07.321276,,,,,,,10.0,1.8874430656433105,medical diagnosis,unknown,False,"Episode_10: 中間抽象度, 集約的 (dims: [13, 282, 58, 91, 281])",,,,,,,,,,,,,,,,,,,,,,,,,,,,,,,,,,,,,,,,,,,,,,,,
221,medical diagnosis,Large Language Models,0,2025-06-18T13:59:07.321276,,,,,,,,,,,,,20.0,1.8874430656433105,medical diagnosis,unknown,False,"Episode_20: 中間抽象度, 集約的 (dims: [13, 282, 58, 91, 281])",,,,,,,,,,,,,,,,,,,,,,,,,,,,,,,,,,,,,,,,,,
221,medical diagnosis,Large Language Models,0,2025-06-18T13:59:07.321276,,,,,,,,,,,,,,,,,,,30.0,1.8874430656433105,medical diagnosis,unknown,False,"Episode_30: 中間抽象度, 集約的 (dims: [13, 282, 58, 91, 281])",,,,,,,,,,,,,,,,,,,,,,,,,,,,,,,,,,,,
221,medical diagnosis,Large Language Models,0,2025-06-18T13:59:07.321276,,,,,,,,,,,,,,,,,,,,,,,,,40.0,1.8874430656433105,medical diagnosis,unknown,False,"Episode_40: 中間抽象度, 集約的 (dims: [13, 282, 58, 91, 281])",,,,,,,,,,,,,,,,,,,,,,,,,,,,,,
221,medical diagnosis,Large Language Models,0,2025-06-18T13:59:07.321276,,,,,,,,,,,,,,,,,,,,,,,,,,,,,,,50.0,1.8874430656433105,medical diagnosis,unknown,False,"Episode_50: 中間抽象度, 集約的 (dims: [13, 282, 58, 91, 281])",,,,,,,,,,,,,,,,,,,,,,,,
221,medical diagnosis,Large Language Models,0,2025-06-18T13:59:07.321276,,,,,,,,,,,,,,,,,,,,,,,,,,,,,,,,,,,,,60.0,1.8874430656433105,medical diagnosis,unknown,False,"Episode_60: 中間抽象度, 集約的 (dims: [13, 282, 58, 91, 281])",,,,,,,,,,,,,,,,,,
221,medical diagnosis,Large Language Models,0,2025-06-18T13:59:07.321276,,,,,,,,,,,,,,,,,,,,,,,,,,,,,,,,,,,,,,,,,,,70.0,1.8874430656433105,medical diagnosis,unknown,False,"Episode_70: 中間抽象度, 集約的 (dims: [13, 282, 58, 91, 281])",,,,,,,,,,,,
221,medical diagnosis,Large Language Models,0,2025-06-18T13:59:07.321276,,,,,,,,,,,,,,,,,,,,,,,,,,,,,,,,,,,,,,,,,,,,,,,,,80.0,1.8874430656433105,medical diagnosis,unknown,False,"Episode_80: 中間抽象度, 集約的 (dims: [13, 282, 58, 91, 281])",,,,,,
221,medical diagnosis,Large Language Models,0,2025-06-18T13:59:07.321276,,,,,,,,,,,,,,,,,,,,,,,,,,,,,,,,,,,,,,,,,,,,,,,,,,,,,,,90.0,1.8874430656433105,medical diagnosis,unknown,False,"Episode_90: 中間抽象度, 集約的 (dims: [13, 282, 58, 91, 281])"
222,autonomous systems,Computer Vision,10,2025-06-18T13:59:07.364031,0.0,1.8768787384033203,medical diagnosis,unknown,True,"Episode_0: 中間抽象度, 集約的 (dims: [13, 282, 58, 91, 281])",,,,,,,,,,,,,,,,,,,,,,,,,,,,,,,,,,,,,,,,,,,,,,,,,,,,,,
222,autonomous systems,Computer Vision,10,2025-06-18T13:59:07.364031,,,,,,,10.0,1.8768787384033203,medical diagnosis,unknown,True,"Episode_10: 中間抽象度, 集約的 (dims: [13, 282, 58, 91, 281])",,,,,,,,,,,,,,,,,,,,,,,,,,,,,,,,,,,,,,,,,,,,,,,,
222,autonomous systems,Computer Vision,10,2025-06-18T13:59:07.364031,,,,,,,,,,,,,20.0,1.8768787384033203,medical diagnosis,unknown,True,"Episode_20: 中間抽象度, 集約的 (dims: [13, 282, 58, 91, 281])",,,,,,,,,,,,,,,,,,,,,,,,,,,,,,,,,,,,,,,,,,
222,autonomous systems,Computer Vision,10,2025-06-18T13:59:07.364031,,,,,,,,,,,,,,,,,,,30.0,1.8768787384033203,medical diagnosis,unknown,True,"Episode_30: 中間抽象度, 集約的 (dims: [13, 282, 58, 91, 281])",,,,,,,,,,,,,,,,,,,,,,,,,,,,,,,,,,,,
222,autonomous systems,Computer Vision,10,2025-06-18T13:59:07.364031,,,,,,,,,,,,,,,,,,,,,,,,,40.0,1.8768787384033203,medical diagnosis,unknown,True,"Episode_40: 中間抽象度, 集約的 (dims: [13, 282, 58, 91, 281])",,,,,,,,,,,,,,,,,,,,,,,,,,,,,,
222,autonomous systems,Computer Vision,10,2025-06-18T13:59:07.364031,,,,,,,,,,,,,,,,,,,,,,,,,,,,,,,50.0,1.8768787384033203,medical diagnosis,unknown,True,"Episode_50: 中間抽象度, 集約的 (dims: [13, 282, 58, 91, 281])",,,,,,,,,,,,,,,,,,,,,,,,
222,autonomous systems,Computer Vision,10,2025-06-18T13:59:07.364031,,,,,,,,,,,,,,,,,,,,,,,,,,,,,,,,,,,,,60.0,1.8768787384033203,medical diagnosis,unknown,True,"Episode_60: 中間抽象度, 集約的 (dims: [13, 282, 58, 91, 281])",,,,,,,,,,,,,,,,,,
222,autonomous systems,Computer Vision,10,2025-06-18T13:59:07.364031,,,,,,,,,,,,,,,,,,,,,,,,,,,,,,,,,,,,,,,,,,,70.0,1.8768787384033203,medical diagnosis,unknown,True,"Episode_70: 中間抽象度, 集約的 (dims: [13, 282, 58, 91, 281])",,,,,,,,,,,,
222,autonomous systems,Computer Vision,10,2025-06-18T13:59:07.364031,,,,,,,,,,,,,,,,,,,,,,,,,,,,,,,,,,,,,,,,,,,,,,,,,80.0,1.8768787384033203,medical diagnosis,unknown,True,"Episode_80: 中間抽象度, 集約的 (dims: [13, 282, 58, 91, 281])",,,,,,
222,autonomous systems,Computer Vision,10,2025-06-18T13:59:07.364031,,,,,,,,,,,,,,,,,,,,,,,,,,,,,,,,,,,,,,,,,,,,,,,,,,,,,,,90.0,1.8768787384033203,medical diagnosis,unknown,True,"Episode_90: 中間抽象度, 集約的 (dims: [13, 282, 58, 91, 281])"
223,natural language processing,Reinforcement Learning,10,2025-06-18T13:59:07.407476,5.0,1.8832250833511353,cybersecurity,unknown,True,"Episode_5: 中間抽象度, 集約的 (dims: [106, 62, 379, 367, 71])",,,,,,,,,,,,,,,,,,,,,,,,,,,,,,,,,,,,,,,,,,,,,,,,,,,,,,
223,natural language processing,Reinforcement Learning,10,2025-06-18T13:59:07.407476,,,,,,,15.0,1.8832250833511353,cybersecurity,unknown,True,"Episode_15: 中間抽象度, 集約的 (dims: [106, 62, 379, 367, 71])",,,,,,,,,,,,,,,,,,,,,,,,,,,,,,,,,,,,,,,,,,,,,,,,
223,natural language processing,Reinforcement Learning,10,2025-06-18T13:59:07.407476,,,,,,,,,,,,,25.0,1.8832250833511353,cybersecurity,unknown,True,"Episode_25: 中間抽象度, 集約的 (dims: [106, 62, 379, 367, 71])",,,,,,,,,,,,,,,,,,,,,,,,,,,,,,,,,,,,,,,,,,
223,natural language processing,Reinforcement Learning,10,2025-06-18T13:59:07.407476,,,,,,,,,,,,,,,,,,,35.0,1.8832250833511353,cybersecurity,unknown,True,"Episode_35: 中間抽象度, 集約的 (dims: [106, 62, 379, 367, 71])",,,,,,,,,,,,,,,,,,,,,,,,,,,,,,,,,,,,
223,natural language processing,Reinforcement Learning,10,2025-06-18T13:59:07.407476,,,,,,,,,,,,,,,,,,,,,,,,,45.0,1.8832250833511353,cybersecurity,unknown,True,"Episode_45: 中間抽象度, 集約的 (dims: [106, 62, 379, 367, 71])",,,,,,,,,,,,,,,,,,,,,,,,,,,,,,
223,natural language processing,Reinforcement Learning,10,2025-06-18T13:59:07.407476,,,,,,,,,,,,,,,,,,,,,,,,,,,,,,,55.0,1.8832250833511353,cybersecurity,unknown,True,"Episode_55: 中間抽象度, 集約的 (dims: [106, 62, 379, 367, 71])",,,,,,,,,,,,,,,,,,,,,,,,
223,natural language processing,Reinforcement Learning,10,2025-06-18T13:59:07.407476,,,,,,,,,,,,,,,,,,,,,,,,,,,,,,,,,,,,,65.0,1.8832250833511353,cybersecurity,unknown,True,"Episode_65: 中間抽象度, 集約的 (dims: [106, 62, 379, 367, 71])",,,,,,,,,,,,,,,,,,
223,natural language processing,Reinforcement Learning,10,2025-06-18T13:59:07.407476,,,,,,,,,,,,,,,,,,,,,,,,,,,,,,,,,,,,,,,,,,,75.0,1.8832250833511353,cybersecurity,unknown,True,"Episode_75: 中間抽象度, 集約的 (dims: [106, 62, 379, 367, 71])",,,,,,,,,,,,
223,natural language processing,Reinforcement Learning,10,2025-06-18T13:59:07.407476,,,,,,,,,,,,,,,,,,,,,,,,,,,,,,,,,,,,,,,,,,,,,,,,,85.0,1.8832250833511353,cybersecurity,unknown,True,"Episode_85: 中間抽象度, 集約的 (dims: [106, 62, 379, 367, 71])",,,,,,
223,natural language processing,Reinforcement Learning,10,2025-06-18T13:59:07.407476,,,,,,,,,,,,,,,,,,,,,,,,,,,,,,,,,,,,,,,,,,,,,,,,,,,,,,,95.0,1.8832250833511353,cybersecurity,unknown,True,"Episode_95: 中間抽象度, 集約的 (dims: [106, 62, 379, 367, 71])"
224,computer vision,Graph Neural Networks,10,2025-06-18T13:59:07.451664,0.0,1.894721269607544,medical diagnosis,unknown,True,"Episode_0: 中間抽象度, 集約的 (dims: [13, 282, 58, 91, 281])",,,,,,,,,,,,,,,,,,,,,,,,,,,,,,,,,,,,,,,,,,,,,,,,,,,,,,
224,computer vision,Graph Neural Networks,10,2025-06-18T13:59:07.451664,,,,,,,10.0,1.894721269607544,medical diagnosis,unknown,True,"Episode_10: 中間抽象度, 集約的 (dims: [13, 282, 58, 91, 281])",,,,,,,,,,,,,,,,,,,,,,,,,,,,,,,,,,,,,,,,,,,,,,,,
224,computer vision,Graph Neural Networks,10,2025-06-18T13:59:07.451664,,,,,,,,,,,,,20.0,1.894721269607544,medical diagnosis,unknown,True,"Episode_20: 中間抽象度, 集約的 (dims: [13, 282, 58, 91, 281])",,,,,,,,,,,,,,,,,,,,,,,,,,,,,,,,,,,,,,,,,,
224,computer vision,Graph Neural Networks,10,2025-06-18T13:59:07.451664,,,,,,,,,,,,,,,,,,,30.0,1.894721269607544,medical diagnosis,unknown,True,"Episode_30: 中間抽象度, 集約的 (dims: [13, 282, 58, 91, 281])",,,,,,,,,,,,,,,,,,,,,,,,,,,,,,,,,,,,
224,computer vision,Graph Neural Networks,10,2025-06-18T13:59:07.451664,,,,,,,,,,,,,,,,,,,,,,,,,40.0,1.894721269607544,medical diagnosis,unknown,True,"Episode_40: 中間抽象度, 集約的 (dims: [13, 282, 58, 91, 281])",,,,,,,,,,,,,,,,,,,,,,,,,,,,,,
224,computer vision,Graph Neural Networks,10,2025-06-18T13:59:07.451664,,,,,,,,,,,,,,,,,,,,,,,,,,,,,,,50.0,1.894721269607544,medical diagnosis,unknown,True,"Episode_50: 中間抽象度, 集約的 (dims: [13, 282, 58, 91, 281])",,,,,,,,,,,,,,,,,,,,,,,,
224,computer vision,Graph Neural Networks,10,2025-06-18T13:59:07.451664,,,,,,,,,,,,,,,,,,,,,,,,,,,,,,,,,,,,,60.0,1.894721269607544,medical diagnosis,unknown,True,"Episode_60: 中間抽象度, 集約的 (dims: [13, 282, 58, 91, 281])",,,,,,,,,,,,,,,,,,
224,computer vision,Graph Neural Networks,10,2025-06-18T13:59:07.451664,,,,,,,,,,,,,,,,,,,,,,,,,,,,,,,,,,,,,,,,,,,70.0,1.894721269607544,medical diagnosis,unknown,True,"Episode_70: 中間抽象度, 集約的 (dims: [13, 282, 58, 91, 281])",,,,,,,,,,,,
224,computer vision,Graph Neural Networks,10,2025-06-18T13:59:07.451664,,,,,,,,,,,,,,,,,,,,,,,,,,,,,,,,,,,,,,,,,,,,,,,,,80.0,1.894721269607544,medical diagnosis,unknown,True,"Episode_80: 中間抽象度, 集約的 (dims: [13, 282, 58, 91, 281])",,,,,,
224,computer vision,Graph Neural Networks,10,2025-06-18T13:59:07.451664,,,,,,,,,,,,,,,,,,,,,,,,,,,,,,,,,,,,,,,,,,,,,,,,,,,,,,,90.0,1.894721269607544,medical diagnosis,unknown,True,"Episode_90: 中間抽象度, 集約的 (dims: [13, 282, 58, 91, 281])"
225,robotics,Federated Learning,10,2025-06-18T13:59:07.495301,5.0,1.8728573322296143,cybersecurity,unknown,True,"Episode_5: 中間抽象度, 集約的 (dims: [106, 62, 379, 367, 71])",,,,,,,,,,,,,,,,,,,,,,,,,,,,,,,,,,,,,,,,,,,,,,,,,,,,,,
225,robotics,Federated Learning,10,2025-06-18T13:59:07.495301,,,,,,,15.0,1.8728573322296143,cybersecurity,unknown,True,"Episode_15: 中間抽象度, 集約的 (dims: [106, 62, 379, 367, 71])",,,,,,,,,,,,,,,,,,,,,,,,,,,,,,,,,,,,,,,,,,,,,,,,
225,robotics,Federated Learning,10,2025-06-18T13:59:07.495301,,,,,,,,,,,,,25.0,1.8728573322296143,cybersecurity,unknown,True,"Episode_25: 中間抽象度, 集約的 (dims: [106, 62, 379, 367, 71])",,,,,,,,,,,,,,,,,,,,,,,,,,,,,,,,,,,,,,,,,,
225,robotics,Federated Learning,10,2025-06-18T13:59:07.495301,,,,,,,,,,,,,,,,,,,35.0,1.8728573322296143,cybersecurity,unknown,True,"Episode_35: 中間抽象度, 集約的 (dims: [106, 62, 379, 367, 71])",,,,,,,,,,,,,,,,,,,,,,,,,,,,,,,,,,,,
225,robotics,Federated Learning,10,2025-06-18T13:59:07.495301,,,,,,,,,,,,,,,,,,,,,,,,,45.0,1.8728573322296143,cybersecurity,unknown,True,"Episode_45: 中間抽象度, 集約的 (dims: [106, 62, 379, 367, 71])",,,,,,,,,,,,,,,,,,,,,,,,,,,,,,
225,robotics,Federated Learning,10,2025-06-18T13:59:07.495301,,,,,,,,,,,,,,,,,,,,,,,,,,,,,,,55.0,1.8728573322296143,cybersecurity,unknown,True,"Episode_55: 中間抽象度, 集約的 (dims: [106, 62, 379, 367, 71])",,,,,,,,,,,,,,,,,,,,,,,,
225,robotics,Federated Learning,10,2025-06-18T13:59:07.495301,,,,,,,,,,,,,,,,,,,,,,,,,,,,,,,,,,,,,65.0,1.8728573322296143,cybersecurity,unknown,True,"Episode_65: 中間抽象度, 集約的 (dims: [106, 62, 379, 367, 71])",,,,,,,,,,,,,,,,,,
225,robotics,Federated Learning,10,2025-06-18T13:59:07.495301,,,,,,,,,,,,,,,,,,,,,,,,,,,,,,,,,,,,,,,,,,,75.0,1.8728573322296143,cybersecurity,unknown,True,"Episode_75: 中間抽象度, 集約的 (dims: [106, 62, 379, 367, 71])",,,,,,,,,,,,
225,robotics,Federated Learning,10,2025-06-18T13:59:07.495301,,,,,,,,,,,,,,,,,,,,,,,,,,,,,,,,,,,,,,,,,,,,,,,,,85.0,1.8728573322296143,cybersecurity,unknown,True,"Episode_85: 中間抽象度, 集約的 (dims: [106, 62, 379, 367, 71])",,,,,,
225,robotics,Federated Learning,10,2025-06-18T13:59:07.495301,,,,,,,,,,,,,,,,,,,,,,,,,,,,,,,,,,,,,,,,,,,,,,,,,,,,,,,95.0,1.8728573322296143,cybersecurity,unknown,True,"Episode_95: 中間抽象度, 集約的 (dims: [106, 62, 379, 367, 71])"
226,cybersecurity,Explainable AI,10,2025-06-18T13:59:07.539941,0.0,1.911033272743225,medical diagnosis,unknown,True,"Episode_0: 中間抽象度, 集約的 (dims: [13, 282, 58, 91, 281])",,,,,,,,,,,,,,,,,,,,,,,,,,,,,,,,,,,,,,,,,,,,,,,,,,,,,,
226,cybersecurity,Explainable AI,10,2025-06-18T13:59:07.539941,,,,,,,10.0,1.911033272743225,medical diagnosis,unknown,True,"Episode_10: 中間抽象度, 集約的 (dims: [13, 282, 58, 91, 281])",,,,,,,,,,,,,,,,,,,,,,,,,,,,,,,,,,,,,,,,,,,,,,,,
226,cybersecurity,Explainable AI,10,2025-06-18T13:59:07.539941,,,,,,,,,,,,,20.0,1.911033272743225,medical diagnosis,unknown,True,"Episode_20: 中間抽象度, 集約的 (dims: [13, 282, 58, 91, 281])",,,,,,,,,,,,,,,,,,,,,,,,,,,,,,,,,,,,,,,,,,
226,cybersecurity,Explainable AI,10,2025-06-18T13:59:07.539941,,,,,,,,,,,,,,,,,,,30.0,1.911033272743225,medical diagnosis,unknown,True,"Episode_30: 中間抽象度, 集約的 (dims: [13, 282, 58, 91, 281])",,,,,,,,,,,,,,,,,,,,,,,,,,,,,,,,,,,,
226,cybersecurity,Explainable AI,10,2025-06-18T13:59:07.539941,,,,,,,,,,,,,,,,,,,,,,,,,40.0,1.911033272743225,medical diagnosis,unknown,True,"Episode_40: 中間抽象度, 集約的 (dims: [13, 282, 58, 91, 281])",,,,,,,,,,,,,,,,,,,,,,,,,,,,,,
226,cybersecurity,Explainable AI,10,2025-06-18T13:59:07.539941,,,,,,,,,,,,,,,,,,,,,,,,,,,,,,,50.0,1.911033272743225,medical diagnosis,unknown,True,"Episode_50: 中間抽象度, 集約的 (dims: [13, 282, 58, 91, 281])",,,,,,,,,,,,,,,,,,,,,,,,
226,cybersecurity,Explainable AI,10,2025-06-18T13:59:07.539941,,,,,,,,,,,,,,,,,,,,,,,,,,,,,,,,,,,,,60.0,1.911033272743225,medical diagnosis,unknown,True,"Episode_60: 中間抽象度, 集約的 (dims: [13, 282, 58, 91, 281])",,,,,,,,,,,,,,,,,,
226,cybersecurity,Explainable AI,10,2025-06-18T13:59:07.539941,,,,,,,,,,,,,,,,,,,,,,,,,,,,,,,,,,,,,,,,,,,70.0,1.911033272743225,medical diagnosis,unknown,True,"Episode_70: 中間抽象度, 集約的 (dims: [13, 282, 58, 91, 281])",,,,,,,,,,,,
226,cybersecurity,Explainable AI,10,2025-06-18T13:59:07.539941,,,,,,,,,,,,,,,,,,,,,,,,,,,,,,,,,,,,,,,,,,,,,,,,,80.0,1.911033272743225,medical diagnosis,unknown,True,"Episode_80: 中間抽象度, 集約的 (dims: [13, 282, 58, 91, 281])",,,,,,
226,cybersecurity,Explainable AI,10,2025-06-18T13:59:07.539941,,,,,,,,,,,,,,,,,,,,,,,,,,,,,,,,,,,,,,,,,,,,,,,,,,,,,,,90.0,1.911033272743225,medical diagnosis,unknown,True,"Episode_90: 中間抽象度, 集約的 (dims: [13, 282, 58, 91, 281])"
227,climate modeling,Multimodal Learning,10,2025-06-18T13:59:07.584010,5.0,1.9013603925704956,cybersecurity,unknown,True,"Episode_5: 中間抽象度, 集約的 (dims: [106, 62, 379, 367, 71])",,,,,,,,,,,,,,,,,,,,,,,,,,,,,,,,,,,,,,,,,,,,,,,,,,,,,,
227,climate modeling,Multimodal Learning,10,2025-06-18T13:59:07.584010,,,,,,,15.0,1.9013603925704956,cybersecurity,unknown,True,"Episode_15: 中間抽象度, 集約的 (dims: [106, 62, 379, 367, 71])",,,,,,,,,,,,,,,,,,,,,,,,,,,,,,,,,,,,,,,,,,,,,,,,
227,climate modeling,Multimodal Learning,10,2025-06-18T13:59:07.584010,,,,,,,,,,,,,25.0,1.9013603925704956,cybersecurity,unknown,True,"Episode_25: 中間抽象度, 集約的 (dims: [106, 62, 379, 367, 71])",,,,,,,,,,,,,,,,,,,,,,,,,,,,,,,,,,,,,,,,,,
227,climate modeling,Multimodal Learning,10,2025-06-18T13:59:07.584010,,,,,,,,,,,,,,,,,,,35.0,1.9013603925704956,cybersecurity,unknown,True,"Episode_35: 中間抽象度, 集約的 (dims: [106, 62, 379, 367, 71])",,,,,,,,,,,,,,,,,,,,,,,,,,,,,,,,,,,,
227,climate modeling,Multimodal Learning,10,2025-06-18T13:59:07.584010,,,,,,,,,,,,,,,,,,,,,,,,,45.0,1.9013603925704956,cybersecurity,unknown,True,"Episode_45: 中間抽象度, 集約的 (dims: [106, 62, 379, 367, 71])",,,,,,,,,,,,,,,,,,,,,,,,,,,,,,
227,climate modeling,Multimodal Learning,10,2025-06-18T13:59:07.584010,,,,,,,,,,,,,,,,,,,,,,,,,,,,,,,55.0,1.9013603925704956,cybersecurity,unknown,True,"Episode_55: 中間抽象度, 集約的 (dims: [106, 62, 379, 367, 71])",,,,,,,,,,,,,,,,,,,,,,,,
227,climate modeling,Multimodal Learning,10,2025-06-18T13:59:07.584010,,,,,,,,,,,,,,,,,,,,,,,,,,,,,,,,,,,,,65.0,1.9013603925704956,cybersecurity,unknown,True,"Episode_65: 中間抽象度, 集約的 (dims: [106, 62, 379, 367, 71])",,,,,,,,,,,,,,,,,,
227,climate modeling,Multimodal Learning,10,2025-06-18T13:59:07.584010,,,,,,,,,,,,,,,,,,,,,,,,,,,,,,,,,,,,,,,,,,,75.0,1.9013603925704956,cybersecurity,unknown,True,"Episode_75: 中間抽象度, 集約的 (dims: [106, 62, 379, 367, 71])",,,,,,,,,,,,
227,climate modeling,Multimodal Learning,10,2025-06-18T13:59:07.584010,,,,,,,,,,,,,,,,,,,,,,,,,,,,,,,,,,,,,,,,,,,,,,,,,85.0,1.9013603925704956,cybersecurity,unknown,True,"Episode_85: 中間抽象度, 集約的 (dims: [106, 62, 379, 367, 71])",,,,,,
227,climate modeling,Multimodal Learning,10,2025-06-18T13:59:07.584010,,,,,,,,,,,,,,,,,,,,,,,,,,,,,,,,,,,,,,,,,,,,,,,,,,,,,,,95.0,1.9013603925704956,cybersecurity,unknown,True,"Episode_95: 中間抽象度, 集約的 (dims: [106, 62, 379, 367, 71])"
228,drug discovery,Few-shot Learning,10,2025-06-18T13:59:07.628840,0.0,1.9221811294555664,medical diagnosis,unknown,True,"Episode_0: 中間抽象度, 集約的 (dims: [13, 282, 58, 91, 281])",,,,,,,,,,,,,,,,,,,,,,,,,,,,,,,,,,,,,,,,,,,,,,,,,,,,,,
228,drug discovery,Few-shot Learning,10,2025-06-18T13:59:07.628840,,,,,,,10.0,1.9221811294555664,medical diagnosis,unknown,True,"Episode_10: 中間抽象度, 集約的 (dims: [13, 282, 58, 91, 281])",,,,,,,,,,,,,,,,,,,,,,,,,,,,,,,,,,,,,,,,,,,,,,,,
228,drug discovery,Few-shot Learning,10,2025-06-18T13:59:07.628840,,,,,,,,,,,,,20.0,1.9221811294555664,medical diagnosis,unknown,True,"Episode_20: 中間抽象度, 集約的 (dims: [13, 282, 58, 91, 281])",,,,,,,,,,,,,,,,,,,,,,,,,,,,,,,,,,,,,,,,,,
228,drug discovery,Few-shot Learning,10,2025-06-18T13:59:07.628840,,,,,,,,,,,,,,,,,,,30.0,1.9221811294555664,medical diagnosis,unknown,True,"Episode_30: 中間抽象度, 集約的 (dims: [13, 282, 58, 91, 281])",,,,,,,,,,,,,,,,,,,,,,,,,,,,,,,,,,,,
228,drug discovery,Few-shot Learning,10,2025-06-18T13:59:07.628840,,,,,,,,,,,,,,,,,,,,,,,,,40.0,1.9221811294555664,medical diagnosis,unknown,True,"Episode_40: 中間抽象度, 集約的 (dims: [13, 282, 58, 91, 281])",,,,,,,,,,,,,,,,,,,,,,,,,,,,,,
228,drug discovery,Few-shot Learning,10,2025-06-18T13:59:07.628840,,,,,,,,,,,,,,,,,,,,,,,,,,,,,,,50.0,1.9221811294555664,medical diagnosis,unknown,True,"Episode_50: 中間抽象度, 集約的 (dims: [13, 282, 58, 91, 281])",,,,,,,,,,,,,,,,,,,,,,,,
228,drug discovery,Few-shot Learning,10,2025-06-18T13:59:07.628840,,,,,,,,,,,,,,,,,,,,,,,,,,,,,,,,,,,,,60.0,1.9221811294555664,medical diagnosis,unknown,True,"Episode_60: 中間抽象度, 集約的 (dims: [13, 282, 58, 91, 281])",,,,,,,,,,,,,,,,,,
228,drug discovery,Few-shot Learning,10,2025-06-18T13:59:07.628840,,,,,,,,,,,,,,,,,,,,,,,,,,,,,,,,,,,,,,,,,,,70.0,1.9221811294555664,medical diagnosis,unknown,True,"Episode_70: 中間抽象度, 集約的 (dims: [13, 282, 58, 91, 281])",,,,,,,,,,,,
228,drug discovery,Few-shot Learning,10,2025-06-18T13:59:07.628840,,,,,,,,,,,,,,,,,,,,,,,,,,,,,,,,,,,,,,,,,,,,,,,,,80.0,1.9221811294555664,medical diagnosis,unknown,True,"Episode_80: 中間抽象度, 集約的 (dims: [13, 282, 58, 91, 281])",,,,,,
228,drug discovery,Few-shot Learning,10,2025-06-18T13:59:07.628840,,,,,,,,,,,,,,,,,,,,,,,,,,,,,,,,,,,,,,,,,,,,,,,,,,,,,,,90.0,1.9221811294555664,medical diagnosis,unknown,True,"Episode_90: 中間抽象度, 集約的 (dims: [13, 282, 58, 91, 281])"
229,financial prediction,Transfer Learning,10,2025-06-18T13:59:07.672739,0.0,1.9256962537765503,medical diagnosis,unknown,True,"Episode_0: 中間抽象度, 集約的 (dims: [13, 282, 58, 91, 281])",,,,,,,,,,,,,,,,,,,,,,,,,,,,,,,,,,,,,,,,,,,,,,,,,,,,,,
229,financial prediction,Transfer Learning,10,2025-06-18T13:59:07.672739,,,,,,,10.0,1.9256962537765503,medical diagnosis,unknown,True,"Episode_10: 中間抽象度, 集約的 (dims: [13, 282, 58, 91, 281])",,,,,,,,,,,,,,,,,,,,,,,,,,,,,,,,,,,,,,,,,,,,,,,,
229,financial prediction,Transfer Learning,10,2025-06-18T13:59:07.672739,,,,,,,,,,,,,20.0,1.9256962537765503,medical diagnosis,unknown,True,"Episode_20: 中間抽象度, 集約的 (dims: [13, 282, 58, 91, 281])",,,,,,,,,,,,,,,,,,,,,,,,,,,,,,,,,,,,,,,,,,
229,financial prediction,Transfer Learning,10,2025-06-18T13:59:07.672739,,,,,,,,,,,,,,,,,,,30.0,1.9256962537765503,medical diagnosis,unknown,True,"Episode_30: 中間抽象度, 集約的 (dims: [13, 282, 58, 91, 281])",,,,,,,,,,,,,,,,,,,,,,,,,,,,,,,,,,,,
229,financial prediction,Transfer Learning,10,2025-06-18T13:59:07.672739,,,,,,,,,,,,,,,,,,,,,,,,,40.0,1.9256962537765503,medical diagnosis,unknown,True,"Episode_40: 中間抽象度, 集約的 (dims: [13, 282, 58, 91, 281])",,,,,,,,,,,,,,,,,,,,,,,,,,,,,,
229,financial prediction,Transfer Learning,10,2025-06-18T13:59:07.672739,,,,,,,,,,,,,,,,,,,,,,,,,,,,,,,50.0,1.9256962537765503,medical diagnosis,unknown,True,"Episode_50: 中間抽象度, 集約的 (dims: [13, 282, 58, 91, 281])",,,,,,,,,,,,,,,,,,,,,,,,
229,financial prediction,Transfer Learning,10,2025-06-18T13:59:07.672739,,,,,,,,,,,,,,,,,,,,,,,,,,,,,,,,,,,,,60.0,1.9256962537765503,medical diagnosis,unknown,True,"Episode_60: 中間抽象度, 集約的 (dims: [13, 282, 58, 91, 281])",,,,,,,,,,,,,,,,,,
229,financial prediction,Transfer Learning,10,2025-06-18T13:59:07.672739,,,,,,,,,,,,,,,,,,,,,,,,,,,,,,,,,,,,,,,,,,,70.0,1.9256962537765503,medical diagnosis,unknown,True,"Episode_70: 中間抽象度, 集約的 (dims: [13, 282, 58, 91, 281])",,,,,,,,,,,,
229,financial prediction,Transfer Learning,10,2025-06-18T13:59:07.672739,,,,,,,,,,,,,,,,,,,,,,,,,,,,,,,,,,,,,,,,,,,,,,,,,80.0,1.9256962537765503,medical diagnosis,unknown,True,"Episode_80: 中間抽象度, 集約的 (dims: [13, 282, 58, 91, 281])",,,,,,
229,financial prediction,Transfer Learning,10,2025-06-18T13:59:07.672739,,,,,,,,,,,,,,,,,,,,,,,,,,,,,,,,,,,,,,,,,,,,,,,,,,,,,,,90.0,1.9256962537765503,medical diagnosis,unknown,True,"Episode_90: 中間抽象度, 集約的 (dims: [13, 282, 58, 91, 281])"
230,educational technology,Adversarial Machine Learning,10,2025-06-18T13:59:07.717026,0.0,1.928670048713684,medical diagnosis,unknown,True,"Episode_0: 中間抽象度, 集約的 (dims: [13, 282, 58, 91, 281])",,,,,,,,,,,,,,,,,,,,,,,,,,,,,,,,,,,,,,,,,,,,,,,,,,,,,,
230,educational technology,Adversarial Machine Learning,10,2025-06-18T13:59:07.717026,,,,,,,10.0,1.928670048713684,medical diagnosis,unknown,True,"Episode_10: 中間抽象度, 集約的 (dims: [13, 282, 58, 91, 281])",,,,,,,,,,,,,,,,,,,,,,,,,,,,,,,,,,,,,,,,,,,,,,,,
230,educational technology,Adversarial Machine Learning,10,2025-06-18T13:59:07.717026,,,,,,,,,,,,,20.0,1.928670048713684,medical diagnosis,unknown,True,"Episode_20: 中間抽象度, 集約的 (dims: [13, 282, 58, 91, 281])",,,,,,,,,,,,,,,,,,,,,,,,,,,,,,,,,,,,,,,,,,
230,educational technology,Adversarial Machine Learning,10,2025-06-18T13:59:07.717026,,,,,,,,,,,,,,,,,,,30.0,1.928670048713684,medical diagnosis,unknown,True,"Episode_30: 中間抽象度, 集約的 (dims: [13, 282, 58, 91, 281])",,,,,,,,,,,,,,,,,,,,,,,,,,,,,,,,,,,,
230,educational technology,Adversarial Machine Learning,10,2025-06-18T13:59:07.717026,,,,,,,,,,,,,,,,,,,,,,,,,40.0,1.928670048713684,medical diagnosis,unknown,True,"Episode_40: 中間抽象度, 集約的 (dims: [13, 282, 58, 91, 281])",,,,,,,,,,,,,,,,,,,,,,,,,,,,,,
230,educational technology,Adversarial Machine Learning,10,2025-06-18T13:59:07.717026,,,,,,,,,,,,,,,,,,,,,,,,,,,,,,,50.0,1.928670048713684,medical diagnosis,unknown,True,"Episode_50: 中間抽象度, 集約的 (dims: [13, 282, 58, 91, 281])",,,,,,,,,,,,,,,,,,,,,,,,
230,educational technology,Adversarial Machine Learning,10,2025-06-18T13:59:07.717026,,,,,,,,,,,,,,,,,,,,,,,,,,,,,,,,,,,,,60.0,1.928670048713684,medical diagnosis,unknown,True,"Episode_60: 中間抽象度, 集約的 (dims: [13, 282, 58, 91, 281])",,,,,,,,,,,,,,,,,,
230,educational technology,Adversarial Machine Learning,10,2025-06-18T13:59:07.717026,,,,,,,,,,,,,,,,,,,,,,,,,,,,,,,,,,,,,,,,,,,70.0,1.928670048713684,medical diagnosis,unknown,True,"Episode_70: 中間抽象度, 集約的 (dims: [13, 282, 58, 91, 281])",,,,,,,,,,,,
230,educational technology,Adversarial Machine Learning,10,2025-06-18T13:59:07.717026,,,,,,,,,,,,,,,,,,,,,,,,,,,,,,,,,,,,,,,,,,,,,,,,,80.0,1.928670048713684,medical diagnosis,unknown,True,"Episode_80: 中間抽象度, 集約的 (dims: [13, 282, 58, 91, 281])",,,,,,
230,educational technology,Adversarial Machine Learning,10,2025-06-18T13:59:07.717026,,,,,,,,,,,,,,,,,,,,,,,,,,,,,,,,,,,,,,,,,,,,,,,,,,,,,,,90.0,1.928670048713684,medical diagnosis,unknown,True,"Episode_90: 中間抽象度, 集約的 (dims: [13, 282, 58, 91, 281])"
231,medical diagnosis,Large Language Models,0,2025-06-18T13:59:07.763133,0.0,1.8874430656433105,medical diagnosis,unknown,False,"Episode_0: 中間抽象度, 集約的 (dims: [13, 282, 58, 91, 281])",,,,,,,,,,,,,,,,,,,,,,,,,,,,,,,,,,,,,,,,,,,,,,,,,,,,,,
231,medical diagnosis,Large Language Models,0,2025-06-18T13:59:07.763133,,,,,,,10.0,1.8874430656433105,medical diagnosis,unknown,False,"Episode_10: 中間抽象度, 集約的 (dims: [13, 282, 58, 91, 281])",,,,,,,,,,,,,,,,,,,,,,,,,,,,,,,,,,,,,,,,,,,,,,,,
231,medical diagnosis,Large Language Models,0,2025-06-18T13:59:07.763133,,,,,,,,,,,,,20.0,1.8874430656433105,medical diagnosis,unknown,False,"Episode_20: 中間抽象度, 集約的 (dims: [13, 282, 58, 91, 281])",,,,,,,,,,,,,,,,,,,,,,,,,,,,,,,,,,,,,,,,,,
231,medical diagnosis,Large Language Models,0,2025-06-18T13:59:07.763133,,,,,,,,,,,,,,,,,,,30.0,1.8874430656433105,medical diagnosis,unknown,False,"Episode_30: 中間抽象度, 集約的 (dims: [13, 282, 58, 91, 281])",,,,,,,,,,,,,,,,,,,,,,,,,,,,,,,,,,,,
231,medical diagnosis,Large Language Models,0,2025-06-18T13:59:07.763133,,,,,,,,,,,,,,,,,,,,,,,,,40.0,1.8874430656433105,medical diagnosis,unknown,False,"Episode_40: 中間抽象度, 集約的 (dims: [13, 282, 58, 91, 281])",,,,,,,,,,,,,,,,,,,,,,,,,,,,,,
231,medical diagnosis,Large Language Models,0,2025-06-18T13:59:07.763133,,,,,,,,,,,,,,,,,,,,,,,,,,,,,,,50.0,1.8874430656433105,medical diagnosis,unknown,False,"Episode_50: 中間抽象度, 集約的 (dims: [13, 282, 58, 91, 281])",,,,,,,,,,,,,,,,,,,,,,,,
231,medical diagnosis,Large Language Models,0,2025-06-18T13:59:07.763133,,,,,,,,,,,,,,,,,,,,,,,,,,,,,,,,,,,,,60.0,1.8874430656433105,medical diagnosis,unknown,False,"Episode_60: 中間抽象度, 集約的 (dims: [13, 282, 58, 91, 281])",,,,,,,,,,,,,,,,,,
231,medical diagnosis,Large Language Models,0,2025-06-18T13:59:07.763133,,,,,,,,,,,,,,,,,,,,,,,,,,,,,,,,,,,,,,,,,,,70.0,1.8874430656433105,medical diagnosis,unknown,False,"Episode_70: 中間抽象度, 集約的 (dims: [13, 282, 58, 91, 281])",,,,,,,,,,,,
231,medical diagnosis,Large Language Models,0,2025-06-18T13:59:07.763133,,,,,,,,,,,,,,,,,,,,,,,,,,,,,,,,,,,,,,,,,,,,,,,,,80.0,1.8874430656433105,medical diagnosis,unknown,False,"Episode_80: 中間抽象度, 集約的 (dims: [13, 282, 58, 91, 281])",,,,,,
231,medical diagnosis,Large Language Models,0,2025-06-18T13:59:07.763133,,,,,,,,,,,,,,,,,,,,,,,,,,,,,,,,,,,,,,,,,,,,,,,,,,,,,,,90.0,1.8874430656433105,medical diagnosis,unknown,False,"Episode_90: 中間抽象度, 集約的 (dims: [13, 282, 58, 91, 281])"
232,autonomous systems,Computer Vision,10,2025-06-18T13:59:07.806953,0.0,1.8768787384033203,medical diagnosis,unknown,True,"Episode_0: 中間抽象度, 集約的 (dims: [13, 282, 58, 91, 281])",,,,,,,,,,,,,,,,,,,,,,,,,,,,,,,,,,,,,,,,,,,,,,,,,,,,,,
232,autonomous systems,Computer Vision,10,2025-06-18T13:59:07.806953,,,,,,,10.0,1.8768787384033203,medical diagnosis,unknown,True,"Episode_10: 中間抽象度, 集約的 (dims: [13, 282, 58, 91, 281])",,,,,,,,,,,,,,,,,,,,,,,,,,,,,,,,,,,,,,,,,,,,,,,,
232,autonomous systems,Computer Vision,10,2025-06-18T13:59:07.806953,,,,,,,,,,,,,20.0,1.8768787384033203,medical diagnosis,unknown,True,"Episode_20: 中間抽象度, 集約的 (dims: [13, 282, 58, 91, 281])",,,,,,,,,,,,,,,,,,,,,,,,,,,,,,,,,,,,,,,,,,
232,autonomous systems,Computer Vision,10,2025-06-18T13:59:07.806953,,,,,,,,,,,,,,,,,,,30.0,1.8768787384033203,medical diagnosis,unknown,True,"Episode_30: 中間抽象度, 集約的 (dims: [13, 282, 58, 91, 281])",,,,,,,,,,,,,,,,,,,,,,,,,,,,,,,,,,,,
232,autonomous systems,Computer Vision,10,2025-06-18T13:59:07.806953,,,,,,,,,,,,,,,,,,,,,,,,,40.0,1.8768787384033203,medical diagnosis,unknown,True,"Episode_40: 中間抽象度, 集約的 (dims: [13, 282, 58, 91, 281])",,,,,,,,,,,,,,,,,,,,,,,,,,,,,,
232,autonomous systems,Computer Vision,10,2025-06-18T13:59:07.806953,,,,,,,,,,,,,,,,,,,,,,,,,,,,,,,50.0,1.8768787384033203,medical diagnosis,unknown,True,"Episode_50: 中間抽象度, 集約的 (dims: [13, 282, 58, 91, 281])",,,,,,,,,,,,,,,,,,,,,,,,
232,autonomous systems,Computer Vision,10,2025-06-18T13:59:07.806953,,,,,,,,,,,,,,,,,,,,,,,,,,,,,,,,,,,,,60.0,1.8768787384033203,medical diagnosis,unknown,True,"Episode_60: 中間抽象度, 集約的 (dims: [13, 282, 58, 91, 281])",,,,,,,,,,,,,,,,,,
232,autonomous systems,Computer Vision,10,2025-06-18T13:59:07.806953,,,,,,,,,,,,,,,,,,,,,,,,,,,,,,,,,,,,,,,,,,,70.0,1.8768787384033203,medical diagnosis,unknown,True,"Episode_70: 中間抽象度, 集約的 (dims: [13, 282, 58, 91, 281])",,,,,,,,,,,,
232,autonomous systems,Computer Vision,10,2025-06-18T13:59:07.806953,,,,,,,,,,,,,,,,,,,,,,,,,,,,,,,,,,,,,,,,,,,,,,,,,80.0,1.8768787384033203,medical diagnosis,unknown,True,"Episode_80: 中間抽象度, 集約的 (dims: [13, 282, 58, 91, 281])",,,,,,
232,autonomous systems,Computer Vision,10,2025-06-18T13:59:07.806953,,,,,,,,,,,,,,,,,,,,,,,,,,,,,,,,,,,,,,,,,,,,,,,,,,,,,,,90.0,1.8768787384033203,medical diagnosis,unknown,True,"Episode_90: 中間抽象度, 集約的 (dims: [13, 282, 58, 91, 281])"
233,natural language processing,Reinforcement Learning,10,2025-06-18T13:59:07.849865,5.0,1.8832250833511353,cybersecurity,unknown,True,"Episode_5: 中間抽象度, 集約的 (dims: [106, 62, 379, 367, 71])",,,,,,,,,,,,,,,,,,,,,,,,,,,,,,,,,,,,,,,,,,,,,,,,,,,,,,
233,natural language processing,Reinforcement Learning,10,2025-06-18T13:59:07.849865,,,,,,,15.0,1.8832250833511353,cybersecurity,unknown,True,"Episode_15: 中間抽象度, 集約的 (dims: [106, 62, 379, 367, 71])",,,,,,,,,,,,,,,,,,,,,,,,,,,,,,,,,,,,,,,,,,,,,,,,
233,natural language processing,Reinforcement Learning,10,2025-06-18T13:59:07.849865,,,,,,,,,,,,,25.0,1.8832250833511353,cybersecurity,unknown,True,"Episode_25: 中間抽象度, 集約的 (dims: [106, 62, 379, 367, 71])",,,,,,,,,,,,,,,,,,,,,,,,,,,,,,,,,,,,,,,,,,
233,natural language processing,Reinforcement Learning,10,2025-06-18T13:59:07.849865,,,,,,,,,,,,,,,,,,,35.0,1.8832250833511353,cybersecurity,unknown,True,"Episode_35: 中間抽象度, 集約的 (dims: [106, 62, 379, 367, 71])",,,,,,,,,,,,,,,,,,,,,,,,,,,,,,,,,,,,
233,natural language processing,Reinforcement Learning,10,2025-06-18T13:59:07.849865,,,,,,,,,,,,,,,,,,,,,,,,,45.0,1.8832250833511353,cybersecurity,unknown,True,"Episode_45: 中間抽象度, 集約的 (dims: [106, 62, 379, 367, 71])",,,,,,,,,,,,,,,,,,,,,,,,,,,,,,
233,natural language processing,Reinforcement Learning,10,2025-06-18T13:59:07.849865,,,,,,,,,,,,,,,,,,,,,,,,,,,,,,,55.0,1.8832250833511353,cybersecurity,unknown,True,"Episode_55: 中間抽象度, 集約的 (dims: [106, 62, 379, 367, 71])",,,,,,,,,,,,,,,,,,,,,,,,
233,natural language processing,Reinforcement Learning,10,2025-06-18T13:59:07.849865,,,,,,,,,,,,,,,,,,,,,,,,,,,,,,,,,,,,,65.0,1.8832250833511353,cybersecurity,unknown,True,"Episode_65: 中間抽象度, 集約的 (dims: [106, 62, 379, 367, 71])",,,,,,,,,,,,,,,,,,
233,natural language processing,Reinforcement Learning,10,2025-06-18T13:59:07.849865,,,,,,,,,,,,,,,,,,,,,,,,,,,,,,,,,,,,,,,,,,,75.0,1.8832250833511353,cybersecurity,unknown,True,"Episode_75: 中間抽象度, 集約的 (dims: [106, 62, 379, 367, 71])",,,,,,,,,,,,
233,natural language processing,Reinforcement Learning,10,2025-06-18T13:59:07.849865,,,,,,,,,,,,,,,,,,,,,,,,,,,,,,,,,,,,,,,,,,,,,,,,,85.0,1.8832250833511353,cybersecurity,unknown,True,"Episode_85: 中間抽象度, 集約的 (dims: [106, 62, 379, 367, 71])",,,,,,
233,natural language processing,Reinforcement Learning,10,2025-06-18T13:59:07.849865,,,,,,,,,,,,,,,,,,,,,,,,,,,,,,,,,,,,,,,,,,,,,,,,,,,,,,,95.0,1.8832250833511353,cybersecurity,unknown,True,"Episode_95: 中間抽象度, 集約的 (dims: [106, 62, 379, 367, 71])"
234,computer vision,Graph Neural Networks,10,2025-06-18T13:59:07.893434,0.0,1.894721269607544,medical diagnosis,unknown,True,"Episode_0: 中間抽象度, 集約的 (dims: [13, 282, 58, 91, 281])",,,,,,,,,,,,,,,,,,,,,,,,,,,,,,,,,,,,,,,,,,,,,,,,,,,,,,
234,computer vision,Graph Neural Networks,10,2025-06-18T13:59:07.893434,,,,,,,10.0,1.894721269607544,medical diagnosis,unknown,True,"Episode_10: 中間抽象度, 集約的 (dims: [13, 282, 58, 91, 281])",,,,,,,,,,,,,,,,,,,,,,,,,,,,,,,,,,,,,,,,,,,,,,,,
234,computer vision,Graph Neural Networks,10,2025-06-18T13:59:07.893434,,,,,,,,,,,,,20.0,1.894721269607544,medical diagnosis,unknown,True,"Episode_20: 中間抽象度, 集約的 (dims: [13, 282, 58, 91, 281])",,,,,,,,,,,,,,,,,,,,,,,,,,,,,,,,,,,,,,,,,,
234,computer vision,Graph Neural Networks,10,2025-06-18T13:59:07.893434,,,,,,,,,,,,,,,,,,,30.0,1.894721269607544,medical diagnosis,unknown,True,"Episode_30: 中間抽象度, 集約的 (dims: [13, 282, 58, 91, 281])",,,,,,,,,,,,,,,,,,,,,,,,,,,,,,,,,,,,
234,computer vision,Graph Neural Networks,10,2025-06-18T13:59:07.893434,,,,,,,,,,,,,,,,,,,,,,,,,40.0,1.894721269607544,medical diagnosis,unknown,True,"Episode_40: 中間抽象度, 集約的 (dims: [13, 282, 58, 91, 281])",,,,,,,,,,,,,,,,,,,,,,,,,,,,,,
234,computer vision,Graph Neural Networks,10,2025-06-18T13:59:07.893434,,,,,,,,,,,,,,,,,,,,,,,,,,,,,,,50.0,1.894721269607544,medical diagnosis,unknown,True,"Episode_50: 中間抽象度, 集約的 (dims: [13, 282, 58, 91, 281])",,,,,,,,,,,,,,,,,,,,,,,,
234,computer vision,Graph Neural Networks,10,2025-06-18T13:59:07.893434,,,,,,,,,,,,,,,,,,,,,,,,,,,,,,,,,,,,,60.0,1.894721269607544,medical diagnosis,unknown,True,"Episode_60: 中間抽象度, 集約的 (dims: [13, 282, 58, 91, 281])",,,,,,,,,,,,,,,,,,
234,computer vision,Graph Neural Networks,10,2025-06-18T13:59:07.893434,,,,,,,,,,,,,,,,,,,,,,,,,,,,,,,,,,,,,,,,,,,70.0,1.894721269607544,medical diagnosis,unknown,True,"Episode_70: 中間抽象度, 集約的 (dims: [13, 282, 58, 91, 281])",,,,,,,,,,,,
234,computer vision,Graph Neural Networks,10,2025-06-18T13:59:07.893434,,,,,,,,,,,,,,,,,,,,,,,,,,,,,,,,,,,,,,,,,,,,,,,,,80.0,1.894721269607544,medical diagnosis,unknown,True,"Episode_80: 中間抽象度, 集約的 (dims: [13, 282, 58, 91, 281])",,,,,,
234,computer vision,Graph Neural Networks,10,2025-06-18T13:59:07.893434,,,,,,,,,,,,,,,,,,,,,,,,,,,,,,,,,,,,,,,,,,,,,,,,,,,,,,,90.0,1.894721269607544,medical diagnosis,unknown,True,"Episode_90: 中間抽象度, 集約的 (dims: [13, 282, 58, 91, 281])"
235,robotics,Federated Learning,10,2025-06-18T13:59:07.937382,5.0,1.8728573322296143,cybersecurity,unknown,True,"Episode_5: 中間抽象度, 集約的 (dims: [106, 62, 379, 367, 71])",,,,,,,,,,,,,,,,,,,,,,,,,,,,,,,,,,,,,,,,,,,,,,,,,,,,,,
235,robotics,Federated Learning,10,2025-06-18T13:59:07.937382,,,,,,,15.0,1.8728573322296143,cybersecurity,unknown,True,"Episode_15: 中間抽象度, 集約的 (dims: [106, 62, 379, 367, 71])",,,,,,,,,,,,,,,,,,,,,,,,,,,,,,,,,,,,,,,,,,,,,,,,
235,robotics,Federated Learning,10,2025-06-18T13:59:07.937382,,,,,,,,,,,,,25.0,1.8728573322296143,cybersecurity,unknown,True,"Episode_25: 中間抽象度, 集約的 (dims: [106, 62, 379, 367, 71])",,,,,,,,,,,,,,,,,,,,,,,,,,,,,,,,,,,,,,,,,,
235,robotics,Federated Learning,10,2025-06-18T13:59:07.937382,,,,,,,,,,,,,,,,,,,35.0,1.8728573322296143,cybersecurity,unknown,True,"Episode_35: 中間抽象度, 集約的 (dims: [106, 62, 379, 367, 71])",,,,,,,,,,,,,,,,,,,,,,,,,,,,,,,,,,,,
235,robotics,Federated Learning,10,2025-06-18T13:59:07.937382,,,,,,,,,,,,,,,,,,,,,,,,,45.0,1.8728573322296143,cybersecurity,unknown,True,"Episode_45: 中間抽象度, 集約的 (dims: [106, 62, 379, 367, 71])",,,,,,,,,,,,,,,,,,,,,,,,,,,,,,
235,robotics,Federated Learning,10,2025-06-18T13:59:07.937382,,,,,,,,,,,,,,,,,,,,,,,,,,,,,,,55.0,1.8728573322296143,cybersecurity,unknown,True,"Episode_55: 中間抽象度, 集約的 (dims: [106, 62, 379, 367, 71])",,,,,,,,,,,,,,,,,,,,,,,,
235,robotics,Federated Learning,10,2025-06-18T13:59:07.937382,,,,,,,,,,,,,,,,,,,,,,,,,,,,,,,,,,,,,65.0,1.8728573322296143,cybersecurity,unknown,True,"Episode_65: 中間抽象度, 集約的 (dims: [106, 62, 379, 367, 71])",,,,,,,,,,,,,,,,,,
235,robotics,Federated Learning,10,2025-06-18T13:59:07.937382,,,,,,,,,,,,,,,,,,,,,,,,,,,,,,,,,,,,,,,,,,,75.0,1.8728573322296143,cybersecurity,unknown,True,"Episode_75: 中間抽象度, 集約的 (dims: [106, 62, 379, 367, 71])",,,,,,,,,,,,
235,robotics,Federated Learning,10,2025-06-18T13:59:07.937382,,,,,,,,,,,,,,,,,,,,,,,,,,,,,,,,,,,,,,,,,,,,,,,,,85.0,1.8728573322296143,cybersecurity,unknown,True,"Episode_85: 中間抽象度, 集約的 (dims: [106, 62, 379, 367, 71])",,,,,,
235,robotics,Federated Learning,10,2025-06-18T13:59:07.937382,,,,,,,,,,,,,,,,,,,,,,,,,,,,,,,,,,,,,,,,,,,,,,,,,,,,,,,95.0,1.8728573322296143,cybersecurity,unknown,True,"Episode_95: 中間抽象度, 集約的 (dims: [106, 62, 379, 367, 71])"
236,cybersecurity,Explainable AI,10,2025-06-18T13:59:07.982340,0.0,1.911033272743225,medical diagnosis,unknown,True,"Episode_0: 中間抽象度, 集約的 (dims: [13, 282, 58, 91, 281])",,,,,,,,,,,,,,,,,,,,,,,,,,,,,,,,,,,,,,,,,,,,,,,,,,,,,,
236,cybersecurity,Explainable AI,10,2025-06-18T13:59:07.982340,,,,,,,10.0,1.911033272743225,medical diagnosis,unknown,True,"Episode_10: 中間抽象度, 集約的 (dims: [13, 282, 58, 91, 281])",,,,,,,,,,,,,,,,,,,,,,,,,,,,,,,,,,,,,,,,,,,,,,,,
236,cybersecurity,Explainable AI,10,2025-06-18T13:59:07.982340,,,,,,,,,,,,,20.0,1.911033272743225,medical diagnosis,unknown,True,"Episode_20: 中間抽象度, 集約的 (dims: [13, 282, 58, 91, 281])",,,,,,,,,,,,,,,,,,,,,,,,,,,,,,,,,,,,,,,,,,
236,cybersecurity,Explainable AI,10,2025-06-18T13:59:07.982340,,,,,,,,,,,,,,,,,,,30.0,1.911033272743225,medical diagnosis,unknown,True,"Episode_30: 中間抽象度, 集約的 (dims: [13, 282, 58, 91, 281])",,,,,,,,,,,,,,,,,,,,,,,,,,,,,,,,,,,,
236,cybersecurity,Explainable AI,10,2025-06-18T13:59:07.982340,,,,,,,,,,,,,,,,,,,,,,,,,40.0,1.911033272743225,medical diagnosis,unknown,True,"Episode_40: 中間抽象度, 集約的 (dims: [13, 282, 58, 91, 281])",,,,,,,,,,,,,,,,,,,,,,,,,,,,,,
236,cybersecurity,Explainable AI,10,2025-06-18T13:59:07.982340,,,,,,,,,,,,,,,,,,,,,,,,,,,,,,,50.0,1.911033272743225,medical diagnosis,unknown,True,"Episode_50: 中間抽象度, 集約的 (dims: [13, 282, 58, 91, 281])",,,,,,,,,,,,,,,,,,,,,,,,
236,cybersecurity,Explainable AI,10,2025-06-18T13:59:07.982340,,,,,,,,,,,,,,,,,,,,,,,,,,,,,,,,,,,,,60.0,1.911033272743225,medical diagnosis,unknown,True,"Episode_60: 中間抽象度, 集約的 (dims: [13, 282, 58, 91, 281])",,,,,,,,,,,,,,,,,,
236,cybersecurity,Explainable AI,10,2025-06-18T13:59:07.982340,,,,,,,,,,,,,,,,,,,,,,,,,,,,,,,,,,,,,,,,,,,70.0,1.911033272743225,medical diagnosis,unknown,True,"Episode_70: 中間抽象度, 集約的 (dims: [13, 282, 58, 91, 281])",,,,,,,,,,,,
236,cybersecurity,Explainable AI,10,2025-06-18T13:59:07.982340,,,,,,,,,,,,,,,,,,,,,,,,,,,,,,,,,,,,,,,,,,,,,,,,,80.0,1.911033272743225,medical diagnosis,unknown,True,"Episode_80: 中間抽象度, 集約的 (dims: [13, 282, 58, 91, 281])",,,,,,
236,cybersecurity,Explainable AI,10,2025-06-18T13:59:07.982340,,,,,,,,,,,,,,,,,,,,,,,,,,,,,,,,,,,,,,,,,,,,,,,,,,,,,,,90.0,1.911033272743225,medical diagnosis,unknown,True,"Episode_90: 中間抽象度, 集約的 (dims: [13, 282, 58, 91, 281])"
237,climate modeling,Multimodal Learning,10,2025-06-18T13:59:08.026303,5.0,1.9013603925704956,cybersecurity,unknown,True,"Episode_5: 中間抽象度, 集約的 (dims: [106, 62, 379, 367, 71])",,,,,,,,,,,,,,,,,,,,,,,,,,,,,,,,,,,,,,,,,,,,,,,,,,,,,,
237,climate modeling,Multimodal Learning,10,2025-06-18T13:59:08.026303,,,,,,,15.0,1.9013603925704956,cybersecurity,unknown,True,"Episode_15: 中間抽象度, 集約的 (dims: [106, 62, 379, 367, 71])",,,,,,,,,,,,,,,,,,,,,,,,,,,,,,,,,,,,,,,,,,,,,,,,
237,climate modeling,Multimodal Learning,10,2025-06-18T13:59:08.026303,,,,,,,,,,,,,25.0,1.9013603925704956,cybersecurity,unknown,True,"Episode_25: 中間抽象度, 集約的 (dims: [106, 62, 379, 367, 71])",,,,,,,,,,,,,,,,,,,,,,,,,,,,,,,,,,,,,,,,,,
237,climate modeling,Multimodal Learning,10,2025-06-18T13:59:08.026303,,,,,,,,,,,,,,,,,,,35.0,1.9013603925704956,cybersecurity,unknown,True,"Episode_35: 中間抽象度, 集約的 (dims: [106, 62, 379, 367, 71])",,,,,,,,,,,,,,,,,,,,,,,,,,,,,,,,,,,,
237,climate modeling,Multimodal Learning,10,2025-06-18T13:59:08.026303,,,,,,,,,,,,,,,,,,,,,,,,,45.0,1.9013603925704956,cybersecurity,unknown,True,"Episode_45: 中間抽象度, 集約的 (dims: [106, 62, 379, 367, 71])",,,,,,,,,,,,,,,,,,,,,,,,,,,,,,
237,climate modeling,Multimodal Learning,10,2025-06-18T13:59:08.026303,,,,,,,,,,,,,,,,,,,,,,,,,,,,,,,55.0,1.9013603925704956,cybersecurity,unknown,True,"Episode_55: 中間抽象度, 集約的 (dims: [106, 62, 379, 367, 71])",,,,,,,,,,,,,,,,,,,,,,,,
237,climate modeling,Multimodal Learning,10,2025-06-18T13:59:08.026303,,,,,,,,,,,,,,,,,,,,,,,,,,,,,,,,,,,,,65.0,1.9013603925704956,cybersecurity,unknown,True,"Episode_65: 中間抽象度, 集約的 (dims: [106, 62, 379, 367, 71])",,,,,,,,,,,,,,,,,,
237,climate modeling,Multimodal Learning,10,2025-06-18T13:59:08.026303,,,,,,,,,,,,,,,,,,,,,,,,,,,,,,,,,,,,,,,,,,,75.0,1.9013603925704956,cybersecurity,unknown,True,"Episode_75: 中間抽象度, 集約的 (dims: [106, 62, 379, 367, 71])",,,,,,,,,,,,
237,climate modeling,Multimodal Learning,10,2025-06-18T13:59:08.026303,,,,,,,,,,,,,,,,,,,,,,,,,,,,,,,,,,,,,,,,,,,,,,,,,85.0,1.9013603925704956,cybersecurity,unknown,True,"Episode_85: 中間抽象度, 集約的 (dims: [106, 62, 379, 367, 71])",,,,,,
237,climate modeling,Multimodal Learning,10,2025-06-18T13:59:08.026303,,,,,,,,,,,,,,,,,,,,,,,,,,,,,,,,,,,,,,,,,,,,,,,,,,,,,,,95.0,1.9013603925704956,cybersecurity,unknown,True,"Episode_95: 中間抽象度, 集約的 (dims: [106, 62, 379, 367, 71])"
238,drug discovery,Few-shot Learning,10,2025-06-18T13:59:08.070961,0.0,1.9221811294555664,medical diagnosis,unknown,True,"Episode_0: 中間抽象度, 集約的 (dims: [13, 282, 58, 91, 281])",,,,,,,,,,,,,,,,,,,,,,,,,,,,,,,,,,,,,,,,,,,,,,,,,,,,,,
238,drug discovery,Few-shot Learning,10,2025-06-18T13:59:08.070961,,,,,,,10.0,1.9221811294555664,medical diagnosis,unknown,True,"Episode_10: 中間抽象度, 集約的 (dims: [13, 282, 58, 91, 281])",,,,,,,,,,,,,,,,,,,,,,,,,,,,,,,,,,,,,,,,,,,,,,,,
238,drug discovery,Few-shot Learning,10,2025-06-18T13:59:08.070961,,,,,,,,,,,,,20.0,1.9221811294555664,medical diagnosis,unknown,True,"Episode_20: 中間抽象度, 集約的 (dims: [13, 282, 58, 91, 281])",,,,,,,,,,,,,,,,,,,,,,,,,,,,,,,,,,,,,,,,,,
238,drug discovery,Few-shot Learning,10,2025-06-18T13:59:08.070961,,,,,,,,,,,,,,,,,,,30.0,1.9221811294555664,medical diagnosis,unknown,True,"Episode_30: 中間抽象度, 集約的 (dims: [13, 282, 58, 91, 281])",,,,,,,,,,,,,,,,,,,,,,,,,,,,,,,,,,,,
238,drug discovery,Few-shot Learning,10,2025-06-18T13:59:08.070961,,,,,,,,,,,,,,,,,,,,,,,,,40.0,1.9221811294555664,medical diagnosis,unknown,True,"Episode_40: 中間抽象度, 集約的 (dims: [13, 282, 58, 91, 281])",,,,,,,,,,,,,,,,,,,,,,,,,,,,,,
238,drug discovery,Few-shot Learning,10,2025-06-18T13:59:08.070961,,,,,,,,,,,,,,,,,,,,,,,,,,,,,,,50.0,1.9221811294555664,medical diagnosis,unknown,True,"Episode_50: 中間抽象度, 集約的 (dims: [13, 282, 58, 91, 281])",,,,,,,,,,,,,,,,,,,,,,,,
238,drug discovery,Few-shot Learning,10,2025-06-18T13:59:08.070961,,,,,,,,,,,,,,,,,,,,,,,,,,,,,,,,,,,,,60.0,1.9221811294555664,medical diagnosis,unknown,True,"Episode_60: 中間抽象度, 集約的 (dims: [13, 282, 58, 91, 281])",,,,,,,,,,,,,,,,,,
238,drug discovery,Few-shot Learning,10,2025-06-18T13:59:08.070961,,,,,,,,,,,,,,,,,,,,,,,,,,,,,,,,,,,,,,,,,,,70.0,1.9221811294555664,medical diagnosis,unknown,True,"Episode_70: 中間抽象度, 集約的 (dims: [13, 282, 58, 91, 281])",,,,,,,,,,,,
238,drug discovery,Few-shot Learning,10,2025-06-18T13:59:08.070961,,,,,,,,,,,,,,,,,,,,,,,,,,,,,,,,,,,,,,,,,,,,,,,,,80.0,1.9221811294555664,medical diagnosis,unknown,True,"Episode_80: 中間抽象度, 集約的 (dims: [13, 282, 58, 91, 281])",,,,,,
238,drug discovery,Few-shot Learning,10,2025-06-18T13:59:08.070961,,,,,,,,,,,,,,,,,,,,,,,,,,,,,,,,,,,,,,,,,,,,,,,,,,,,,,,90.0,1.9221811294555664,medical diagnosis,unknown,True,"Episode_90: 中間抽象度, 集約的 (dims: [13, 282, 58, 91, 281])"
239,financial prediction,Transfer Learning,10,2025-06-18T13:59:08.113983,0.0,1.9256962537765503,medical diagnosis,unknown,True,"Episode_0: 中間抽象度, 集約的 (dims: [13, 282, 58, 91, 281])",,,,,,,,,,,,,,,,,,,,,,,,,,,,,,,,,,,,,,,,,,,,,,,,,,,,,,
239,financial prediction,Transfer Learning,10,2025-06-18T13:59:08.113983,,,,,,,10.0,1.9256962537765503,medical diagnosis,unknown,True,"Episode_10: 中間抽象度, 集約的 (dims: [13, 282, 58, 91, 281])",,,,,,,,,,,,,,,,,,,,,,,,,,,,,,,,,,,,,,,,,,,,,,,,
239,financial prediction,Transfer Learning,10,2025-06-18T13:59:08.113983,,,,,,,,,,,,,20.0,1.9256962537765503,medical diagnosis,unknown,True,"Episode_20: 中間抽象度, 集約的 (dims: [13, 282, 58, 91, 281])",,,,,,,,,,,,,,,,,,,,,,,,,,,,,,,,,,,,,,,,,,
239,financial prediction,Transfer Learning,10,2025-06-18T13:59:08.113983,,,,,,,,,,,,,,,,,,,30.0,1.9256962537765503,medical diagnosis,unknown,True,"Episode_30: 中間抽象度, 集約的 (dims: [13, 282, 58, 91, 281])",,,,,,,,,,,,,,,,,,,,,,,,,,,,,,,,,,,,
239,financial prediction,Transfer Learning,10,2025-06-18T13:59:08.113983,,,,,,,,,,,,,,,,,,,,,,,,,40.0,1.9256962537765503,medical diagnosis,unknown,True,"Episode_40: 中間抽象度, 集約的 (dims: [13, 282, 58, 91, 281])",,,,,,,,,,,,,,,,,,,,,,,,,,,,,,
239,financial prediction,Transfer Learning,10,2025-06-18T13:59:08.113983,,,,,,,,,,,,,,,,,,,,,,,,,,,,,,,50.0,1.9256962537765503,medical diagnosis,unknown,True,"Episode_50: 中間抽象度, 集約的 (dims: [13, 282, 58, 91, 281])",,,,,,,,,,,,,,,,,,,,,,,,
239,financial prediction,Transfer Learning,10,2025-06-18T13:59:08.113983,,,,,,,,,,,,,,,,,,,,,,,,,,,,,,,,,,,,,60.0,1.9256962537765503,medical diagnosis,unknown,True,"Episode_60: 中間抽象度, 集約的 (dims: [13, 282, 58, 91, 281])",,,,,,,,,,,,,,,,,,
239,financial prediction,Transfer Learning,10,2025-06-18T13:59:08.113983,,,,,,,,,,,,,,,,,,,,,,,,,,,,,,,,,,,,,,,,,,,70.0,1.9256962537765503,medical diagnosis,unknown,True,"Episode_70: 中間抽象度, 集約的 (dims: [13, 282, 58, 91, 281])",,,,,,,,,,,,
239,financial prediction,Transfer Learning,10,2025-06-18T13:59:08.113983,,,,,,,,,,,,,,,,,,,,,,,,,,,,,,,,,,,,,,,,,,,,,,,,,80.0,1.9256962537765503,medical diagnosis,unknown,True,"Episode_80: 中間抽象度, 集約的 (dims: [13, 282, 58, 91, 281])",,,,,,
239,financial prediction,Transfer Learning,10,2025-06-18T13:59:08.113983,,,,,,,,,,,,,,,,,,,,,,,,,,,,,,,,,,,,,,,,,,,,,,,,,,,,,,,90.0,1.9256962537765503,medical diagnosis,unknown,True,"Episode_90: 中間抽象度, 集約的 (dims: [13, 282, 58, 91, 281])"
240,educational technology,Adversarial Machine Learning,10,2025-06-18T13:59:08.158278,0.0,1.928670048713684,medical diagnosis,unknown,True,"Episode_0: 中間抽象度, 集約的 (dims: [13, 282, 58, 91, 281])",,,,,,,,,,,,,,,,,,,,,,,,,,,,,,,,,,,,,,,,,,,,,,,,,,,,,,
240,educational technology,Adversarial Machine Learning,10,2025-06-18T13:59:08.158278,,,,,,,10.0,1.928670048713684,medical diagnosis,unknown,True,"Episode_10: 中間抽象度, 集約的 (dims: [13, 282, 58, 91, 281])",,,,,,,,,,,,,,,,,,,,,,,,,,,,,,,,,,,,,,,,,,,,,,,,
240,educational technology,Adversarial Machine Learning,10,2025-06-18T13:59:08.158278,,,,,,,,,,,,,20.0,1.928670048713684,medical diagnosis,unknown,True,"Episode_20: 中間抽象度, 集約的 (dims: [13, 282, 58, 91, 281])",,,,,,,,,,,,,,,,,,,,,,,,,,,,,,,,,,,,,,,,,,
240,educational technology,Adversarial Machine Learning,10,2025-06-18T13:59:08.158278,,,,,,,,,,,,,,,,,,,30.0,1.928670048713684,medical diagnosis,unknown,True,"Episode_30: 中間抽象度, 集約的 (dims: [13, 282, 58, 91, 281])",,,,,,,,,,,,,,,,,,,,,,,,,,,,,,,,,,,,
240,educational technology,Adversarial Machine Learning,10,2025-06-18T13:59:08.158278,,,,,,,,,,,,,,,,,,,,,,,,,40.0,1.928670048713684,medical diagnosis,unknown,True,"Episode_40: 中間抽象度, 集約的 (dims: [13, 282, 58, 91, 281])",,,,,,,,,,,,,,,,,,,,,,,,,,,,,,
240,educational technology,Adversarial Machine Learning,10,2025-06-18T13:59:08.158278,,,,,,,,,,,,,,,,,,,,,,,,,,,,,,,50.0,1.928670048713684,medical diagnosis,unknown,True,"Episode_50: 中間抽象度, 集約的 (dims: [13, 282, 58, 91, 281])",,,,,,,,,,,,,,,,,,,,,,,,
240,educational technology,Adversarial Machine Learning,10,2025-06-18T13:59:08.158278,,,,,,,,,,,,,,,,,,,,,,,,,,,,,,,,,,,,,60.0,1.928670048713684,medical diagnosis,unknown,True,"Episode_60: 中間抽象度, 集約的 (dims: [13, 282, 58, 91, 281])",,,,,,,,,,,,,,,,,,
240,educational technology,Adversarial Machine Learning,10,2025-06-18T13:59:08.158278,,,,,,,,,,,,,,,,,,,,,,,,,,,,,,,,,,,,,,,,,,,70.0,1.928670048713684,medical diagnosis,unknown,True,"Episode_70: 中間抽象度, 集約的 (dims: [13, 282, 58, 91, 281])",,,,,,,,,,,,
240,educational technology,Adversarial Machine Learning,10,2025-06-18T13:59:08.158278,,,,,,,,,,,,,,,,,,,,,,,,,,,,,,,,,,,,,,,,,,,,,,,,,80.0,1.928670048713684,medical diagnosis,unknown,True,"Episode_80: 中間抽象度, 集約的 (dims: [13, 282, 58, 91, 281])",,,,,,
240,educational technology,Adversarial Machine Learning,10,2025-06-18T13:59:08.158278,,,,,,,,,,,,,,,,,,,,,,,,,,,,,,,,,,,,,,,,,,,,,,,,,,,,,,,90.0,1.928670048713684,medical diagnosis,unknown,True,"Episode_90: 中間抽象度, 集約的 (dims: [13, 282, 58, 91, 281])"
241,medical diagnosis,Large Language Models,0,2025-06-18T13:59:08.204743,0.0,1.8874430656433105,medical diagnosis,unknown,False,"Episode_0: 中間抽象度, 集約的 (dims: [13, 282, 58, 91, 281])",,,,,,,,,,,,,,,,,,,,,,,,,,,,,,,,,,,,,,,,,,,,,,,,,,,,,,
241,medical diagnosis,Large Language Models,0,2025-06-18T13:59:08.204743,,,,,,,10.0,1.8874430656433105,medical diagnosis,unknown,False,"Episode_10: 中間抽象度, 集約的 (dims: [13, 282, 58, 91, 281])",,,,,,,,,,,,,,,,,,,,,,,,,,,,,,,,,,,,,,,,,,,,,,,,
241,medical diagnosis,Large Language Models,0,2025-06-18T13:59:08.204743,,,,,,,,,,,,,20.0,1.8874430656433105,medical diagnosis,unknown,False,"Episode_20: 中間抽象度, 集約的 (dims: [13, 282, 58, 91, 281])",,,,,,,,,,,,,,,,,,,,,,,,,,,,,,,,,,,,,,,,,,
241,medical diagnosis,Large Language Models,0,2025-06-18T13:59:08.204743,,,,,,,,,,,,,,,,,,,30.0,1.8874430656433105,medical diagnosis,unknown,False,"Episode_30: 中間抽象度, 集約的 (dims: [13, 282, 58, 91, 281])",,,,,,,,,,,,,,,,,,,,,,,,,,,,,,,,,,,,
241,medical diagnosis,Large Language Models,0,2025-06-18T13:59:08.204743,,,,,,,,,,,,,,,,,,,,,,,,,40.0,1.8874430656433105,medical diagnosis,unknown,False,"Episode_40: 中間抽象度, 集約的 (dims: [13, 282, 58, 91, 281])",,,,,,,,,,,,,,,,,,,,,,,,,,,,,,
241,medical diagnosis,Large Language Models,0,2025-06-18T13:59:08.204743,,,,,,,,,,,,,,,,,,,,,,,,,,,,,,,50.0,1.8874430656433105,medical diagnosis,unknown,False,"Episode_50: 中間抽象度, 集約的 (dims: [13, 282, 58, 91, 281])",,,,,,,,,,,,,,,,,,,,,,,,
241,medical diagnosis,Large Language Models,0,2025-06-18T13:59:08.204743,,,,,,,,,,,,,,,,,,,,,,,,,,,,,,,,,,,,,60.0,1.8874430656433105,medical diagnosis,unknown,False,"Episode_60: 中間抽象度, 集約的 (dims: [13, 282, 58, 91, 281])",,,,,,,,,,,,,,,,,,
241,medical diagnosis,Large Language Models,0,2025-06-18T13:59:08.204743,,,,,,,,,,,,,,,,,,,,,,,,,,,,,,,,,,,,,,,,,,,70.0,1.8874430656433105,medical diagnosis,unknown,False,"Episode_70: 中間抽象度, 集約的 (dims: [13, 282, 58, 91, 281])",,,,,,,,,,,,
241,medical diagnosis,Large Language Models,0,2025-06-18T13:59:08.204743,,,,,,,,,,,,,,,,,,,,,,,,,,,,,,,,,,,,,,,,,,,,,,,,,80.0,1.8874430656433105,medical diagnosis,unknown,False,"Episode_80: 中間抽象度, 集約的 (dims: [13, 282, 58, 91, 281])",,,,,,
241,medical diagnosis,Large Language Models,0,2025-06-18T13:59:08.204743,,,,,,,,,,,,,,,,,,,,,,,,,,,,,,,,,,,,,,,,,,,,,,,,,,,,,,,90.0,1.8874430656433105,medical diagnosis,unknown,False,"Episode_90: 中間抽象度, 集約的 (dims: [13, 282, 58, 91, 281])"
242,autonomous systems,Computer Vision,10,2025-06-18T13:59:08.247195,0.0,1.8768787384033203,medical diagnosis,unknown,True,"Episode_0: 中間抽象度, 集約的 (dims: [13, 282, 58, 91, 281])",,,,,,,,,,,,,,,,,,,,,,,,,,,,,,,,,,,,,,,,,,,,,,,,,,,,,,
242,autonomous systems,Computer Vision,10,2025-06-18T13:59:08.247195,,,,,,,10.0,1.8768787384033203,medical diagnosis,unknown,True,"Episode_10: 中間抽象度, 集約的 (dims: [13, 282, 58, 91, 281])",,,,,,,,,,,,,,,,,,,,,,,,,,,,,,,,,,,,,,,,,,,,,,,,
242,autonomous systems,Computer Vision,10,2025-06-18T13:59:08.247195,,,,,,,,,,,,,20.0,1.8768787384033203,medical diagnosis,unknown,True,"Episode_20: 中間抽象度, 集約的 (dims: [13, 282, 58, 91, 281])",,,,,,,,,,,,,,,,,,,,,,,,,,,,,,,,,,,,,,,,,,
242,autonomous systems,Computer Vision,10,2025-06-18T13:59:08.247195,,,,,,,,,,,,,,,,,,,30.0,1.8768787384033203,medical diagnosis,unknown,True,"Episode_30: 中間抽象度, 集約的 (dims: [13, 282, 58, 91, 281])",,,,,,,,,,,,,,,,,,,,,,,,,,,,,,,,,,,,
242,autonomous systems,Computer Vision,10,2025-06-18T13:59:08.247195,,,,,,,,,,,,,,,,,,,,,,,,,40.0,1.8768787384033203,medical diagnosis,unknown,True,"Episode_40: 中間抽象度, 集約的 (dims: [13, 282, 58, 91, 281])",,,,,,,,,,,,,,,,,,,,,,,,,,,,,,
242,autonomous systems,Computer Vision,10,2025-06-18T13:59:08.247195,,,,,,,,,,,,,,,,,,,,,,,,,,,,,,,50.0,1.8768787384033203,medical diagnosis,unknown,True,"Episode_50: 中間抽象度, 集約的 (dims: [13, 282, 58, 91, 281])",,,,,,,,,,,,,,,,,,,,,,,,
242,autonomous systems,Computer Vision,10,2025-06-18T13:59:08.247195,,,,,,,,,,,,,,,,,,,,,,,,,,,,,,,,,,,,,60.0,1.8768787384033203,medical diagnosis,unknown,True,"Episode_60: 中間抽象度, 集約的 (dims: [13, 282, 58, 91, 281])",,,,,,,,,,,,,,,,,,
242,autonomous systems,Computer Vision,10,2025-06-18T13:59:08.247195,,,,,,,,,,,,,,,,,,,,,,,,,,,,,,,,,,,,,,,,,,,70.0,1.8768787384033203,medical diagnosis,unknown,True,"Episode_70: 中間抽象度, 集約的 (dims: [13, 282, 58, 91, 281])",,,,,,,,,,,,
242,autonomous systems,Computer Vision,10,2025-06-18T13:59:08.247195,,,,,,,,,,,,,,,,,,,,,,,,,,,,,,,,,,,,,,,,,,,,,,,,,80.0,1.8768787384033203,medical diagnosis,unknown,True,"Episode_80: 中間抽象度, 集約的 (dims: [13, 282, 58, 91, 281])",,,,,,
242,autonomous systems,Computer Vision,10,2025-06-18T13:59:08.247195,,,,,,,,,,,,,,,,,,,,,,,,,,,,,,,,,,,,,,,,,,,,,,,,,,,,,,,90.0,1.8768787384033203,medical diagnosis,unknown,True,"Episode_90: 中間抽象度, 集約的 (dims: [13, 282, 58, 91, 281])"
243,natural language processing,Reinforcement Learning,10,2025-06-18T13:59:08.290503,5.0,1.8832250833511353,cybersecurity,unknown,True,"Episode_5: 中間抽象度, 集約的 (dims: [106, 62, 379, 367, 71])",,,,,,,,,,,,,,,,,,,,,,,,,,,,,,,,,,,,,,,,,,,,,,,,,,,,,,
243,natural language processing,Reinforcement Learning,10,2025-06-18T13:59:08.290503,,,,,,,15.0,1.8832250833511353,cybersecurity,unknown,True,"Episode_15: 中間抽象度, 集約的 (dims: [106, 62, 379, 367, 71])",,,,,,,,,,,,,,,,,,,,,,,,,,,,,,,,,,,,,,,,,,,,,,,,
243,natural language processing,Reinforcement Learning,10,2025-06-18T13:59:08.290503,,,,,,,,,,,,,25.0,1.8832250833511353,cybersecurity,unknown,True,"Episode_25: 中間抽象度, 集約的 (dims: [106, 62, 379, 367, 71])",,,,,,,,,,,,,,,,,,,,,,,,,,,,,,,,,,,,,,,,,,
243,natural language processing,Reinforcement Learning,10,2025-06-18T13:59:08.290503,,,,,,,,,,,,,,,,,,,35.0,1.8832250833511353,cybersecurity,unknown,True,"Episode_35: 中間抽象度, 集約的 (dims: [106, 62, 379, 367, 71])",,,,,,,,,,,,,,,,,,,,,,,,,,,,,,,,,,,,
243,natural language processing,Reinforcement Learning,10,2025-06-18T13:59:08.290503,,,,,,,,,,,,,,,,,,,,,,,,,45.0,1.8832250833511353,cybersecurity,unknown,True,"Episode_45: 中間抽象度, 集約的 (dims: [106, 62, 379, 367, 71])",,,,,,,,,,,,,,,,,,,,,,,,,,,,,,
243,natural language processing,Reinforcement Learning,10,2025-06-18T13:59:08.290503,,,,,,,,,,,,,,,,,,,,,,,,,,,,,,,55.0,1.8832250833511353,cybersecurity,unknown,True,"Episode_55: 中間抽象度, 集約的 (dims: [106, 62, 379, 367, 71])",,,,,,,,,,,,,,,,,,,,,,,,
243,natural language processing,Reinforcement Learning,10,2025-06-18T13:59:08.290503,,,,,,,,,,,,,,,,,,,,,,,,,,,,,,,,,,,,,65.0,1.8832250833511353,cybersecurity,unknown,True,"Episode_65: 中間抽象度, 集約的 (dims: [106, 62, 379, 367, 71])",,,,,,,,,,,,,,,,,,
243,natural language processing,Reinforcement Learning,10,2025-06-18T13:59:08.290503,,,,,,,,,,,,,,,,,,,,,,,,,,,,,,,,,,,,,,,,,,,75.0,1.8832250833511353,cybersecurity,unknown,True,"Episode_75: 中間抽象度, 集約的 (dims: [106, 62, 379, 367, 71])",,,,,,,,,,,,
243,natural language processing,Reinforcement Learning,10,2025-06-18T13:59:08.290503,,,,,,,,,,,,,,,,,,,,,,,,,,,,,,,,,,,,,,,,,,,,,,,,,85.0,1.8832250833511353,cybersecurity,unknown,True,"Episode_85: 中間抽象度, 集約的 (dims: [106, 62, 379, 367, 71])",,,,,,
243,natural language processing,Reinforcement Learning,10,2025-06-18T13:59:08.290503,,,,,,,,,,,,,,,,,,,,,,,,,,,,,,,,,,,,,,,,,,,,,,,,,,,,,,,95.0,1.8832250833511353,cybersecurity,unknown,True,"Episode_95: 中間抽象度, 集約的 (dims: [106, 62, 379, 367, 71])"
244,computer vision,Graph Neural Networks,10,2025-06-18T13:59:08.333568,0.0,1.894721269607544,medical diagnosis,unknown,True,"Episode_0: 中間抽象度, 集約的 (dims: [13, 282, 58, 91, 281])",,,,,,,,,,,,,,,,,,,,,,,,,,,,,,,,,,,,,,,,,,,,,,,,,,,,,,
244,computer vision,Graph Neural Networks,10,2025-06-18T13:59:08.333568,,,,,,,10.0,1.894721269607544,medical diagnosis,unknown,True,"Episode_10: 中間抽象度, 集約的 (dims: [13, 282, 58, 91, 281])",,,,,,,,,,,,,,,,,,,,,,,,,,,,,,,,,,,,,,,,,,,,,,,,
244,computer vision,Graph Neural Networks,10,2025-06-18T13:59:08.333568,,,,,,,,,,,,,20.0,1.894721269607544,medical diagnosis,unknown,True,"Episode_20: 中間抽象度, 集約的 (dims: [13, 282, 58, 91, 281])",,,,,,,,,,,,,,,,,,,,,,,,,,,,,,,,,,,,,,,,,,
244,computer vision,Graph Neural Networks,10,2025-06-18T13:59:08.333568,,,,,,,,,,,,,,,,,,,30.0,1.894721269607544,medical diagnosis,unknown,True,"Episode_30: 中間抽象度, 集約的 (dims: [13, 282, 58, 91, 281])",,,,,,,,,,,,,,,,,,,,,,,,,,,,,,,,,,,,
244,computer vision,Graph Neural Networks,10,2025-06-18T13:59:08.333568,,,,,,,,,,,,,,,,,,,,,,,,,40.0,1.894721269607544,medical diagnosis,unknown,True,"Episode_40: 中間抽象度, 集約的 (dims: [13, 282, 58, 91, 281])",,,,,,,,,,,,,,,,,,,,,,,,,,,,,,
244,computer vision,Graph Neural Networks,10,2025-06-18T13:59:08.333568,,,,,,,,,,,,,,,,,,,,,,,,,,,,,,,50.0,1.894721269607544,medical diagnosis,unknown,True,"Episode_50: 中間抽象度, 集約的 (dims: [13, 282, 58, 91, 281])",,,,,,,,,,,,,,,,,,,,,,,,
244,computer vision,Graph Neural Networks,10,2025-06-18T13:59:08.333568,,,,,,,,,,,,,,,,,,,,,,,,,,,,,,,,,,,,,60.0,1.894721269607544,medical diagnosis,unknown,True,"Episode_60: 中間抽象度, 集約的 (dims: [13, 282, 58, 91, 281])",,,,,,,,,,,,,,,,,,
244,computer vision,Graph Neural Networks,10,2025-06-18T13:59:08.333568,,,,,,,,,,,,,,,,,,,,,,,,,,,,,,,,,,,,,,,,,,,70.0,1.894721269607544,medical diagnosis,unknown,True,"Episode_70: 中間抽象度, 集約的 (dims: [13, 282, 58, 91, 281])",,,,,,,,,,,,
244,computer vision,Graph Neural Networks,10,2025-06-18T13:59:08.333568,,,,,,,,,,,,,,,,,,,,,,,,,,,,,,,,,,,,,,,,,,,,,,,,,80.0,1.894721269607544,medical diagnosis,unknown,True,"Episode_80: 中間抽象度, 集約的 (dims: [13, 282, 58, 91, 281])",,,,,,
244,computer vision,Graph Neural Networks,10,2025-06-18T13:59:08.333568,,,,,,,,,,,,,,,,,,,,,,,,,,,,,,,,,,,,,,,,,,,,,,,,,,,,,,,90.0,1.894721269607544,medical diagnosis,unknown,True,"Episode_90: 中間抽象度, 集約的 (dims: [13, 282, 58, 91, 281])"
245,robotics,Federated Learning,10,2025-06-18T13:59:08.377870,5.0,1.8728573322296143,cybersecurity,unknown,True,"Episode_5: 中間抽象度, 集約的 (dims: [106, 62, 379, 367, 71])",,,,,,,,,,,,,,,,,,,,,,,,,,,,,,,,,,,,,,,,,,,,,,,,,,,,,,
245,robotics,Federated Learning,10,2025-06-18T13:59:08.377870,,,,,,,15.0,1.8728573322296143,cybersecurity,unknown,True,"Episode_15: 中間抽象度, 集約的 (dims: [106, 62, 379, 367, 71])",,,,,,,,,,,,,,,,,,,,,,,,,,,,,,,,,,,,,,,,,,,,,,,,
245,robotics,Federated Learning,10,2025-06-18T13:59:08.377870,,,,,,,,,,,,,25.0,1.8728573322296143,cybersecurity,unknown,True,"Episode_25: 中間抽象度, 集約的 (dims: [106, 62, 379, 367, 71])",,,,,,,,,,,,,,,,,,,,,,,,,,,,,,,,,,,,,,,,,,
245,robotics,Federated Learning,10,2025-06-18T13:59:08.377870,,,,,,,,,,,,,,,,,,,35.0,1.8728573322296143,cybersecurity,unknown,True,"Episode_35: 中間抽象度, 集約的 (dims: [106, 62, 379, 367, 71])",,,,,,,,,,,,,,,,,,,,,,,,,,,,,,,,,,,,
245,robotics,Federated Learning,10,2025-06-18T13:59:08.377870,,,,,,,,,,,,,,,,,,,,,,,,,45.0,1.8728573322296143,cybersecurity,unknown,True,"Episode_45: 中間抽象度, 集約的 (dims: [106, 62, 379, 367, 71])",,,,,,,,,,,,,,,,,,,,,,,,,,,,,,
245,robotics,Federated Learning,10,2025-06-18T13:59:08.377870,,,,,,,,,,,,,,,,,,,,,,,,,,,,,,,55.0,1.8728573322296143,cybersecurity,unknown,True,"Episode_55: 中間抽象度, 集約的 (dims: [106, 62, 379, 367, 71])",,,,,,,,,,,,,,,,,,,,,,,,
245,robotics,Federated Learning,10,2025-06-18T13:59:08.377870,,,,,,,,,,,,,,,,,,,,,,,,,,,,,,,,,,,,,65.0,1.8728573322296143,cybersecurity,unknown,True,"Episode_65: 中間抽象度, 集約的 (dims: [106, 62, 379, 367, 71])",,,,,,,,,,,,,,,,,,
245,robotics,Federated Learning,10,2025-06-18T13:59:08.377870,,,,,,,,,,,,,,,,,,,,,,,,,,,,,,,,,,,,,,,,,,,75.0,1.8728573322296143,cybersecurity,unknown,True,"Episode_75: 中間抽象度, 集約的 (dims: [106, 62, 379, 367, 71])",,,,,,,,,,,,
245,robotics,Federated Learning,10,2025-06-18T13:59:08.377870,,,,,,,,,,,,,,,,,,,,,,,,,,,,,,,,,,,,,,,,,,,,,,,,,85.0,1.8728573322296143,cybersecurity,unknown,True,"Episode_85: 中間抽象度, 集約的 (dims: [106, 62, 379, 367, 71])",,,,,,
245,robotics,Federated Learning,10,2025-06-18T13:59:08.377870,,,,,,,,,,,,,,,,,,,,,,,,,,,,,,,,,,,,,,,,,,,,,,,,,,,,,,,95.0,1.8728573322296143,cybersecurity,unknown,True,"Episode_95: 中間抽象度, 集約的 (dims: [106, 62, 379, 367, 71])"
246,cybersecurity,Explainable AI,10,2025-06-18T13:59:08.423403,0.0,1.911033272743225,medical diagnosis,unknown,True,"Episode_0: 中間抽象度, 集約的 (dims: [13, 282, 58, 91, 281])",,,,,,,,,,,,,,,,,,,,,,,,,,,,,,,,,,,,,,,,,,,,,,,,,,,,,,
246,cybersecurity,Explainable AI,10,2025-06-18T13:59:08.423403,,,,,,,10.0,1.911033272743225,medical diagnosis,unknown,True,"Episode_10: 中間抽象度, 集約的 (dims: [13, 282, 58, 91, 281])",,,,,,,,,,,,,,,,,,,,,,,,,,,,,,,,,,,,,,,,,,,,,,,,
246,cybersecurity,Explainable AI,10,2025-06-18T13:59:08.423403,,,,,,,,,,,,,20.0,1.911033272743225,medical diagnosis,unknown,True,"Episode_20: 中間抽象度, 集約的 (dims: [13, 282, 58, 91, 281])",,,,,,,,,,,,,,,,,,,,,,,,,,,,,,,,,,,,,,,,,,
246,cybersecurity,Explainable AI,10,2025-06-18T13:59:08.423403,,,,,,,,,,,,,,,,,,,30.0,1.911033272743225,medical diagnosis,unknown,True,"Episode_30: 中間抽象度, 集約的 (dims: [13, 282, 58, 91, 281])",,,,,,,,,,,,,,,,,,,,,,,,,,,,,,,,,,,,
246,cybersecurity,Explainable AI,10,2025-06-18T13:59:08.423403,,,,,,,,,,,,,,,,,,,,,,,,,40.0,1.911033272743225,medical diagnosis,unknown,True,"Episode_40: 中間抽象度, 集約的 (dims: [13, 282, 58, 91, 281])",,,,,,,,,,,,,,,,,,,,,,,,,,,,,,
246,cybersecurity,Explainable AI,10,2025-06-18T13:59:08.423403,,,,,,,,,,,,,,,,,,,,,,,,,,,,,,,50.0,1.911033272743225,medical diagnosis,unknown,True,"Episode_50: 中間抽象度, 集約的 (dims: [13, 282, 58, 91, 281])",,,,,,,,,,,,,,,,,,,,,,,,
246,cybersecurity,Explainable AI,10,2025-06-18T13:59:08.423403,,,,,,,,,,,,,,,,,,,,,,,,,,,,,,,,,,,,,60.0,1.911033272743225,medical diagnosis,unknown,True,"Episode_60: 中間抽象度, 集約的 (dims: [13, 282, 58, 91, 281])",,,,,,,,,,,,,,,,,,
246,cybersecurity,Explainable AI,10,2025-06-18T13:59:08.423403,,,,,,,,,,,,,,,,,,,,,,,,,,,,,,,,,,,,,,,,,,,70.0,1.911033272743225,medical diagnosis,unknown,True,"Episode_70: 中間抽象度, 集約的 (dims: [13, 282, 58, 91, 281])",,,,,,,,,,,,
246,cybersecurity,Explainable AI,10,2025-06-18T13:59:08.423403,,,,,,,,,,,,,,,,,,,,,,,,,,,,,,,,,,,,,,,,,,,,,,,,,80.0,1.911033272743225,medical diagnosis,unknown,True,"Episode_80: 中間抽象度, 集約的 (dims: [13, 282, 58, 91, 281])",,,,,,
246,cybersecurity,Explainable AI,10,2025-06-18T13:59:08.423403,,,,,,,,,,,,,,,,,,,,,,,,,,,,,,,,,,,,,,,,,,,,,,,,,,,,,,,90.0,1.911033272743225,medical diagnosis,unknown,True,"Episode_90: 中間抽象度, 集約的 (dims: [13, 282, 58, 91, 281])"
247,climate modeling,Multimodal Learning,10,2025-06-18T13:59:08.467992,5.0,1.9013603925704956,cybersecurity,unknown,True,"Episode_5: 中間抽象度, 集約的 (dims: [106, 62, 379, 367, 71])",,,,,,,,,,,,,,,,,,,,,,,,,,,,,,,,,,,,,,,,,,,,,,,,,,,,,,
247,climate modeling,Multimodal Learning,10,2025-06-18T13:59:08.467992,,,,,,,15.0,1.9013603925704956,cybersecurity,unknown,True,"Episode_15: 中間抽象度, 集約的 (dims: [106, 62, 379, 367, 71])",,,,,,,,,,,,,,,,,,,,,,,,,,,,,,,,,,,,,,,,,,,,,,,,
247,climate modeling,Multimodal Learning,10,2025-06-18T13:59:08.467992,,,,,,,,,,,,,25.0,1.9013603925704956,cybersecurity,unknown,True,"Episode_25: 中間抽象度, 集約的 (dims: [106, 62, 379, 367, 71])",,,,,,,,,,,,,,,,,,,,,,,,,,,,,,,,,,,,,,,,,,
247,climate modeling,Multimodal Learning,10,2025-06-18T13:59:08.467992,,,,,,,,,,,,,,,,,,,35.0,1.9013603925704956,cybersecurity,unknown,True,"Episode_35: 中間抽象度, 集約的 (dims: [106, 62, 379, 367, 71])",,,,,,,,,,,,,,,,,,,,,,,,,,,,,,,,,,,,
247,climate modeling,Multimodal Learning,10,2025-06-18T13:59:08.467992,,,,,,,,,,,,,,,,,,,,,,,,,45.0,1.9013603925704956,cybersecurity,unknown,True,"Episode_45: 中間抽象度, 集約的 (dims: [106, 62, 379, 367, 71])",,,,,,,,,,,,,,,,,,,,,,,,,,,,,,
247,climate modeling,Multimodal Learning,10,2025-06-18T13:59:08.467992,,,,,,,,,,,,,,,,,,,,,,,,,,,,,,,55.0,1.9013603925704956,cybersecurity,unknown,True,"Episode_55: 中間抽象度, 集約的 (dims: [106, 62, 379, 367, 71])",,,,,,,,,,,,,,,,,,,,,,,,
247,climate modeling,Multimodal Learning,10,2025-06-18T13:59:08.467992,,,,,,,,,,,,,,,,,,,,,,,,,,,,,,,,,,,,,65.0,1.9013603925704956,cybersecurity,unknown,True,"Episode_65: 中間抽象度, 集約的 (dims: [106, 62, 379, 367, 71])",,,,,,,,,,,,,,,,,,
247,climate modeling,Multimodal Learning,10,2025-06-18T13:59:08.467992,,,,,,,,,,,,,,,,,,,,,,,,,,,,,,,,,,,,,,,,,,,75.0,1.9013603925704956,cybersecurity,unknown,True,"Episode_75: 中間抽象度, 集約的 (dims: [106, 62, 379, 367, 71])",,,,,,,,,,,,
247,climate modeling,Multimodal Learning,10,2025-06-18T13:59:08.467992,,,,,,,,,,,,,,,,,,,,,,,,,,,,,,,,,,,,,,,,,,,,,,,,,85.0,1.9013603925704956,cybersecurity,unknown,True,"Episode_85: 中間抽象度, 集約的 (dims: [106, 62, 379, 367, 71])",,,,,,
247,climate modeling,Multimodal Learning,10,2025-06-18T13:59:08.467992,,,,,,,,,,,,,,,,,,,,,,,,,,,,,,,,,,,,,,,,,,,,,,,,,,,,,,,95.0,1.9013603925704956,cybersecurity,unknown,True,"Episode_95: 中間抽象度, 集約的 (dims: [106, 62, 379, 367, 71])"
248,drug discovery,Few-shot Learning,10,2025-06-18T13:59:08.512785,0.0,1.9221811294555664,medical diagnosis,unknown,True,"Episode_0: 中間抽象度, 集約的 (dims: [13, 282, 58, 91, 281])",,,,,,,,,,,,,,,,,,,,,,,,,,,,,,,,,,,,,,,,,,,,,,,,,,,,,,
248,drug discovery,Few-shot Learning,10,2025-06-18T13:59:08.512785,,,,,,,10.0,1.9221811294555664,medical diagnosis,unknown,True,"Episode_10: 中間抽象度, 集約的 (dims: [13, 282, 58, 91, 281])",,,,,,,,,,,,,,,,,,,,,,,,,,,,,,,,,,,,,,,,,,,,,,,,
248,drug discovery,Few-shot Learning,10,2025-06-18T13:59:08.512785,,,,,,,,,,,,,20.0,1.9221811294555664,medical diagnosis,unknown,True,"Episode_20: 中間抽象度, 集約的 (dims: [13, 282, 58, 91, 281])",,,,,,,,,,,,,,,,,,,,,,,,,,,,,,,,,,,,,,,,,,
248,drug discovery,Few-shot Learning,10,2025-06-18T13:59:08.512785,,,,,,,,,,,,,,,,,,,30.0,1.9221811294555664,medical diagnosis,unknown,True,"Episode_30: 中間抽象度, 集約的 (dims: [13, 282, 58, 91, 281])",,,,,,,,,,,,,,,,,,,,,,,,,,,,,,,,,,,,
248,drug discovery,Few-shot Learning,10,2025-06-18T13:59:08.512785,,,,,,,,,,,,,,,,,,,,,,,,,40.0,1.9221811294555664,medical diagnosis,unknown,True,"Episode_40: 中間抽象度, 集約的 (dims: [13, 282, 58, 91, 281])",,,,,,,,,,,,,,,,,,,,,,,,,,,,,,
248,drug discovery,Few-shot Learning,10,2025-06-18T13:59:08.512785,,,,,,,,,,,,,,,,,,,,,,,,,,,,,,,50.0,1.9221811294555664,medical diagnosis,unknown,True,"Episode_50: 中間抽象度, 集約的 (dims: [13, 282, 58, 91, 281])",,,,,,,,,,,,,,,,,,,,,,,,
248,drug discovery,Few-shot Learning,10,2025-06-18T13:59:08.512785,,,,,,,,,,,,,,,,,,,,,,,,,,,,,,,,,,,,,60.0,1.9221811294555664,medical diagnosis,unknown,True,"Episode_60: 中間抽象度, 集約的 (dims: [13, 282, 58, 91, 281])",,,,,,,,,,,,,,,,,,
248,drug discovery,Few-shot Learning,10,2025-06-18T13:59:08.512785,,,,,,,,,,,,,,,,,,,,,,,,,,,,,,,,,,,,,,,,,,,70.0,1.9221811294555664,medical diagnosis,unknown,True,"Episode_70: 中間抽象度, 集約的 (dims: [13, 282, 58, 91, 281])",,,,,,,,,,,,
248,drug discovery,Few-shot Learning,10,2025-06-18T13:59:08.512785,,,,,,,,,,,,,,,,,,,,,,,,,,,,,,,,,,,,,,,,,,,,,,,,,80.0,1.9221811294555664,medical diagnosis,unknown,True,"Episode_80: 中間抽象度, 集約的 (dims: [13, 282, 58, 91, 281])",,,,,,
248,drug discovery,Few-shot Learning,10,2025-06-18T13:59:08.512785,,,,,,,,,,,,,,,,,,,,,,,,,,,,,,,,,,,,,,,,,,,,,,,,,,,,,,,90.0,1.9221811294555664,medical diagnosis,unknown,True,"Episode_90: 中間抽象度, 集約的 (dims: [13, 282, 58, 91, 281])"
249,financial prediction,Transfer Learning,10,2025-06-18T13:59:08.556820,0.0,1.9256962537765503,medical diagnosis,unknown,True,"Episode_0: 中間抽象度, 集約的 (dims: [13, 282, 58, 91, 281])",,,,,,,,,,,,,,,,,,,,,,,,,,,,,,,,,,,,,,,,,,,,,,,,,,,,,,
249,financial prediction,Transfer Learning,10,2025-06-18T13:59:08.556820,,,,,,,10.0,1.9256962537765503,medical diagnosis,unknown,True,"Episode_10: 中間抽象度, 集約的 (dims: [13, 282, 58, 91, 281])",,,,,,,,,,,,,,,,,,,,,,,,,,,,,,,,,,,,,,,,,,,,,,,,
249,financial prediction,Transfer Learning,10,2025-06-18T13:59:08.556820,,,,,,,,,,,,,20.0,1.9256962537765503,medical diagnosis,unknown,True,"Episode_20: 中間抽象度, 集約的 (dims: [13, 282, 58, 91, 281])",,,,,,,,,,,,,,,,,,,,,,,,,,,,,,,,,,,,,,,,,,
249,financial prediction,Transfer Learning,10,2025-06-18T13:59:08.556820,,,,,,,,,,,,,,,,,,,30.0,1.9256962537765503,medical diagnosis,unknown,True,"Episode_30: 中間抽象度, 集約的 (dims: [13, 282, 58, 91, 281])",,,,,,,,,,,,,,,,,,,,,,,,,,,,,,,,,,,,
249,financial prediction,Transfer Learning,10,2025-06-18T13:59:08.556820,,,,,,,,,,,,,,,,,,,,,,,,,40.0,1.9256962537765503,medical diagnosis,unknown,True,"Episode_40: 中間抽象度, 集約的 (dims: [13, 282, 58, 91, 281])",,,,,,,,,,,,,,,,,,,,,,,,,,,,,,
249,financial prediction,Transfer Learning,10,2025-06-18T13:59:08.556820,,,,,,,,,,,,,,,,,,,,,,,,,,,,,,,50.0,1.9256962537765503,medical diagnosis,unknown,True,"Episode_50: 中間抽象度, 集約的 (dims: [13, 282, 58, 91, 281])",,,,,,,,,,,,,,,,,,,,,,,,
249,financial prediction,Transfer Learning,10,2025-06-18T13:59:08.556820,,,,,,,,,,,,,,,,,,,,,,,,,,,,,,,,,,,,,60.0,1.9256962537765503,medical diagnosis,unknown,True,"Episode_60: 中間抽象度, 集約的 (dims: [13, 282, 58, 91, 281])",,,,,,,,,,,,,,,,,,
249,financial prediction,Transfer Learning,10,2025-06-18T13:59:08.556820,,,,,,,,,,,,,,,,,,,,,,,,,,,,,,,,,,,,,,,,,,,70.0,1.9256962537765503,medical diagnosis,unknown,True,"Episode_70: 中間抽象度, 集約的 (dims: [13, 282, 58, 91, 281])",,,,,,,,,,,,
249,financial prediction,Transfer Learning,10,2025-06-18T13:59:08.556820,,,,,,,,,,,,,,,,,,,,,,,,,,,,,,,,,,,,,,,,,,,,,,,,,80.0,1.9256962537765503,medical diagnosis,unknown,True,"Episode_80: 中間抽象度, 集約的 (dims: [13, 282, 58, 91, 281])",,,,,,
249,financial prediction,Transfer Learning,10,2025-06-18T13:59:08.556820,,,,,,,,,,,,,,,,,,,,,,,,,,,,,,,,,,,,,,,,,,,,,,,,,,,,,,,90.0,1.9256962537765503,medical diagnosis,unknown,True,"Episode_90: 中間抽象度, 集約的 (dims: [13, 282, 58, 91, 281])"
250,educational technology,Adversarial Machine Learning,10,2025-06-18T13:59:08.601186,0.0,1.928670048713684,medical diagnosis,unknown,True,"Episode_0: 中間抽象度, 集約的 (dims: [13, 282, 58, 91, 281])",,,,,,,,,,,,,,,,,,,,,,,,,,,,,,,,,,,,,,,,,,,,,,,,,,,,,,
250,educational technology,Adversarial Machine Learning,10,2025-06-18T13:59:08.601186,,,,,,,10.0,1.928670048713684,medical diagnosis,unknown,True,"Episode_10: 中間抽象度, 集約的 (dims: [13, 282, 58, 91, 281])",,,,,,,,,,,,,,,,,,,,,,,,,,,,,,,,,,,,,,,,,,,,,,,,
250,educational technology,Adversarial Machine Learning,10,2025-06-18T13:59:08.601186,,,,,,,,,,,,,20.0,1.928670048713684,medical diagnosis,unknown,True,"Episode_20: 中間抽象度, 集約的 (dims: [13, 282, 58, 91, 281])",,,,,,,,,,,,,,,,,,,,,,,,,,,,,,,,,,,,,,,,,,
250,educational technology,Adversarial Machine Learning,10,2025-06-18T13:59:08.601186,,,,,,,,,,,,,,,,,,,30.0,1.928670048713684,medical diagnosis,unknown,True,"Episode_30: 中間抽象度, 集約的 (dims: [13, 282, 58, 91, 281])",,,,,,,,,,,,,,,,,,,,,,,,,,,,,,,,,,,,
250,educational technology,Adversarial Machine Learning,10,2025-06-18T13:59:08.601186,,,,,,,,,,,,,,,,,,,,,,,,,40.0,1.928670048713684,medical diagnosis,unknown,True,"Episode_40: 中間抽象度, 集約的 (dims: [13, 282, 58, 91, 281])",,,,,,,,,,,,,,,,,,,,,,,,,,,,,,
250,educational technology,Adversarial Machine Learning,10,2025-06-18T13:59:08.601186,,,,,,,,,,,,,,,,,,,,,,,,,,,,,,,50.0,1.928670048713684,medical diagnosis,unknown,True,"Episode_50: 中間抽象度, 集約的 (dims: [13, 282, 58, 91, 281])",,,,,,,,,,,,,,,,,,,,,,,,
250,educational technology,Adversarial Machine Learning,10,2025-06-18T13:59:08.601186,,,,,,,,,,,,,,,,,,,,,,,,,,,,,,,,,,,,,60.0,1.928670048713684,medical diagnosis,unknown,True,"Episode_60: 中間抽象度, 集約的 (dims: [13, 282, 58, 91, 281])",,,,,,,,,,,,,,,,,,
250,educational technology,Adversarial Machine Learning,10,2025-06-18T13:59:08.601186,,,,,,,,,,,,,,,,,,,,,,,,,,,,,,,,,,,,,,,,,,,70.0,1.928670048713684,medical diagnosis,unknown,True,"Episode_70: 中間抽象度, 集約的 (dims: [13, 282, 58, 91, 281])",,,,,,,,,,,,
250,educational technology,Adversarial Machine Learning,10,2025-06-18T13:59:08.601186,,,,,,,,,,,,,,,,,,,,,,,,,,,,,,,,,,,,,,,,,,,,,,,,,80.0,1.928670048713684,medical diagnosis,unknown,True,"Episode_80: 中間抽象度, 集約的 (dims: [13, 282, 58, 91, 281])",,,,,,
250,educational technology,Adversarial Machine Learning,10,2025-06-18T13:59:08.601186,,,,,,,,,,,,,,,,,,,,,,,,,,,,,,,,,,,,,,,,,,,,,,,,,,,,,,,90.0,1.928670048713684,medical diagnosis,unknown,True,"Episode_90: 中間抽象度, 集約的 (dims: [13, 282, 58, 91, 281])"
251,medical diagnosis,Large Language Models,0,2025-06-18T13:59:08.646691,0.0,1.8874430656433105,medical diagnosis,unknown,False,"Episode_0: 中間抽象度, 集約的 (dims: [13, 282, 58, 91, 281])",,,,,,,,,,,,,,,,,,,,,,,,,,,,,,,,,,,,,,,,,,,,,,,,,,,,,,
251,medical diagnosis,Large Language Models,0,2025-06-18T13:59:08.646691,,,,,,,10.0,1.8874430656433105,medical diagnosis,unknown,False,"Episode_10: 中間抽象度, 集約的 (dims: [13, 282, 58, 91, 281])",,,,,,,,,,,,,,,,,,,,,,,,,,,,,,,,,,,,,,,,,,,,,,,,
251,medical diagnosis,Large Language Models,0,2025-06-18T13:59:08.646691,,,,,,,,,,,,,20.0,1.8874430656433105,medical diagnosis,unknown,False,"Episode_20: 中間抽象度, 集約的 (dims: [13, 282, 58, 91, 281])",,,,,,,,,,,,,,,,,,,,,,,,,,,,,,,,,,,,,,,,,,
251,medical diagnosis,Large Language Models,0,2025-06-18T13:59:08.646691,,,,,,,,,,,,,,,,,,,30.0,1.8874430656433105,medical diagnosis,unknown,False,"Episode_30: 中間抽象度, 集約的 (dims: [13, 282, 58, 91, 281])",,,,,,,,,,,,,,,,,,,,,,,,,,,,,,,,,,,,
251,medical diagnosis,Large Language Models,0,2025-06-18T13:59:08.646691,,,,,,,,,,,,,,,,,,,,,,,,,40.0,1.8874430656433105,medical diagnosis,unknown,False,"Episode_40: 中間抽象度, 集約的 (dims: [13, 282, 58, 91, 281])",,,,,,,,,,,,,,,,,,,,,,,,,,,,,,
251,medical diagnosis,Large Language Models,0,2025-06-18T13:59:08.646691,,,,,,,,,,,,,,,,,,,,,,,,,,,,,,,50.0,1.8874430656433105,medical diagnosis,unknown,False,"Episode_50: 中間抽象度, 集約的 (dims: [13, 282, 58, 91, 281])",,,,,,,,,,,,,,,,,,,,,,,,
251,medical diagnosis,Large Language Models,0,2025-06-18T13:59:08.646691,,,,,,,,,,,,,,,,,,,,,,,,,,,,,,,,,,,,,60.0,1.8874430656433105,medical diagnosis,unknown,False,"Episode_60: 中間抽象度, 集約的 (dims: [13, 282, 58, 91, 281])",,,,,,,,,,,,,,,,,,
251,medical diagnosis,Large Language Models,0,2025-06-18T13:59:08.646691,,,,,,,,,,,,,,,,,,,,,,,,,,,,,,,,,,,,,,,,,,,70.0,1.8874430656433105,medical diagnosis,unknown,False,"Episode_70: 中間抽象度, 集約的 (dims: [13, 282, 58, 91, 281])",,,,,,,,,,,,
251,medical diagnosis,Large Language Models,0,2025-06-18T13:59:08.646691,,,,,,,,,,,,,,,,,,,,,,,,,,,,,,,,,,,,,,,,,,,,,,,,,80.0,1.8874430656433105,medical diagnosis,unknown,False,"Episode_80: 中間抽象度, 集約的 (dims: [13, 282, 58, 91, 281])",,,,,,
251,medical diagnosis,Large Language Models,0,2025-06-18T13:59:08.646691,,,,,,,,,,,,,,,,,,,,,,,,,,,,,,,,,,,,,,,,,,,,,,,,,,,,,,,90.0,1.8874430656433105,medical diagnosis,unknown,False,"Episode_90: 中間抽象度, 集約的 (dims: [13, 282, 58, 91, 281])"
252,autonomous systems,Computer Vision,10,2025-06-18T13:59:08.689730,0.0,1.8768787384033203,medical diagnosis,unknown,True,"Episode_0: 中間抽象度, 集約的 (dims: [13, 282, 58, 91, 281])",,,,,,,,,,,,,,,,,,,,,,,,,,,,,,,,,,,,,,,,,,,,,,,,,,,,,,
252,autonomous systems,Computer Vision,10,2025-06-18T13:59:08.689730,,,,,,,10.0,1.8768787384033203,medical diagnosis,unknown,True,"Episode_10: 中間抽象度, 集約的 (dims: [13, 282, 58, 91, 281])",,,,,,,,,,,,,,,,,,,,,,,,,,,,,,,,,,,,,,,,,,,,,,,,
252,autonomous systems,Computer Vision,10,2025-06-18T13:59:08.689730,,,,,,,,,,,,,20.0,1.8768787384033203,medical diagnosis,unknown,True,"Episode_20: 中間抽象度, 集約的 (dims: [13, 282, 58, 91, 281])",,,,,,,,,,,,,,,,,,,,,,,,,,,,,,,,,,,,,,,,,,
252,autonomous systems,Computer Vision,10,2025-06-18T13:59:08.689730,,,,,,,,,,,,,,,,,,,30.0,1.8768787384033203,medical diagnosis,unknown,True,"Episode_30: 中間抽象度, 集約的 (dims: [13, 282, 58, 91, 281])",,,,,,,,,,,,,,,,,,,,,,,,,,,,,,,,,,,,
252,autonomous systems,Computer Vision,10,2025-06-18T13:59:08.689730,,,,,,,,,,,,,,,,,,,,,,,,,40.0,1.8768787384033203,medical diagnosis,unknown,True,"Episode_40: 中間抽象度, 集約的 (dims: [13, 282, 58, 91, 281])",,,,,,,,,,,,,,,,,,,,,,,,,,,,,,
252,autonomous systems,Computer Vision,10,2025-06-18T13:59:08.689730,,,,,,,,,,,,,,,,,,,,,,,,,,,,,,,50.0,1.8768787384033203,medical diagnosis,unknown,True,"Episode_50: 中間抽象度, 集約的 (dims: [13, 282, 58, 91, 281])",,,,,,,,,,,,,,,,,,,,,,,,
252,autonomous systems,Computer Vision,10,2025-06-18T13:59:08.689730,,,,,,,,,,,,,,,,,,,,,,,,,,,,,,,,,,,,,60.0,1.8768787384033203,medical diagnosis,unknown,True,"Episode_60: 中間抽象度, 集約的 (dims: [13, 282, 58, 91, 281])",,,,,,,,,,,,,,,,,,
252,autonomous systems,Computer Vision,10,2025-06-18T13:59:08.689730,,,,,,,,,,,,,,,,,,,,,,,,,,,,,,,,,,,,,,,,,,,70.0,1.8768787384033203,medical diagnosis,unknown,True,"Episode_70: 中間抽象度, 集約的 (dims: [13, 282, 58, 91, 281])",,,,,,,,,,,,
252,autonomous systems,Computer Vision,10,2025-06-18T13:59:08.689730,,,,,,,,,,,,,,,,,,,,,,,,,,,,,,,,,,,,,,,,,,,,,,,,,80.0,1.8768787384033203,medical diagnosis,unknown,True,"Episode_80: 中間抽象度, 集約的 (dims: [13, 282, 58, 91, 281])",,,,,,
252,autonomous systems,Computer Vision,10,2025-06-18T13:59:08.689730,,,,,,,,,,,,,,,,,,,,,,,,,,,,,,,,,,,,,,,,,,,,,,,,,,,,,,,90.0,1.8768787384033203,medical diagnosis,unknown,True,"Episode_90: 中間抽象度, 集約的 (dims: [13, 282, 58, 91, 281])"
253,natural language processing,Reinforcement Learning,10,2025-06-18T13:59:08.732668,5.0,1.8832250833511353,cybersecurity,unknown,True,"Episode_5: 中間抽象度, 集約的 (dims: [106, 62, 379, 367, 71])",,,,,,,,,,,,,,,,,,,,,,,,,,,,,,,,,,,,,,,,,,,,,,,,,,,,,,
253,natural language processing,Reinforcement Learning,10,2025-06-18T13:59:08.732668,,,,,,,15.0,1.8832250833511353,cybersecurity,unknown,True,"Episode_15: 中間抽象度, 集約的 (dims: [106, 62, 379, 367, 71])",,,,,,,,,,,,,,,,,,,,,,,,,,,,,,,,,,,,,,,,,,,,,,,,
253,natural language processing,Reinforcement Learning,10,2025-06-18T13:59:08.732668,,,,,,,,,,,,,25.0,1.8832250833511353,cybersecurity,unknown,True,"Episode_25: 中間抽象度, 集約的 (dims: [106, 62, 379, 367, 71])",,,,,,,,,,,,,,,,,,,,,,,,,,,,,,,,,,,,,,,,,,
253,natural language processing,Reinforcement Learning,10,2025-06-18T13:59:08.732668,,,,,,,,,,,,,,,,,,,35.0,1.8832250833511353,cybersecurity,unknown,True,"Episode_35: 中間抽象度, 集約的 (dims: [106, 62, 379, 367, 71])",,,,,,,,,,,,,,,,,,,,,,,,,,,,,,,,,,,,
253,natural language processing,Reinforcement Learning,10,2025-06-18T13:59:08.732668,,,,,,,,,,,,,,,,,,,,,,,,,45.0,1.8832250833511353,cybersecurity,unknown,True,"Episode_45: 中間抽象度, 集約的 (dims: [106, 62, 379, 367, 71])",,,,,,,,,,,,,,,,,,,,,,,,,,,,,,
253,natural language processing,Reinforcement Learning,10,2025-06-18T13:59:08.732668,,,,,,,,,,,,,,,,,,,,,,,,,,,,,,,55.0,1.8832250833511353,cybersecurity,unknown,True,"Episode_55: 中間抽象度, 集約的 (dims: [106, 62, 379, 367, 71])",,,,,,,,,,,,,,,,,,,,,,,,
253,natural language processing,Reinforcement Learning,10,2025-06-18T13:59:08.732668,,,,,,,,,,,,,,,,,,,,,,,,,,,,,,,,,,,,,65.0,1.8832250833511353,cybersecurity,unknown,True,"Episode_65: 中間抽象度, 集約的 (dims: [106, 62, 379, 367, 71])",,,,,,,,,,,,,,,,,,
253,natural language processing,Reinforcement Learning,10,2025-06-18T13:59:08.732668,,,,,,,,,,,,,,,,,,,,,,,,,,,,,,,,,,,,,,,,,,,75.0,1.8832250833511353,cybersecurity,unknown,True,"Episode_75: 中間抽象度, 集約的 (dims: [106, 62, 379, 367, 71])",,,,,,,,,,,,
253,natural language processing,Reinforcement Learning,10,2025-06-18T13:59:08.732668,,,,,,,,,,,,,,,,,,,,,,,,,,,,,,,,,,,,,,,,,,,,,,,,,85.0,1.8832250833511353,cybersecurity,unknown,True,"Episode_85: 中間抽象度, 集約的 (dims: [106, 62, 379, 367, 71])",,,,,,
253,natural language processing,Reinforcement Learning,10,2025-06-18T13:59:08.732668,,,,,,,,,,,,,,,,,,,,,,,,,,,,,,,,,,,,,,,,,,,,,,,,,,,,,,,95.0,1.8832250833511353,cybersecurity,unknown,True,"Episode_95: 中間抽象度, 集約的 (dims: [106, 62, 379, 367, 71])"
254,computer vision,Graph Neural Networks,10,2025-06-18T13:59:08.776169,0.0,1.894721269607544,medical diagnosis,unknown,True,"Episode_0: 中間抽象度, 集約的 (dims: [13, 282, 58, 91, 281])",,,,,,,,,,,,,,,,,,,,,,,,,,,,,,,,,,,,,,,,,,,,,,,,,,,,,,
254,computer vision,Graph Neural Networks,10,2025-06-18T13:59:08.776169,,,,,,,10.0,1.894721269607544,medical diagnosis,unknown,True,"Episode_10: 中間抽象度, 集約的 (dims: [13, 282, 58, 91, 281])",,,,,,,,,,,,,,,,,,,,,,,,,,,,,,,,,,,,,,,,,,,,,,,,
254,computer vision,Graph Neural Networks,10,2025-06-18T13:59:08.776169,,,,,,,,,,,,,20.0,1.894721269607544,medical diagnosis,unknown,True,"Episode_20: 中間抽象度, 集約的 (dims: [13, 282, 58, 91, 281])",,,,,,,,,,,,,,,,,,,,,,,,,,,,,,,,,,,,,,,,,,
254,computer vision,Graph Neural Networks,10,2025-06-18T13:59:08.776169,,,,,,,,,,,,,,,,,,,30.0,1.894721269607544,medical diagnosis,unknown,True,"Episode_30: 中間抽象度, 集約的 (dims: [13, 282, 58, 91, 281])",,,,,,,,,,,,,,,,,,,,,,,,,,,,,,,,,,,,
254,computer vision,Graph Neural Networks,10,2025-06-18T13:59:08.776169,,,,,,,,,,,,,,,,,,,,,,,,,40.0,1.894721269607544,medical diagnosis,unknown,True,"Episode_40: 中間抽象度, 集約的 (dims: [13, 282, 58, 91, 281])",,,,,,,,,,,,,,,,,,,,,,,,,,,,,,
254,computer vision,Graph Neural Networks,10,2025-06-18T13:59:08.776169,,,,,,,,,,,,,,,,,,,,,,,,,,,,,,,50.0,1.894721269607544,medical diagnosis,unknown,True,"Episode_50: 中間抽象度, 集約的 (dims: [13, 282, 58, 91, 281])",,,,,,,,,,,,,,,,,,,,,,,,
254,computer vision,Graph Neural Networks,10,2025-06-18T13:59:08.776169,,,,,,,,,,,,,,,,,,,,,,,,,,,,,,,,,,,,,60.0,1.894721269607544,medical diagnosis,unknown,True,"Episode_60: 中間抽象度, 集約的 (dims: [13, 282, 58, 91, 281])",,,,,,,,,,,,,,,,,,
254,computer vision,Graph Neural Networks,10,2025-06-18T13:59:08.776169,,,,,,,,,,,,,,,,,,,,,,,,,,,,,,,,,,,,,,,,,,,70.0,1.894721269607544,medical diagnosis,unknown,True,"Episode_70: 中間抽象度, 集約的 (dims: [13, 282, 58, 91, 281])",,,,,,,,,,,,
254,computer vision,Graph Neural Networks,10,2025-06-18T13:59:08.776169,,,,,,,,,,,,,,,,,,,,,,,,,,,,,,,,,,,,,,,,,,,,,,,,,80.0,1.894721269607544,medical diagnosis,unknown,True,"Episode_80: 中間抽象度, 集約的 (dims: [13, 282, 58, 91, 281])",,,,,,
254,computer vision,Graph Neural Networks,10,2025-06-18T13:59:08.776169,,,,,,,,,,,,,,,,,,,,,,,,,,,,,,,,,,,,,,,,,,,,,,,,,,,,,,,90.0,1.894721269607544,medical diagnosis,unknown,True,"Episode_90: 中間抽象度, 集約的 (dims: [13, 282, 58, 91, 281])"
255,robotics,Federated Learning,10,2025-06-18T13:59:08.819587,5.0,1.8728573322296143,cybersecurity,unknown,True,"Episode_5: 中間抽象度, 集約的 (dims: [106, 62, 379, 367, 71])",,,,,,,,,,,,,,,,,,,,,,,,,,,,,,,,,,,,,,,,,,,,,,,,,,,,,,
255,robotics,Federated Learning,10,2025-06-18T13:59:08.819587,,,,,,,15.0,1.8728573322296143,cybersecurity,unknown,True,"Episode_15: 中間抽象度, 集約的 (dims: [106, 62, 379, 367, 71])",,,,,,,,,,,,,,,,,,,,,,,,,,,,,,,,,,,,,,,,,,,,,,,,
255,robotics,Federated Learning,10,2025-06-18T13:59:08.819587,,,,,,,,,,,,,25.0,1.8728573322296143,cybersecurity,unknown,True,"Episode_25: 中間抽象度, 集約的 (dims: [106, 62, 379, 367, 71])",,,,,,,,,,,,,,,,,,,,,,,,,,,,,,,,,,,,,,,,,,
255,robotics,Federated Learning,10,2025-06-18T13:59:08.819587,,,,,,,,,,,,,,,,,,,35.0,1.8728573322296143,cybersecurity,unknown,True,"Episode_35: 中間抽象度, 集約的 (dims: [106, 62, 379, 367, 71])",,,,,,,,,,,,,,,,,,,,,,,,,,,,,,,,,,,,
255,robotics,Federated Learning,10,2025-06-18T13:59:08.819587,,,,,,,,,,,,,,,,,,,,,,,,,45.0,1.8728573322296143,cybersecurity,unknown,True,"Episode_45: 中間抽象度, 集約的 (dims: [106, 62, 379, 367, 71])",,,,,,,,,,,,,,,,,,,,,,,,,,,,,,
255,robotics,Federated Learning,10,2025-06-18T13:59:08.819587,,,,,,,,,,,,,,,,,,,,,,,,,,,,,,,55.0,1.8728573322296143,cybersecurity,unknown,True,"Episode_55: 中間抽象度, 集約的 (dims: [106, 62, 379, 367, 71])",,,,,,,,,,,,,,,,,,,,,,,,
255,robotics,Federated Learning,10,2025-06-18T13:59:08.819587,,,,,,,,,,,,,,,,,,,,,,,,,,,,,,,,,,,,,65.0,1.8728573322296143,cybersecurity,unknown,True,"Episode_65: 中間抽象度, 集約的 (dims: [106, 62, 379, 367, 71])",,,,,,,,,,,,,,,,,,
255,robotics,Federated Learning,10,2025-06-18T13:59:08.819587,,,,,,,,,,,,,,,,,,,,,,,,,,,,,,,,,,,,,,,,,,,75.0,1.8728573322296143,cybersecurity,unknown,True,"Episode_75: 中間抽象度, 集約的 (dims: [106, 62, 379, 367, 71])",,,,,,,,,,,,
255,robotics,Federated Learning,10,2025-06-18T13:59:08.819587,,,,,,,,,,,,,,,,,,,,,,,,,,,,,,,,,,,,,,,,,,,,,,,,,85.0,1.8728573322296143,cybersecurity,unknown,True,"Episode_85: 中間抽象度, 集約的 (dims: [106, 62, 379, 367, 71])",,,,,,
255,robotics,Federated Learning,10,2025-06-18T13:59:08.819587,,,,,,,,,,,,,,,,,,,,,,,,,,,,,,,,,,,,,,,,,,,,,,,,,,,,,,,95.0,1.8728573322296143,cybersecurity,unknown,True,"Episode_95: 中間抽象度, 集約的 (dims: [106, 62, 379, 367, 71])"
256,cybersecurity,Explainable AI,10,2025-06-18T13:59:08.864085,0.0,1.911033272743225,medical diagnosis,unknown,True,"Episode_0: 中間抽象度, 集約的 (dims: [13, 282, 58, 91, 281])",,,,,,,,,,,,,,,,,,,,,,,,,,,,,,,,,,,,,,,,,,,,,,,,,,,,,,
256,cybersecurity,Explainable AI,10,2025-06-18T13:59:08.864085,,,,,,,10.0,1.911033272743225,medical diagnosis,unknown,True,"Episode_10: 中間抽象度, 集約的 (dims: [13, 282, 58, 91, 281])",,,,,,,,,,,,,,,,,,,,,,,,,,,,,,,,,,,,,,,,,,,,,,,,
256,cybersecurity,Explainable AI,10,2025-06-18T13:59:08.864085,,,,,,,,,,,,,20.0,1.911033272743225,medical diagnosis,unknown,True,"Episode_20: 中間抽象度, 集約的 (dims: [13, 282, 58, 91, 281])",,,,,,,,,,,,,,,,,,,,,,,,,,,,,,,,,,,,,,,,,,
256,cybersecurity,Explainable AI,10,2025-06-18T13:59:08.864085,,,,,,,,,,,,,,,,,,,30.0,1.911033272743225,medical diagnosis,unknown,True,"Episode_30: 中間抽象度, 集約的 (dims: [13, 282, 58, 91, 281])",,,,,,,,,,,,,,,,,,,,,,,,,,,,,,,,,,,,
256,cybersecurity,Explainable AI,10,2025-06-18T13:59:08.864085,,,,,,,,,,,,,,,,,,,,,,,,,40.0,1.911033272743225,medical diagnosis,unknown,True,"Episode_40: 中間抽象度, 集約的 (dims: [13, 282, 58, 91, 281])",,,,,,,,,,,,,,,,,,,,,,,,,,,,,,
256,cybersecurity,Explainable AI,10,2025-06-18T13:59:08.864085,,,,,,,,,,,,,,,,,,,,,,,,,,,,,,,50.0,1.911033272743225,medical diagnosis,unknown,True,"Episode_50: 中間抽象度, 集約的 (dims: [13, 282, 58, 91, 281])",,,,,,,,,,,,,,,,,,,,,,,,
256,cybersecurity,Explainable AI,10,2025-06-18T13:59:08.864085,,,,,,,,,,,,,,,,,,,,,,,,,,,,,,,,,,,,,60.0,1.911033272743225,medical diagnosis,unknown,True,"Episode_60: 中間抽象度, 集約的 (dims: [13, 282, 58, 91, 281])",,,,,,,,,,,,,,,,,,
256,cybersecurity,Explainable AI,10,2025-06-18T13:59:08.864085,,,,,,,,,,,,,,,,,,,,,,,,,,,,,,,,,,,,,,,,,,,70.0,1.911033272743225,medical diagnosis,unknown,True,"Episode_70: 中間抽象度, 集約的 (dims: [13, 282, 58, 91, 281])",,,,,,,,,,,,
256,cybersecurity,Explainable AI,10,2025-06-18T13:59:08.864085,,,,,,,,,,,,,,,,,,,,,,,,,,,,,,,,,,,,,,,,,,,,,,,,,80.0,1.911033272743225,medical diagnosis,unknown,True,"Episode_80: 中間抽象度, 集約的 (dims: [13, 282, 58, 91, 281])",,,,,,
256,cybersecurity,Explainable AI,10,2025-06-18T13:59:08.864085,,,,,,,,,,,,,,,,,,,,,,,,,,,,,,,,,,,,,,,,,,,,,,,,,,,,,,,90.0,1.911033272743225,medical diagnosis,unknown,True,"Episode_90: 中間抽象度, 集約的 (dims: [13, 282, 58, 91, 281])"
257,climate modeling,Multimodal Learning,10,2025-06-18T13:59:08.909444,5.0,1.9013603925704956,cybersecurity,unknown,True,"Episode_5: 中間抽象度, 集約的 (dims: [106, 62, 379, 367, 71])",,,,,,,,,,,,,,,,,,,,,,,,,,,,,,,,,,,,,,,,,,,,,,,,,,,,,,
257,climate modeling,Multimodal Learning,10,2025-06-18T13:59:08.909444,,,,,,,15.0,1.9013603925704956,cybersecurity,unknown,True,"Episode_15: 中間抽象度, 集約的 (dims: [106, 62, 379, 367, 71])",,,,,,,,,,,,,,,,,,,,,,,,,,,,,,,,,,,,,,,,,,,,,,,,
257,climate modeling,Multimodal Learning,10,2025-06-18T13:59:08.909444,,,,,,,,,,,,,25.0,1.9013603925704956,cybersecurity,unknown,True,"Episode_25: 中間抽象度, 集約的 (dims: [106, 62, 379, 367, 71])",,,,,,,,,,,,,,,,,,,,,,,,,,,,,,,,,,,,,,,,,,
257,climate modeling,Multimodal Learning,10,2025-06-18T13:59:08.909444,,,,,,,,,,,,,,,,,,,35.0,1.9013603925704956,cybersecurity,unknown,True,"Episode_35: 中間抽象度, 集約的 (dims: [106, 62, 379, 367, 71])",,,,,,,,,,,,,,,,,,,,,,,,,,,,,,,,,,,,
257,climate modeling,Multimodal Learning,10,2025-06-18T13:59:08.909444,,,,,,,,,,,,,,,,,,,,,,,,,45.0,1.9013603925704956,cybersecurity,unknown,True,"Episode_45: 中間抽象度, 集約的 (dims: [106, 62, 379, 367, 71])",,,,,,,,,,,,,,,,,,,,,,,,,,,,,,
257,climate modeling,Multimodal Learning,10,2025-06-18T13:59:08.909444,,,,,,,,,,,,,,,,,,,,,,,,,,,,,,,55.0,1.9013603925704956,cybersecurity,unknown,True,"Episode_55: 中間抽象度, 集約的 (dims: [106, 62, 379, 367, 71])",,,,,,,,,,,,,,,,,,,,,,,,
257,climate modeling,Multimodal Learning,10,2025-06-18T13:59:08.909444,,,,,,,,,,,,,,,,,,,,,,,,,,,,,,,,,,,,,65.0,1.9013603925704956,cybersecurity,unknown,True,"Episode_65: 中間抽象度, 集約的 (dims: [106, 62, 379, 367, 71])",,,,,,,,,,,,,,,,,,
257,climate modeling,Multimodal Learning,10,2025-06-18T13:59:08.909444,,,,,,,,,,,,,,,,,,,,,,,,,,,,,,,,,,,,,,,,,,,75.0,1.9013603925704956,cybersecurity,unknown,True,"Episode_75: 中間抽象度, 集約的 (dims: [106, 62, 379, 367, 71])",,,,,,,,,,,,
257,climate modeling,Multimodal Learning,10,2025-06-18T13:59:08.909444,,,,,,,,,,,,,,,,,,,,,,,,,,,,,,,,,,,,,,,,,,,,,,,,,85.0,1.9013603925704956,cybersecurity,unknown,True,"Episode_85: 中間抽象度, 集約的 (dims: [106, 62, 379, 367, 71])",,,,,,
257,climate modeling,Multimodal Learning,10,2025-06-18T13:59:08.909444,,,,,,,,,,,,,,,,,,,,,,,,,,,,,,,,,,,,,,,,,,,,,,,,,,,,,,,95.0,1.9013603925704956,cybersecurity,unknown,True,"Episode_95: 中間抽象度, 集約的 (dims: [106, 62, 379, 367, 71])"
258,drug discovery,Few-shot Learning,10,2025-06-18T13:59:08.955556,0.0,1.9221811294555664,medical diagnosis,unknown,True,"Episode_0: 中間抽象度, 集約的 (dims: [13, 282, 58, 91, 281])",,,,,,,,,,,,,,,,,,,,,,,,,,,,,,,,,,,,,,,,,,,,,,,,,,,,,,
258,drug discovery,Few-shot Learning,10,2025-06-18T13:59:08.955556,,,,,,,10.0,1.9221811294555664,medical diagnosis,unknown,True,"Episode_10: 中間抽象度, 集約的 (dims: [13, 282, 58, 91, 281])",,,,,,,,,,,,,,,,,,,,,,,,,,,,,,,,,,,,,,,,,,,,,,,,
258,drug discovery,Few-shot Learning,10,2025-06-18T13:59:08.955556,,,,,,,,,,,,,20.0,1.9221811294555664,medical diagnosis,unknown,True,"Episode_20: 中間抽象度, 集約的 (dims: [13, 282, 58, 91, 281])",,,,,,,,,,,,,,,,,,,,,,,,,,,,,,,,,,,,,,,,,,
258,drug discovery,Few-shot Learning,10,2025-06-18T13:59:08.955556,,,,,,,,,,,,,,,,,,,30.0,1.9221811294555664,medical diagnosis,unknown,True,"Episode_30: 中間抽象度, 集約的 (dims: [13, 282, 58, 91, 281])",,,,,,,,,,,,,,,,,,,,,,,,,,,,,,,,,,,,
258,drug discovery,Few-shot Learning,10,2025-06-18T13:59:08.955556,,,,,,,,,,,,,,,,,,,,,,,,,40.0,1.9221811294555664,medical diagnosis,unknown,True,"Episode_40: 中間抽象度, 集約的 (dims: [13, 282, 58, 91, 281])",,,,,,,,,,,,,,,,,,,,,,,,,,,,,,
258,drug discovery,Few-shot Learning,10,2025-06-18T13:59:08.955556,,,,,,,,,,,,,,,,,,,,,,,,,,,,,,,50.0,1.9221811294555664,medical diagnosis,unknown,True,"Episode_50: 中間抽象度, 集約的 (dims: [13, 282, 58, 91, 281])",,,,,,,,,,,,,,,,,,,,,,,,
258,drug discovery,Few-shot Learning,10,2025-06-18T13:59:08.955556,,,,,,,,,,,,,,,,,,,,,,,,,,,,,,,,,,,,,60.0,1.9221811294555664,medical diagnosis,unknown,True,"Episode_60: 中間抽象度, 集約的 (dims: [13, 282, 58, 91, 281])",,,,,,,,,,,,,,,,,,
258,drug discovery,Few-shot Learning,10,2025-06-18T13:59:08.955556,,,,,,,,,,,,,,,,,,,,,,,,,,,,,,,,,,,,,,,,,,,70.0,1.9221811294555664,medical diagnosis,unknown,True,"Episode_70: 中間抽象度, 集約的 (dims: [13, 282, 58, 91, 281])",,,,,,,,,,,,
258,drug discovery,Few-shot Learning,10,2025-06-18T13:59:08.955556,,,,,,,,,,,,,,,,,,,,,,,,,,,,,,,,,,,,,,,,,,,,,,,,,80.0,1.9221811294555664,medical diagnosis,unknown,True,"Episode_80: 中間抽象度, 集約的 (dims: [13, 282, 58, 91, 281])",,,,,,
258,drug discovery,Few-shot Learning,10,2025-06-18T13:59:08.955556,,,,,,,,,,,,,,,,,,,,,,,,,,,,,,,,,,,,,,,,,,,,,,,,,,,,,,,90.0,1.9221811294555664,medical diagnosis,unknown,True,"Episode_90: 中間抽象度, 集約的 (dims: [13, 282, 58, 91, 281])"
259,financial prediction,Transfer Learning,10,2025-06-18T13:59:08.999129,0.0,1.9256962537765503,medical diagnosis,unknown,True,"Episode_0: 中間抽象度, 集約的 (dims: [13, 282, 58, 91, 281])",,,,,,,,,,,,,,,,,,,,,,,,,,,,,,,,,,,,,,,,,,,,,,,,,,,,,,
259,financial prediction,Transfer Learning,10,2025-06-18T13:59:08.999129,,,,,,,10.0,1.9256962537765503,medical diagnosis,unknown,True,"Episode_10: 中間抽象度, 集約的 (dims: [13, 282, 58, 91, 281])",,,,,,,,,,,,,,,,,,,,,,,,,,,,,,,,,,,,,,,,,,,,,,,,
259,financial prediction,Transfer Learning,10,2025-06-18T13:59:08.999129,,,,,,,,,,,,,20.0,1.9256962537765503,medical diagnosis,unknown,True,"Episode_20: 中間抽象度, 集約的 (dims: [13, 282, 58, 91, 281])",,,,,,,,,,,,,,,,,,,,,,,,,,,,,,,,,,,,,,,,,,
259,financial prediction,Transfer Learning,10,2025-06-18T13:59:08.999129,,,,,,,,,,,,,,,,,,,30.0,1.9256962537765503,medical diagnosis,unknown,True,"Episode_30: 中間抽象度, 集約的 (dims: [13, 282, 58, 91, 281])",,,,,,,,,,,,,,,,,,,,,,,,,,,,,,,,,,,,
259,financial prediction,Transfer Learning,10,2025-06-18T13:59:08.999129,,,,,,,,,,,,,,,,,,,,,,,,,40.0,1.9256962537765503,medical diagnosis,unknown,True,"Episode_40: 中間抽象度, 集約的 (dims: [13, 282, 58, 91, 281])",,,,,,,,,,,,,,,,,,,,,,,,,,,,,,
259,financial prediction,Transfer Learning,10,2025-06-18T13:59:08.999129,,,,,,,,,,,,,,,,,,,,,,,,,,,,,,,50.0,1.9256962537765503,medical diagnosis,unknown,True,"Episode_50: 中間抽象度, 集約的 (dims: [13, 282, 58, 91, 281])",,,,,,,,,,,,,,,,,,,,,,,,
259,financial prediction,Transfer Learning,10,2025-06-18T13:59:08.999129,,,,,,,,,,,,,,,,,,,,,,,,,,,,,,,,,,,,,60.0,1.9256962537765503,medical diagnosis,unknown,True,"Episode_60: 中間抽象度, 集約的 (dims: [13, 282, 58, 91, 281])",,,,,,,,,,,,,,,,,,
259,financial prediction,Transfer Learning,10,2025-06-18T13:59:08.999129,,,,,,,,,,,,,,,,,,,,,,,,,,,,,,,,,,,,,,,,,,,70.0,1.9256962537765503,medical diagnosis,unknown,True,"Episode_70: 中間抽象度, 集約的 (dims: [13, 282, 58, 91, 281])",,,,,,,,,,,,
259,financial prediction,Transfer Learning,10,2025-06-18T13:59:08.999129,,,,,,,,,,,,,,,,,,,,,,,,,,,,,,,,,,,,,,,,,,,,,,,,,80.0,1.9256962537765503,medical diagnosis,unknown,True,"Episode_80: 中間抽象度, 集約的 (dims: [13, 282, 58, 91, 281])",,,,,,
259,financial prediction,Transfer Learning,10,2025-06-18T13:59:08.999129,,,,,,,,,,,,,,,,,,,,,,,,,,,,,,,,,,,,,,,,,,,,,,,,,,,,,,,90.0,1.9256962537765503,medical diagnosis,unknown,True,"Episode_90: 中間抽象度, 集約的 (dims: [13, 282, 58, 91, 281])"
260,educational technology,Adversarial Machine Learning,10,2025-06-18T13:59:09.043606,0.0,1.928670048713684,medical diagnosis,unknown,True,"Episode_0: 中間抽象度, 集約的 (dims: [13, 282, 58, 91, 281])",,,,,,,,,,,,,,,,,,,,,,,,,,,,,,,,,,,,,,,,,,,,,,,,,,,,,,
260,educational technology,Adversarial Machine Learning,10,2025-06-18T13:59:09.043606,,,,,,,10.0,1.928670048713684,medical diagnosis,unknown,True,"Episode_10: 中間抽象度, 集約的 (dims: [13, 282, 58, 91, 281])",,,,,,,,,,,,,,,,,,,,,,,,,,,,,,,,,,,,,,,,,,,,,,,,
260,educational technology,Adversarial Machine Learning,10,2025-06-18T13:59:09.043606,,,,,,,,,,,,,20.0,1.928670048713684,medical diagnosis,unknown,True,"Episode_20: 中間抽象度, 集約的 (dims: [13, 282, 58, 91, 281])",,,,,,,,,,,,,,,,,,,,,,,,,,,,,,,,,,,,,,,,,,
260,educational technology,Adversarial Machine Learning,10,2025-06-18T13:59:09.043606,,,,,,,,,,,,,,,,,,,30.0,1.928670048713684,medical diagnosis,unknown,True,"Episode_30: 中間抽象度, 集約的 (dims: [13, 282, 58, 91, 281])",,,,,,,,,,,,,,,,,,,,,,,,,,,,,,,,,,,,
260,educational technology,Adversarial Machine Learning,10,2025-06-18T13:59:09.043606,,,,,,,,,,,,,,,,,,,,,,,,,40.0,1.928670048713684,medical diagnosis,unknown,True,"Episode_40: 中間抽象度, 集約的 (dims: [13, 282, 58, 91, 281])",,,,,,,,,,,,,,,,,,,,,,,,,,,,,,
260,educational technology,Adversarial Machine Learning,10,2025-06-18T13:59:09.043606,,,,,,,,,,,,,,,,,,,,,,,,,,,,,,,50.0,1.928670048713684,medical diagnosis,unknown,True,"Episode_50: 中間抽象度, 集約的 (dims: [13, 282, 58, 91, 281])",,,,,,,,,,,,,,,,,,,,,,,,
260,educational technology,Adversarial Machine Learning,10,2025-06-18T13:59:09.043606,,,,,,,,,,,,,,,,,,,,,,,,,,,,,,,,,,,,,60.0,1.928670048713684,medical diagnosis,unknown,True,"Episode_60: 中間抽象度, 集約的 (dims: [13, 282, 58, 91, 281])",,,,,,,,,,,,,,,,,,
260,educational technology,Adversarial Machine Learning,10,2025-06-18T13:59:09.043606,,,,,,,,,,,,,,,,,,,,,,,,,,,,,,,,,,,,,,,,,,,70.0,1.928670048713684,medical diagnosis,unknown,True,"Episode_70: 中間抽象度, 集約的 (dims: [13, 282, 58, 91, 281])",,,,,,,,,,,,
260,educational technology,Adversarial Machine Learning,10,2025-06-18T13:59:09.043606,,,,,,,,,,,,,,,,,,,,,,,,,,,,,,,,,,,,,,,,,,,,,,,,,80.0,1.928670048713684,medical diagnosis,unknown,True,"Episode_80: 中間抽象度, 集約的 (dims: [13, 282, 58, 91, 281])",,,,,,
260,educational technology,Adversarial Machine Learning,10,2025-06-18T13:59:09.043606,,,,,,,,,,,,,,,,,,,,,,,,,,,,,,,,,,,,,,,,,,,,,,,,,,,,,,,90.0,1.928670048713684,medical diagnosis,unknown,True,"Episode_90: 中間抽象度, 集約的 (dims: [13, 282, 58, 91, 281])"
261,medical diagnosis,Large Language Models,0,2025-06-18T13:59:09.089279,0.0,1.8874430656433105,medical diagnosis,unknown,False,"Episode_0: 中間抽象度, 集約的 (dims: [13, 282, 58, 91, 281])",,,,,,,,,,,,,,,,,,,,,,,,,,,,,,,,,,,,,,,,,,,,,,,,,,,,,,
261,medical diagnosis,Large Language Models,0,2025-06-18T13:59:09.089279,,,,,,,10.0,1.8874430656433105,medical diagnosis,unknown,False,"Episode_10: 中間抽象度, 集約的 (dims: [13, 282, 58, 91, 281])",,,,,,,,,,,,,,,,,,,,,,,,,,,,,,,,,,,,,,,,,,,,,,,,
261,medical diagnosis,Large Language Models,0,2025-06-18T13:59:09.089279,,,,,,,,,,,,,20.0,1.8874430656433105,medical diagnosis,unknown,False,"Episode_20: 中間抽象度, 集約的 (dims: [13, 282, 58, 91, 281])",,,,,,,,,,,,,,,,,,,,,,,,,,,,,,,,,,,,,,,,,,
261,medical diagnosis,Large Language Models,0,2025-06-18T13:59:09.089279,,,,,,,,,,,,,,,,,,,30.0,1.8874430656433105,medical diagnosis,unknown,False,"Episode_30: 中間抽象度, 集約的 (dims: [13, 282, 58, 91, 281])",,,,,,,,,,,,,,,,,,,,,,,,,,,,,,,,,,,,
261,medical diagnosis,Large Language Models,0,2025-06-18T13:59:09.089279,,,,,,,,,,,,,,,,,,,,,,,,,40.0,1.8874430656433105,medical diagnosis,unknown,False,"Episode_40: 中間抽象度, 集約的 (dims: [13, 282, 58, 91, 281])",,,,,,,,,,,,,,,,,,,,,,,,,,,,,,
261,medical diagnosis,Large Language Models,0,2025-06-18T13:59:09.089279,,,,,,,,,,,,,,,,,,,,,,,,,,,,,,,50.0,1.8874430656433105,medical diagnosis,unknown,False,"Episode_50: 中間抽象度, 集約的 (dims: [13, 282, 58, 91, 281])",,,,,,,,,,,,,,,,,,,,,,,,
261,medical diagnosis,Large Language Models,0,2025-06-18T13:59:09.089279,,,,,,,,,,,,,,,,,,,,,,,,,,,,,,,,,,,,,60.0,1.8874430656433105,medical diagnosis,unknown,False,"Episode_60: 中間抽象度, 集約的 (dims: [13, 282, 58, 91, 281])",,,,,,,,,,,,,,,,,,
261,medical diagnosis,Large Language Models,0,2025-06-18T13:59:09.089279,,,,,,,,,,,,,,,,,,,,,,,,,,,,,,,,,,,,,,,,,,,70.0,1.8874430656433105,medical diagnosis,unknown,False,"Episode_70: 中間抽象度, 集約的 (dims: [13, 282, 58, 91, 281])",,,,,,,,,,,,
261,medical diagnosis,Large Language Models,0,2025-06-18T13:59:09.089279,,,,,,,,,,,,,,,,,,,,,,,,,,,,,,,,,,,,,,,,,,,,,,,,,80.0,1.8874430656433105,medical diagnosis,unknown,False,"Episode_80: 中間抽象度, 集約的 (dims: [13, 282, 58, 91, 281])",,,,,,
261,medical diagnosis,Large Language Models,0,2025-06-18T13:59:09.089279,,,,,,,,,,,,,,,,,,,,,,,,,,,,,,,,,,,,,,,,,,,,,,,,,,,,,,,90.0,1.8874430656433105,medical diagnosis,unknown,False,"Episode_90: 中間抽象度, 集約的 (dims: [13, 282, 58, 91, 281])"
262,autonomous systems,Computer Vision,10,2025-06-18T13:59:09.132405,0.0,1.8768787384033203,medical diagnosis,unknown,True,"Episode_0: 中間抽象度, 集約的 (dims: [13, 282, 58, 91, 281])",,,,,,,,,,,,,,,,,,,,,,,,,,,,,,,,,,,,,,,,,,,,,,,,,,,,,,
262,autonomous systems,Computer Vision,10,2025-06-18T13:59:09.132405,,,,,,,10.0,1.8768787384033203,medical diagnosis,unknown,True,"Episode_10: 中間抽象度, 集約的 (dims: [13, 282, 58, 91, 281])",,,,,,,,,,,,,,,,,,,,,,,,,,,,,,,,,,,,,,,,,,,,,,,,
262,autonomous systems,Computer Vision,10,2025-06-18T13:59:09.132405,,,,,,,,,,,,,20.0,1.8768787384033203,medical diagnosis,unknown,True,"Episode_20: 中間抽象度, 集約的 (dims: [13, 282, 58, 91, 281])",,,,,,,,,,,,,,,,,,,,,,,,,,,,,,,,,,,,,,,,,,
262,autonomous systems,Computer Vision,10,2025-06-18T13:59:09.132405,,,,,,,,,,,,,,,,,,,30.0,1.8768787384033203,medical diagnosis,unknown,True,"Episode_30: 中間抽象度, 集約的 (dims: [13, 282, 58, 91, 281])",,,,,,,,,,,,,,,,,,,,,,,,,,,,,,,,,,,,
262,autonomous systems,Computer Vision,10,2025-06-18T13:59:09.132405,,,,,,,,,,,,,,,,,,,,,,,,,40.0,1.8768787384033203,medical diagnosis,unknown,True,"Episode_40: 中間抽象度, 集約的 (dims: [13, 282, 58, 91, 281])",,,,,,,,,,,,,,,,,,,,,,,,,,,,,,
262,autonomous systems,Computer Vision,10,2025-06-18T13:59:09.132405,,,,,,,,,,,,,,,,,,,,,,,,,,,,,,,50.0,1.8768787384033203,medical diagnosis,unknown,True,"Episode_50: 中間抽象度, 集約的 (dims: [13, 282, 58, 91, 281])",,,,,,,,,,,,,,,,,,,,,,,,
262,autonomous systems,Computer Vision,10,2025-06-18T13:59:09.132405,,,,,,,,,,,,,,,,,,,,,,,,,,,,,,,,,,,,,60.0,1.8768787384033203,medical diagnosis,unknown,True,"Episode_60: 中間抽象度, 集約的 (dims: [13, 282, 58, 91, 281])",,,,,,,,,,,,,,,,,,
262,autonomous systems,Computer Vision,10,2025-06-18T13:59:09.132405,,,,,,,,,,,,,,,,,,,,,,,,,,,,,,,,,,,,,,,,,,,70.0,1.8768787384033203,medical diagnosis,unknown,True,"Episode_70: 中間抽象度, 集約的 (dims: [13, 282, 58, 91, 281])",,,,,,,,,,,,
262,autonomous systems,Computer Vision,10,2025-06-18T13:59:09.132405,,,,,,,,,,,,,,,,,,,,,,,,,,,,,,,,,,,,,,,,,,,,,,,,,80.0,1.8768787384033203,medical diagnosis,unknown,True,"Episode_80: 中間抽象度, 集約的 (dims: [13, 282, 58, 91, 281])",,,,,,
262,autonomous systems,Computer Vision,10,2025-06-18T13:59:09.132405,,,,,,,,,,,,,,,,,,,,,,,,,,,,,,,,,,,,,,,,,,,,,,,,,,,,,,,90.0,1.8768787384033203,medical diagnosis,unknown,True,"Episode_90: 中間抽象度, 集約的 (dims: [13, 282, 58, 91, 281])"
263,natural language processing,Reinforcement Learning,10,2025-06-18T13:59:09.175724,5.0,1.8832250833511353,cybersecurity,unknown,True,"Episode_5: 中間抽象度, 集約的 (dims: [106, 62, 379, 367, 71])",,,,,,,,,,,,,,,,,,,,,,,,,,,,,,,,,,,,,,,,,,,,,,,,,,,,,,
263,natural language processing,Reinforcement Learning,10,2025-06-18T13:59:09.175724,,,,,,,15.0,1.8832250833511353,cybersecurity,unknown,True,"Episode_15: 中間抽象度, 集約的 (dims: [106, 62, 379, 367, 71])",,,,,,,,,,,,,,,,,,,,,,,,,,,,,,,,,,,,,,,,,,,,,,,,
263,natural language processing,Reinforcement Learning,10,2025-06-18T13:59:09.175724,,,,,,,,,,,,,25.0,1.8832250833511353,cybersecurity,unknown,True,"Episode_25: 中間抽象度, 集約的 (dims: [106, 62, 379, 367, 71])",,,,,,,,,,,,,,,,,,,,,,,,,,,,,,,,,,,,,,,,,,
263,natural language processing,Reinforcement Learning,10,2025-06-18T13:59:09.175724,,,,,,,,,,,,,,,,,,,35.0,1.8832250833511353,cybersecurity,unknown,True,"Episode_35: 中間抽象度, 集約的 (dims: [106, 62, 379, 367, 71])",,,,,,,,,,,,,,,,,,,,,,,,,,,,,,,,,,,,
263,natural language processing,Reinforcement Learning,10,2025-06-18T13:59:09.175724,,,,,,,,,,,,,,,,,,,,,,,,,45.0,1.8832250833511353,cybersecurity,unknown,True,"Episode_45: 中間抽象度, 集約的 (dims: [106, 62, 379, 367, 71])",,,,,,,,,,,,,,,,,,,,,,,,,,,,,,
263,natural language processing,Reinforcement Learning,10,2025-06-18T13:59:09.175724,,,,,,,,,,,,,,,,,,,,,,,,,,,,,,,55.0,1.8832250833511353,cybersecurity,unknown,True,"Episode_55: 中間抽象度, 集約的 (dims: [106, 62, 379, 367, 71])",,,,,,,,,,,,,,,,,,,,,,,,
263,natural language processing,Reinforcement Learning,10,2025-06-18T13:59:09.175724,,,,,,,,,,,,,,,,,,,,,,,,,,,,,,,,,,,,,65.0,1.8832250833511353,cybersecurity,unknown,True,"Episode_65: 中間抽象度, 集約的 (dims: [106, 62, 379, 367, 71])",,,,,,,,,,,,,,,,,,
263,natural language processing,Reinforcement Learning,10,2025-06-18T13:59:09.175724,,,,,,,,,,,,,,,,,,,,,,,,,,,,,,,,,,,,,,,,,,,75.0,1.8832250833511353,cybersecurity,unknown,True,"Episode_75: 中間抽象度, 集約的 (dims: [106, 62, 379, 367, 71])",,,,,,,,,,,,
263,natural language processing,Reinforcement Learning,10,2025-06-18T13:59:09.175724,,,,,,,,,,,,,,,,,,,,,,,,,,,,,,,,,,,,,,,,,,,,,,,,,85.0,1.8832250833511353,cybersecurity,unknown,True,"Episode_85: 中間抽象度, 集約的 (dims: [106, 62, 379, 367, 71])",,,,,,
263,natural language processing,Reinforcement Learning,10,2025-06-18T13:59:09.175724,,,,,,,,,,,,,,,,,,,,,,,,,,,,,,,,,,,,,,,,,,,,,,,,,,,,,,,95.0,1.8832250833511353,cybersecurity,unknown,True,"Episode_95: 中間抽象度, 集約的 (dims: [106, 62, 379, 367, 71])"
264,computer vision,Graph Neural Networks,10,2025-06-18T13:59:09.219189,0.0,1.894721269607544,medical diagnosis,unknown,True,"Episode_0: 中間抽象度, 集約的 (dims: [13, 282, 58, 91, 281])",,,,,,,,,,,,,,,,,,,,,,,,,,,,,,,,,,,,,,,,,,,,,,,,,,,,,,
264,computer vision,Graph Neural Networks,10,2025-06-18T13:59:09.219189,,,,,,,10.0,1.894721269607544,medical diagnosis,unknown,True,"Episode_10: 中間抽象度, 集約的 (dims: [13, 282, 58, 91, 281])",,,,,,,,,,,,,,,,,,,,,,,,,,,,,,,,,,,,,,,,,,,,,,,,
264,computer vision,Graph Neural Networks,10,2025-06-18T13:59:09.219189,,,,,,,,,,,,,20.0,1.894721269607544,medical diagnosis,unknown,True,"Episode_20: 中間抽象度, 集約的 (dims: [13, 282, 58, 91, 281])",,,,,,,,,,,,,,,,,,,,,,,,,,,,,,,,,,,,,,,,,,
264,computer vision,Graph Neural Networks,10,2025-06-18T13:59:09.219189,,,,,,,,,,,,,,,,,,,30.0,1.894721269607544,medical diagnosis,unknown,True,"Episode_30: 中間抽象度, 集約的 (dims: [13, 282, 58, 91, 281])",,,,,,,,,,,,,,,,,,,,,,,,,,,,,,,,,,,,
264,computer vision,Graph Neural Networks,10,2025-06-18T13:59:09.219189,,,,,,,,,,,,,,,,,,,,,,,,,40.0,1.894721269607544,medical diagnosis,unknown,True,"Episode_40: 中間抽象度, 集約的 (dims: [13, 282, 58, 91, 281])",,,,,,,,,,,,,,,,,,,,,,,,,,,,,,
264,computer vision,Graph Neural Networks,10,2025-06-18T13:59:09.219189,,,,,,,,,,,,,,,,,,,,,,,,,,,,,,,50.0,1.894721269607544,medical diagnosis,unknown,True,"Episode_50: 中間抽象度, 集約的 (dims: [13, 282, 58, 91, 281])",,,,,,,,,,,,,,,,,,,,,,,,
264,computer vision,Graph Neural Networks,10,2025-06-18T13:59:09.219189,,,,,,,,,,,,,,,,,,,,,,,,,,,,,,,,,,,,,60.0,1.894721269607544,medical diagnosis,unknown,True,"Episode_60: 中間抽象度, 集約的 (dims: [13, 282, 58, 91, 281])",,,,,,,,,,,,,,,,,,
264,computer vision,Graph Neural Networks,10,2025-06-18T13:59:09.219189,,,,,,,,,,,,,,,,,,,,,,,,,,,,,,,,,,,,,,,,,,,70.0,1.894721269607544,medical diagnosis,unknown,True,"Episode_70: 中間抽象度, 集約的 (dims: [13, 282, 58, 91, 281])",,,,,,,,,,,,
264,computer vision,Graph Neural Networks,10,2025-06-18T13:59:09.219189,,,,,,,,,,,,,,,,,,,,,,,,,,,,,,,,,,,,,,,,,,,,,,,,,80.0,1.894721269607544,medical diagnosis,unknown,True,"Episode_80: 中間抽象度, 集約的 (dims: [13, 282, 58, 91, 281])",,,,,,
264,computer vision,Graph Neural Networks,10,2025-06-18T13:59:09.219189,,,,,,,,,,,,,,,,,,,,,,,,,,,,,,,,,,,,,,,,,,,,,,,,,,,,,,,90.0,1.894721269607544,medical diagnosis,unknown,True,"Episode_90: 中間抽象度, 集約的 (dims: [13, 282, 58, 91, 281])"
265,robotics,Federated Learning,10,2025-06-18T13:59:09.262359,5.0,1.8728573322296143,cybersecurity,unknown,True,"Episode_5: 中間抽象度, 集約的 (dims: [106, 62, 379, 367, 71])",,,,,,,,,,,,,,,,,,,,,,,,,,,,,,,,,,,,,,,,,,,,,,,,,,,,,,
265,robotics,Federated Learning,10,2025-06-18T13:59:09.262359,,,,,,,15.0,1.8728573322296143,cybersecurity,unknown,True,"Episode_15: 中間抽象度, 集約的 (dims: [106, 62, 379, 367, 71])",,,,,,,,,,,,,,,,,,,,,,,,,,,,,,,,,,,,,,,,,,,,,,,,
265,robotics,Federated Learning,10,2025-06-18T13:59:09.262359,,,,,,,,,,,,,25.0,1.8728573322296143,cybersecurity,unknown,True,"Episode_25: 中間抽象度, 集約的 (dims: [106, 62, 379, 367, 71])",,,,,,,,,,,,,,,,,,,,,,,,,,,,,,,,,,,,,,,,,,
265,robotics,Federated Learning,10,2025-06-18T13:59:09.262359,,,,,,,,,,,,,,,,,,,35.0,1.8728573322296143,cybersecurity,unknown,True,"Episode_35: 中間抽象度, 集約的 (dims: [106, 62, 379, 367, 71])",,,,,,,,,,,,,,,,,,,,,,,,,,,,,,,,,,,,
265,robotics,Federated Learning,10,2025-06-18T13:59:09.262359,,,,,,,,,,,,,,,,,,,,,,,,,45.0,1.8728573322296143,cybersecurity,unknown,True,"Episode_45: 中間抽象度, 集約的 (dims: [106, 62, 379, 367, 71])",,,,,,,,,,,,,,,,,,,,,,,,,,,,,,
265,robotics,Federated Learning,10,2025-06-18T13:59:09.262359,,,,,,,,,,,,,,,,,,,,,,,,,,,,,,,55.0,1.8728573322296143,cybersecurity,unknown,True,"Episode_55: 中間抽象度, 集約的 (dims: [106, 62, 379, 367, 71])",,,,,,,,,,,,,,,,,,,,,,,,
265,robotics,Federated Learning,10,2025-06-18T13:59:09.262359,,,,,,,,,,,,,,,,,,,,,,,,,,,,,,,,,,,,,65.0,1.8728573322296143,cybersecurity,unknown,True,"Episode_65: 中間抽象度, 集約的 (dims: [106, 62, 379, 367, 71])",,,,,,,,,,,,,,,,,,
265,robotics,Federated Learning,10,2025-06-18T13:59:09.262359,,,,,,,,,,,,,,,,,,,,,,,,,,,,,,,,,,,,,,,,,,,75.0,1.8728573322296143,cybersecurity,unknown,True,"Episode_75: 中間抽象度, 集約的 (dims: [106, 62, 379, 367, 71])",,,,,,,,,,,,
265,robotics,Federated Learning,10,2025-06-18T13:59:09.262359,,,,,,,,,,,,,,,,,,,,,,,,,,,,,,,,,,,,,,,,,,,,,,,,,85.0,1.8728573322296143,cybersecurity,unknown,True,"Episode_85: 中間抽象度, 集約的 (dims: [106, 62, 379, 367, 71])",,,,,,
265,robotics,Federated Learning,10,2025-06-18T13:59:09.262359,,,,,,,,,,,,,,,,,,,,,,,,,,,,,,,,,,,,,,,,,,,,,,,,,,,,,,,95.0,1.8728573322296143,cybersecurity,unknown,True,"Episode_95: 中間抽象度, 集約的 (dims: [106, 62, 379, 367, 71])"
266,cybersecurity,Explainable AI,10,2025-06-18T13:59:09.307001,0.0,1.911033272743225,medical diagnosis,unknown,True,"Episode_0: 中間抽象度, 集約的 (dims: [13, 282, 58, 91, 281])",,,,,,,,,,,,,,,,,,,,,,,,,,,,,,,,,,,,,,,,,,,,,,,,,,,,,,
266,cybersecurity,Explainable AI,10,2025-06-18T13:59:09.307001,,,,,,,10.0,1.911033272743225,medical diagnosis,unknown,True,"Episode_10: 中間抽象度, 集約的 (dims: [13, 282, 58, 91, 281])",,,,,,,,,,,,,,,,,,,,,,,,,,,,,,,,,,,,,,,,,,,,,,,,
266,cybersecurity,Explainable AI,10,2025-06-18T13:59:09.307001,,,,,,,,,,,,,20.0,1.911033272743225,medical diagnosis,unknown,True,"Episode_20: 中間抽象度, 集約的 (dims: [13, 282, 58, 91, 281])",,,,,,,,,,,,,,,,,,,,,,,,,,,,,,,,,,,,,,,,,,
266,cybersecurity,Explainable AI,10,2025-06-18T13:59:09.307001,,,,,,,,,,,,,,,,,,,30.0,1.911033272743225,medical diagnosis,unknown,True,"Episode_30: 中間抽象度, 集約的 (dims: [13, 282, 58, 91, 281])",,,,,,,,,,,,,,,,,,,,,,,,,,,,,,,,,,,,
266,cybersecurity,Explainable AI,10,2025-06-18T13:59:09.307001,,,,,,,,,,,,,,,,,,,,,,,,,40.0,1.911033272743225,medical diagnosis,unknown,True,"Episode_40: 中間抽象度, 集約的 (dims: [13, 282, 58, 91, 281])",,,,,,,,,,,,,,,,,,,,,,,,,,,,,,
266,cybersecurity,Explainable AI,10,2025-06-18T13:59:09.307001,,,,,,,,,,,,,,,,,,,,,,,,,,,,,,,50.0,1.911033272743225,medical diagnosis,unknown,True,"Episode_50: 中間抽象度, 集約的 (dims: [13, 282, 58, 91, 281])",,,,,,,,,,,,,,,,,,,,,,,,
266,cybersecurity,Explainable AI,10,2025-06-18T13:59:09.307001,,,,,,,,,,,,,,,,,,,,,,,,,,,,,,,,,,,,,60.0,1.911033272743225,medical diagnosis,unknown,True,"Episode_60: 中間抽象度, 集約的 (dims: [13, 282, 58, 91, 281])",,,,,,,,,,,,,,,,,,
266,cybersecurity,Explainable AI,10,2025-06-18T13:59:09.307001,,,,,,,,,,,,,,,,,,,,,,,,,,,,,,,,,,,,,,,,,,,70.0,1.911033272743225,medical diagnosis,unknown,True,"Episode_70: 中間抽象度, 集約的 (dims: [13, 282, 58, 91, 281])",,,,,,,,,,,,
266,cybersecurity,Explainable AI,10,2025-06-18T13:59:09.307001,,,,,,,,,,,,,,,,,,,,,,,,,,,,,,,,,,,,,,,,,,,,,,,,,80.0,1.911033272743225,medical diagnosis,unknown,True,"Episode_80: 中間抽象度, 集約的 (dims: [13, 282, 58, 91, 281])",,,,,,
266,cybersecurity,Explainable AI,10,2025-06-18T13:59:09.307001,,,,,,,,,,,,,,,,,,,,,,,,,,,,,,,,,,,,,,,,,,,,,,,,,,,,,,,90.0,1.911033272743225,medical diagnosis,unknown,True,"Episode_90: 中間抽象度, 集約的 (dims: [13, 282, 58, 91, 281])"
267,climate modeling,Multimodal Learning,10,2025-06-18T13:59:09.351559,5.0,1.9013603925704956,cybersecurity,unknown,True,"Episode_5: 中間抽象度, 集約的 (dims: [106, 62, 379, 367, 71])",,,,,,,,,,,,,,,,,,,,,,,,,,,,,,,,,,,,,,,,,,,,,,,,,,,,,,
267,climate modeling,Multimodal Learning,10,2025-06-18T13:59:09.351559,,,,,,,15.0,1.9013603925704956,cybersecurity,unknown,True,"Episode_15: 中間抽象度, 集約的 (dims: [106, 62, 379, 367, 71])",,,,,,,,,,,,,,,,,,,,,,,,,,,,,,,,,,,,,,,,,,,,,,,,
267,climate modeling,Multimodal Learning,10,2025-06-18T13:59:09.351559,,,,,,,,,,,,,25.0,1.9013603925704956,cybersecurity,unknown,True,"Episode_25: 中間抽象度, 集約的 (dims: [106, 62, 379, 367, 71])",,,,,,,,,,,,,,,,,,,,,,,,,,,,,,,,,,,,,,,,,,
267,climate modeling,Multimodal Learning,10,2025-06-18T13:59:09.351559,,,,,,,,,,,,,,,,,,,35.0,1.9013603925704956,cybersecurity,unknown,True,"Episode_35: 中間抽象度, 集約的 (dims: [106, 62, 379, 367, 71])",,,,,,,,,,,,,,,,,,,,,,,,,,,,,,,,,,,,
267,climate modeling,Multimodal Learning,10,2025-06-18T13:59:09.351559,,,,,,,,,,,,,,,,,,,,,,,,,45.0,1.9013603925704956,cybersecurity,unknown,True,"Episode_45: 中間抽象度, 集約的 (dims: [106, 62, 379, 367, 71])",,,,,,,,,,,,,,,,,,,,,,,,,,,,,,
267,climate modeling,Multimodal Learning,10,2025-06-18T13:59:09.351559,,,,,,,,,,,,,,,,,,,,,,,,,,,,,,,55.0,1.9013603925704956,cybersecurity,unknown,True,"Episode_55: 中間抽象度, 集約的 (dims: [106, 62, 379, 367, 71])",,,,,,,,,,,,,,,,,,,,,,,,
267,climate modeling,Multimodal Learning,10,2025-06-18T13:59:09.351559,,,,,,,,,,,,,,,,,,,,,,,,,,,,,,,,,,,,,65.0,1.9013603925704956,cybersecurity,unknown,True,"Episode_65: 中間抽象度, 集約的 (dims: [106, 62, 379, 367, 71])",,,,,,,,,,,,,,,,,,
267,climate modeling,Multimodal Learning,10,2025-06-18T13:59:09.351559,,,,,,,,,,,,,,,,,,,,,,,,,,,,,,,,,,,,,,,,,,,75.0,1.9013603925704956,cybersecurity,unknown,True,"Episode_75: 中間抽象度, 集約的 (dims: [106, 62, 379, 367, 71])",,,,,,,,,,,,
267,climate modeling,Multimodal Learning,10,2025-06-18T13:59:09.351559,,,,,,,,,,,,,,,,,,,,,,,,,,,,,,,,,,,,,,,,,,,,,,,,,85.0,1.9013603925704956,cybersecurity,unknown,True,"Episode_85: 中間抽象度, 集約的 (dims: [106, 62, 379, 367, 71])",,,,,,
267,climate modeling,Multimodal Learning,10,2025-06-18T13:59:09.351559,,,,,,,,,,,,,,,,,,,,,,,,,,,,,,,,,,,,,,,,,,,,,,,,,,,,,,,95.0,1.9013603925704956,cybersecurity,unknown,True,"Episode_95: 中間抽象度, 集約的 (dims: [106, 62, 379, 367, 71])"
268,drug discovery,Few-shot Learning,10,2025-06-18T13:59:09.396435,0.0,1.9221811294555664,medical diagnosis,unknown,True,"Episode_0: 中間抽象度, 集約的 (dims: [13, 282, 58, 91, 281])",,,,,,,,,,,,,,,,,,,,,,,,,,,,,,,,,,,,,,,,,,,,,,,,,,,,,,
268,drug discovery,Few-shot Learning,10,2025-06-18T13:59:09.396435,,,,,,,10.0,1.9221811294555664,medical diagnosis,unknown,True,"Episode_10: 中間抽象度, 集約的 (dims: [13, 282, 58, 91, 281])",,,,,,,,,,,,,,,,,,,,,,,,,,,,,,,,,,,,,,,,,,,,,,,,
268,drug discovery,Few-shot Learning,10,2025-06-18T13:59:09.396435,,,,,,,,,,,,,20.0,1.9221811294555664,medical diagnosis,unknown,True,"Episode_20: 中間抽象度, 集約的 (dims: [13, 282, 58, 91, 281])",,,,,,,,,,,,,,,,,,,,,,,,,,,,,,,,,,,,,,,,,,
268,drug discovery,Few-shot Learning,10,2025-06-18T13:59:09.396435,,,,,,,,,,,,,,,,,,,30.0,1.9221811294555664,medical diagnosis,unknown,True,"Episode_30: 中間抽象度, 集約的 (dims: [13, 282, 58, 91, 281])",,,,,,,,,,,,,,,,,,,,,,,,,,,,,,,,,,,,
268,drug discovery,Few-shot Learning,10,2025-06-18T13:59:09.396435,,,,,,,,,,,,,,,,,,,,,,,,,40.0,1.9221811294555664,medical diagnosis,unknown,True,"Episode_40: 中間抽象度, 集約的 (dims: [13, 282, 58, 91, 281])",,,,,,,,,,,,,,,,,,,,,,,,,,,,,,
268,drug discovery,Few-shot Learning,10,2025-06-18T13:59:09.396435,,,,,,,,,,,,,,,,,,,,,,,,,,,,,,,50.0,1.9221811294555664,medical diagnosis,unknown,True,"Episode_50: 中間抽象度, 集約的 (dims: [13, 282, 58, 91, 281])",,,,,,,,,,,,,,,,,,,,,,,,
268,drug discovery,Few-shot Learning,10,2025-06-18T13:59:09.396435,,,,,,,,,,,,,,,,,,,,,,,,,,,,,,,,,,,,,60.0,1.9221811294555664,medical diagnosis,unknown,True,"Episode_60: 中間抽象度, 集約的 (dims: [13, 282, 58, 91, 281])",,,,,,,,,,,,,,,,,,
268,drug discovery,Few-shot Learning,10,2025-06-18T13:59:09.396435,,,,,,,,,,,,,,,,,,,,,,,,,,,,,,,,,,,,,,,,,,,70.0,1.9221811294555664,medical diagnosis,unknown,True,"Episode_70: 中間抽象度, 集約的 (dims: [13, 282, 58, 91, 281])",,,,,,,,,,,,
268,drug discovery,Few-shot Learning,10,2025-06-18T13:59:09.396435,,,,,,,,,,,,,,,,,,,,,,,,,,,,,,,,,,,,,,,,,,,,,,,,,80.0,1.9221811294555664,medical diagnosis,unknown,True,"Episode_80: 中間抽象度, 集約的 (dims: [13, 282, 58, 91, 281])",,,,,,
268,drug discovery,Few-shot Learning,10,2025-06-18T13:59:09.396435,,,,,,,,,,,,,,,,,,,,,,,,,,,,,,,,,,,,,,,,,,,,,,,,,,,,,,,90.0,1.9221811294555664,medical diagnosis,unknown,True,"Episode_90: 中間抽象度, 集約的 (dims: [13, 282, 58, 91, 281])"
269,financial prediction,Transfer Learning,10,2025-06-18T13:59:09.440668,0.0,1.9256962537765503,medical diagnosis,unknown,True,"Episode_0: 中間抽象度, 集約的 (dims: [13, 282, 58, 91, 281])",,,,,,,,,,,,,,,,,,,,,,,,,,,,,,,,,,,,,,,,,,,,,,,,,,,,,,
269,financial prediction,Transfer Learning,10,2025-06-18T13:59:09.440668,,,,,,,10.0,1.9256962537765503,medical diagnosis,unknown,True,"Episode_10: 中間抽象度, 集約的 (dims: [13, 282, 58, 91, 281])",,,,,,,,,,,,,,,,,,,,,,,,,,,,,,,,,,,,,,,,,,,,,,,,
269,financial prediction,Transfer Learning,10,2025-06-18T13:59:09.440668,,,,,,,,,,,,,20.0,1.9256962537765503,medical diagnosis,unknown,True,"Episode_20: 中間抽象度, 集約的 (dims: [13, 282, 58, 91, 281])",,,,,,,,,,,,,,,,,,,,,,,,,,,,,,,,,,,,,,,,,,
269,financial prediction,Transfer Learning,10,2025-06-18T13:59:09.440668,,,,,,,,,,,,,,,,,,,30.0,1.9256962537765503,medical diagnosis,unknown,True,"Episode_30: 中間抽象度, 集約的 (dims: [13, 282, 58, 91, 281])",,,,,,,,,,,,,,,,,,,,,,,,,,,,,,,,,,,,
269,financial prediction,Transfer Learning,10,2025-06-18T13:59:09.440668,,,,,,,,,,,,,,,,,,,,,,,,,40.0,1.9256962537765503,medical diagnosis,unknown,True,"Episode_40: 中間抽象度, 集約的 (dims: [13, 282, 58, 91, 281])",,,,,,,,,,,,,,,,,,,,,,,,,,,,,,
269,financial prediction,Transfer Learning,10,2025-06-18T13:59:09.440668,,,,,,,,,,,,,,,,,,,,,,,,,,,,,,,50.0,1.9256962537765503,medical diagnosis,unknown,True,"Episode_50: 中間抽象度, 集約的 (dims: [13, 282, 58, 91, 281])",,,,,,,,,,,,,,,,,,,,,,,,
269,financial prediction,Transfer Learning,10,2025-06-18T13:59:09.440668,,,,,,,,,,,,,,,,,,,,,,,,,,,,,,,,,,,,,60.0,1.9256962537765503,medical diagnosis,unknown,True,"Episode_60: 中間抽象度, 集約的 (dims: [13, 282, 58, 91, 281])",,,,,,,,,,,,,,,,,,
269,financial prediction,Transfer Learning,10,2025-06-18T13:59:09.440668,,,,,,,,,,,,,,,,,,,,,,,,,,,,,,,,,,,,,,,,,,,70.0,1.9256962537765503,medical diagnosis,unknown,True,"Episode_70: 中間抽象度, 集約的 (dims: [13, 282, 58, 91, 281])",,,,,,,,,,,,
269,financial prediction,Transfer Learning,10,2025-06-18T13:59:09.440668,,,,,,,,,,,,,,,,,,,,,,,,,,,,,,,,,,,,,,,,,,,,,,,,,80.0,1.9256962537765503,medical diagnosis,unknown,True,"Episode_80: 中間抽象度, 集約的 (dims: [13, 282, 58, 91, 281])",,,,,,
269,financial prediction,Transfer Learning,10,2025-06-18T13:59:09.440668,,,,,,,,,,,,,,,,,,,,,,,,,,,,,,,,,,,,,,,,,,,,,,,,,,,,,,,90.0,1.9256962537765503,medical diagnosis,unknown,True,"Episode_90: 中間抽象度, 集約的 (dims: [13, 282, 58, 91, 281])"
270,educational technology,Adversarial Machine Learning,10,2025-06-18T13:59:09.485049,0.0,1.928670048713684,medical diagnosis,unknown,True,"Episode_0: 中間抽象度, 集約的 (dims: [13, 282, 58, 91, 281])",,,,,,,,,,,,,,,,,,,,,,,,,,,,,,,,,,,,,,,,,,,,,,,,,,,,,,
270,educational technology,Adversarial Machine Learning,10,2025-06-18T13:59:09.485049,,,,,,,10.0,1.928670048713684,medical diagnosis,unknown,True,"Episode_10: 中間抽象度, 集約的 (dims: [13, 282, 58, 91, 281])",,,,,,,,,,,,,,,,,,,,,,,,,,,,,,,,,,,,,,,,,,,,,,,,
270,educational technology,Adversarial Machine Learning,10,2025-06-18T13:59:09.485049,,,,,,,,,,,,,20.0,1.928670048713684,medical diagnosis,unknown,True,"Episode_20: 中間抽象度, 集約的 (dims: [13, 282, 58, 91, 281])",,,,,,,,,,,,,,,,,,,,,,,,,,,,,,,,,,,,,,,,,,
270,educational technology,Adversarial Machine Learning,10,2025-06-18T13:59:09.485049,,,,,,,,,,,,,,,,,,,30.0,1.928670048713684,medical diagnosis,unknown,True,"Episode_30: 中間抽象度, 集約的 (dims: [13, 282, 58, 91, 281])",,,,,,,,,,,,,,,,,,,,,,,,,,,,,,,,,,,,
270,educational technology,Adversarial Machine Learning,10,2025-06-18T13:59:09.485049,,,,,,,,,,,,,,,,,,,,,,,,,40.0,1.928670048713684,medical diagnosis,unknown,True,"Episode_40: 中間抽象度, 集約的 (dims: [13, 282, 58, 91, 281])",,,,,,,,,,,,,,,,,,,,,,,,,,,,,,
270,educational technology,Adversarial Machine Learning,10,2025-06-18T13:59:09.485049,,,,,,,,,,,,,,,,,,,,,,,,,,,,,,,50.0,1.928670048713684,medical diagnosis,unknown,True,"Episode_50: 中間抽象度, 集約的 (dims: [13, 282, 58, 91, 281])",,,,,,,,,,,,,,,,,,,,,,,,
270,educational technology,Adversarial Machine Learning,10,2025-06-18T13:59:09.485049,,,,,,,,,,,,,,,,,,,,,,,,,,,,,,,,,,,,,60.0,1.928670048713684,medical diagnosis,unknown,True,"Episode_60: 中間抽象度, 集約的 (dims: [13, 282, 58, 91, 281])",,,,,,,,,,,,,,,,,,
270,educational technology,Adversarial Machine Learning,10,2025-06-18T13:59:09.485049,,,,,,,,,,,,,,,,,,,,,,,,,,,,,,,,,,,,,,,,,,,70.0,1.928670048713684,medical diagnosis,unknown,True,"Episode_70: 中間抽象度, 集約的 (dims: [13, 282, 58, 91, 281])",,,,,,,,,,,,
270,educational technology,Adversarial Machine Learning,10,2025-06-18T13:59:09.485049,,,,,,,,,,,,,,,,,,,,,,,,,,,,,,,,,,,,,,,,,,,,,,,,,80.0,1.928670048713684,medical diagnosis,unknown,True,"Episode_80: 中間抽象度, 集約的 (dims: [13, 282, 58, 91, 281])",,,,,,
270,educational technology,Adversarial Machine Learning,10,2025-06-18T13:59:09.485049,,,,,,,,,,,,,,,,,,,,,,,,,,,,,,,,,,,,,,,,,,,,,,,,,,,,,,,90.0,1.928670048713684,medical diagnosis,unknown,True,"Episode_90: 中間抽象度, 集約的 (dims: [13, 282, 58, 91, 281])"
271,medical diagnosis,Large Language Models,0,2025-06-18T13:59:09.530262,0.0,1.8874430656433105,medical diagnosis,unknown,False,"Episode_0: 中間抽象度, 集約的 (dims: [13, 282, 58, 91, 281])",,,,,,,,,,,,,,,,,,,,,,,,,,,,,,,,,,,,,,,,,,,,,,,,,,,,,,
271,medical diagnosis,Large Language Models,0,2025-06-18T13:59:09.530262,,,,,,,10.0,1.8874430656433105,medical diagnosis,unknown,False,"Episode_10: 中間抽象度, 集約的 (dims: [13, 282, 58, 91, 281])",,,,,,,,,,,,,,,,,,,,,,,,,,,,,,,,,,,,,,,,,,,,,,,,
271,medical diagnosis,Large Language Models,0,2025-06-18T13:59:09.530262,,,,,,,,,,,,,20.0,1.8874430656433105,medical diagnosis,unknown,False,"Episode_20: 中間抽象度, 集約的 (dims: [13, 282, 58, 91, 281])",,,,,,,,,,,,,,,,,,,,,,,,,,,,,,,,,,,,,,,,,,
271,medical diagnosis,Large Language Models,0,2025-06-18T13:59:09.530262,,,,,,,,,,,,,,,,,,,30.0,1.8874430656433105,medical diagnosis,unknown,False,"Episode_30: 中間抽象度, 集約的 (dims: [13, 282, 58, 91, 281])",,,,,,,,,,,,,,,,,,,,,,,,,,,,,,,,,,,,
271,medical diagnosis,Large Language Models,0,2025-06-18T13:59:09.530262,,,,,,,,,,,,,,,,,,,,,,,,,40.0,1.8874430656433105,medical diagnosis,unknown,False,"Episode_40: 中間抽象度, 集約的 (dims: [13, 282, 58, 91, 281])",,,,,,,,,,,,,,,,,,,,,,,,,,,,,,
271,medical diagnosis,Large Language Models,0,2025-06-18T13:59:09.530262,,,,,,,,,,,,,,,,,,,,,,,,,,,,,,,50.0,1.8874430656433105,medical diagnosis,unknown,False,"Episode_50: 中間抽象度, 集約的 (dims: [13, 282, 58, 91, 281])",,,,,,,,,,,,,,,,,,,,,,,,
271,medical diagnosis,Large Language Models,0,2025-06-18T13:59:09.530262,,,,,,,,,,,,,,,,,,,,,,,,,,,,,,,,,,,,,60.0,1.8874430656433105,medical diagnosis,unknown,False,"Episode_60: 中間抽象度, 集約的 (dims: [13, 282, 58, 91, 281])",,,,,,,,,,,,,,,,,,
271,medical diagnosis,Large Language Models,0,2025-06-18T13:59:09.530262,,,,,,,,,,,,,,,,,,,,,,,,,,,,,,,,,,,,,,,,,,,70.0,1.8874430656433105,medical diagnosis,unknown,False,"Episode_70: 中間抽象度, 集約的 (dims: [13, 282, 58, 91, 281])",,,,,,,,,,,,
271,medical diagnosis,Large Language Models,0,2025-06-18T13:59:09.530262,,,,,,,,,,,,,,,,,,,,,,,,,,,,,,,,,,,,,,,,,,,,,,,,,80.0,1.8874430656433105,medical diagnosis,unknown,False,"Episode_80: 中間抽象度, 集約的 (dims: [13, 282, 58, 91, 281])",,,,,,
271,medical diagnosis,Large Language Models,0,2025-06-18T13:59:09.530262,,,,,,,,,,,,,,,,,,,,,,,,,,,,,,,,,,,,,,,,,,,,,,,,,,,,,,,90.0,1.8874430656433105,medical diagnosis,unknown,False,"Episode_90: 中間抽象度, 集約的 (dims: [13, 282, 58, 91, 281])"
272,autonomous systems,Computer Vision,10,2025-06-18T13:59:09.573720,0.0,1.8768787384033203,medical diagnosis,unknown,True,"Episode_0: 中間抽象度, 集約的 (dims: [13, 282, 58, 91, 281])",,,,,,,,,,,,,,,,,,,,,,,,,,,,,,,,,,,,,,,,,,,,,,,,,,,,,,
272,autonomous systems,Computer Vision,10,2025-06-18T13:59:09.573720,,,,,,,10.0,1.8768787384033203,medical diagnosis,unknown,True,"Episode_10: 中間抽象度, 集約的 (dims: [13, 282, 58, 91, 281])",,,,,,,,,,,,,,,,,,,,,,,,,,,,,,,,,,,,,,,,,,,,,,,,
272,autonomous systems,Computer Vision,10,2025-06-18T13:59:09.573720,,,,,,,,,,,,,20.0,1.8768787384033203,medical diagnosis,unknown,True,"Episode_20: 中間抽象度, 集約的 (dims: [13, 282, 58, 91, 281])",,,,,,,,,,,,,,,,,,,,,,,,,,,,,,,,,,,,,,,,,,
272,autonomous systems,Computer Vision,10,2025-06-18T13:59:09.573720,,,,,,,,,,,,,,,,,,,30.0,1.8768787384033203,medical diagnosis,unknown,True,"Episode_30: 中間抽象度, 集約的 (dims: [13, 282, 58, 91, 281])",,,,,,,,,,,,,,,,,,,,,,,,,,,,,,,,,,,,
272,autonomous systems,Computer Vision,10,2025-06-18T13:59:09.573720,,,,,,,,,,,,,,,,,,,,,,,,,40.0,1.8768787384033203,medical diagnosis,unknown,True,"Episode_40: 中間抽象度, 集約的 (dims: [13, 282, 58, 91, 281])",,,,,,,,,,,,,,,,,,,,,,,,,,,,,,
272,autonomous systems,Computer Vision,10,2025-06-18T13:59:09.573720,,,,,,,,,,,,,,,,,,,,,,,,,,,,,,,50.0,1.8768787384033203,medical diagnosis,unknown,True,"Episode_50: 中間抽象度, 集約的 (dims: [13, 282, 58, 91, 281])",,,,,,,,,,,,,,,,,,,,,,,,
272,autonomous systems,Computer Vision,10,2025-06-18T13:59:09.573720,,,,,,,,,,,,,,,,,,,,,,,,,,,,,,,,,,,,,60.0,1.8768787384033203,medical diagnosis,unknown,True,"Episode_60: 中間抽象度, 集約的 (dims: [13, 282, 58, 91, 281])",,,,,,,,,,,,,,,,,,
272,autonomous systems,Computer Vision,10,2025-06-18T13:59:09.573720,,,,,,,,,,,,,,,,,,,,,,,,,,,,,,,,,,,,,,,,,,,70.0,1.8768787384033203,medical diagnosis,unknown,True,"Episode_70: 中間抽象度, 集約的 (dims: [13, 282, 58, 91, 281])",,,,,,,,,,,,
272,autonomous systems,Computer Vision,10,2025-06-18T13:59:09.573720,,,,,,,,,,,,,,,,,,,,,,,,,,,,,,,,,,,,,,,,,,,,,,,,,80.0,1.8768787384033203,medical diagnosis,unknown,True,"Episode_80: 中間抽象度, 集約的 (dims: [13, 282, 58, 91, 281])",,,,,,
272,autonomous systems,Computer Vision,10,2025-06-18T13:59:09.573720,,,,,,,,,,,,,,,,,,,,,,,,,,,,,,,,,,,,,,,,,,,,,,,,,,,,,,,90.0,1.8768787384033203,medical diagnosis,unknown,True,"Episode_90: 中間抽象度, 集約的 (dims: [13, 282, 58, 91, 281])"
273,natural language processing,Reinforcement Learning,10,2025-06-18T13:59:09.617425,5.0,1.8832250833511353,cybersecurity,unknown,True,"Episode_5: 中間抽象度, 集約的 (dims: [106, 62, 379, 367, 71])",,,,,,,,,,,,,,,,,,,,,,,,,,,,,,,,,,,,,,,,,,,,,,,,,,,,,,
273,natural language processing,Reinforcement Learning,10,2025-06-18T13:59:09.617425,,,,,,,15.0,1.8832250833511353,cybersecurity,unknown,True,"Episode_15: 中間抽象度, 集約的 (dims: [106, 62, 379, 367, 71])",,,,,,,,,,,,,,,,,,,,,,,,,,,,,,,,,,,,,,,,,,,,,,,,
273,natural language processing,Reinforcement Learning,10,2025-06-18T13:59:09.617425,,,,,,,,,,,,,25.0,1.8832250833511353,cybersecurity,unknown,True,"Episode_25: 中間抽象度, 集約的 (dims: [106, 62, 379, 367, 71])",,,,,,,,,,,,,,,,,,,,,,,,,,,,,,,,,,,,,,,,,,
273,natural language processing,Reinforcement Learning,10,2025-06-18T13:59:09.617425,,,,,,,,,,,,,,,,,,,35.0,1.8832250833511353,cybersecurity,unknown,True,"Episode_35: 中間抽象度, 集約的 (dims: [106, 62, 379, 367, 71])",,,,,,,,,,,,,,,,,,,,,,,,,,,,,,,,,,,,
273,natural language processing,Reinforcement Learning,10,2025-06-18T13:59:09.617425,,,,,,,,,,,,,,,,,,,,,,,,,45.0,1.8832250833511353,cybersecurity,unknown,True,"Episode_45: 中間抽象度, 集約的 (dims: [106, 62, 379, 367, 71])",,,,,,,,,,,,,,,,,,,,,,,,,,,,,,
273,natural language processing,Reinforcement Learning,10,2025-06-18T13:59:09.617425,,,,,,,,,,,,,,,,,,,,,,,,,,,,,,,55.0,1.8832250833511353,cybersecurity,unknown,True,"Episode_55: 中間抽象度, 集約的 (dims: [106, 62, 379, 367, 71])",,,,,,,,,,,,,,,,,,,,,,,,
273,natural language processing,Reinforcement Learning,10,2025-06-18T13:59:09.617425,,,,,,,,,,,,,,,,,,,,,,,,,,,,,,,,,,,,,65.0,1.8832250833511353,cybersecurity,unknown,True,"Episode_65: 中間抽象度, 集約的 (dims: [106, 62, 379, 367, 71])",,,,,,,,,,,,,,,,,,
273,natural language processing,Reinforcement Learning,10,2025-06-18T13:59:09.617425,,,,,,,,,,,,,,,,,,,,,,,,,,,,,,,,,,,,,,,,,,,75.0,1.8832250833511353,cybersecurity,unknown,True,"Episode_75: 中間抽象度, 集約的 (dims: [106, 62, 379, 367, 71])",,,,,,,,,,,,
273,natural language processing,Reinforcement Learning,10,2025-06-18T13:59:09.617425,,,,,,,,,,,,,,,,,,,,,,,,,,,,,,,,,,,,,,,,,,,,,,,,,85.0,1.8832250833511353,cybersecurity,unknown,True,"Episode_85: 中間抽象度, 集約的 (dims: [106, 62, 379, 367, 71])",,,,,,
273,natural language processing,Reinforcement Learning,10,2025-06-18T13:59:09.617425,,,,,,,,,,,,,,,,,,,,,,,,,,,,,,,,,,,,,,,,,,,,,,,,,,,,,,,95.0,1.8832250833511353,cybersecurity,unknown,True,"Episode_95: 中間抽象度, 集約的 (dims: [106, 62, 379, 367, 71])"
274,computer vision,Graph Neural Networks,10,2025-06-18T13:59:09.661659,0.0,1.894721269607544,medical diagnosis,unknown,True,"Episode_0: 中間抽象度, 集約的 (dims: [13, 282, 58, 91, 281])",,,,,,,,,,,,,,,,,,,,,,,,,,,,,,,,,,,,,,,,,,,,,,,,,,,,,,
274,computer vision,Graph Neural Networks,10,2025-06-18T13:59:09.661659,,,,,,,10.0,1.894721269607544,medical diagnosis,unknown,True,"Episode_10: 中間抽象度, 集約的 (dims: [13, 282, 58, 91, 281])",,,,,,,,,,,,,,,,,,,,,,,,,,,,,,,,,,,,,,,,,,,,,,,,
274,computer vision,Graph Neural Networks,10,2025-06-18T13:59:09.661659,,,,,,,,,,,,,20.0,1.894721269607544,medical diagnosis,unknown,True,"Episode_20: 中間抽象度, 集約的 (dims: [13, 282, 58, 91, 281])",,,,,,,,,,,,,,,,,,,,,,,,,,,,,,,,,,,,,,,,,,
274,computer vision,Graph Neural Networks,10,2025-06-18T13:59:09.661659,,,,,,,,,,,,,,,,,,,30.0,1.894721269607544,medical diagnosis,unknown,True,"Episode_30: 中間抽象度, 集約的 (dims: [13, 282, 58, 91, 281])",,,,,,,,,,,,,,,,,,,,,,,,,,,,,,,,,,,,
274,computer vision,Graph Neural Networks,10,2025-06-18T13:59:09.661659,,,,,,,,,,,,,,,,,,,,,,,,,40.0,1.894721269607544,medical diagnosis,unknown,True,"Episode_40: 中間抽象度, 集約的 (dims: [13, 282, 58, 91, 281])",,,,,,,,,,,,,,,,,,,,,,,,,,,,,,
274,computer vision,Graph Neural Networks,10,2025-06-18T13:59:09.661659,,,,,,,,,,,,,,,,,,,,,,,,,,,,,,,50.0,1.894721269607544,medical diagnosis,unknown,True,"Episode_50: 中間抽象度, 集約的 (dims: [13, 282, 58, 91, 281])",,,,,,,,,,,,,,,,,,,,,,,,
274,computer vision,Graph Neural Networks,10,2025-06-18T13:59:09.661659,,,,,,,,,,,,,,,,,,,,,,,,,,,,,,,,,,,,,60.0,1.894721269607544,medical diagnosis,unknown,True,"Episode_60: 中間抽象度, 集約的 (dims: [13, 282, 58, 91, 281])",,,,,,,,,,,,,,,,,,
274,computer vision,Graph Neural Networks,10,2025-06-18T13:59:09.661659,,,,,,,,,,,,,,,,,,,,,,,,,,,,,,,,,,,,,,,,,,,70.0,1.894721269607544,medical diagnosis,unknown,True,"Episode_70: 中間抽象度, 集約的 (dims: [13, 282, 58, 91, 281])",,,,,,,,,,,,
274,computer vision,Graph Neural Networks,10,2025-06-18T13:59:09.661659,,,,,,,,,,,,,,,,,,,,,,,,,,,,,,,,,,,,,,,,,,,,,,,,,80.0,1.894721269607544,medical diagnosis,unknown,True,"Episode_80: 中間抽象度, 集約的 (dims: [13, 282, 58, 91, 281])",,,,,,
274,computer vision,Graph Neural Networks,10,2025-06-18T13:59:09.661659,,,,,,,,,,,,,,,,,,,,,,,,,,,,,,,,,,,,,,,,,,,,,,,,,,,,,,,90.0,1.894721269607544,medical diagnosis,unknown,True,"Episode_90: 中間抽象度, 集約的 (dims: [13, 282, 58, 91, 281])"
275,robotics,Federated Learning,10,2025-06-18T13:59:09.706512,5.0,1.8728573322296143,cybersecurity,unknown,True,"Episode_5: 中間抽象度, 集約的 (dims: [106, 62, 379, 367, 71])",,,,,,,,,,,,,,,,,,,,,,,,,,,,,,,,,,,,,,,,,,,,,,,,,,,,,,
275,robotics,Federated Learning,10,2025-06-18T13:59:09.706512,,,,,,,15.0,1.8728573322296143,cybersecurity,unknown,True,"Episode_15: 中間抽象度, 集約的 (dims: [106, 62, 379, 367, 71])",,,,,,,,,,,,,,,,,,,,,,,,,,,,,,,,,,,,,,,,,,,,,,,,
275,robotics,Federated Learning,10,2025-06-18T13:59:09.706512,,,,,,,,,,,,,25.0,1.8728573322296143,cybersecurity,unknown,True,"Episode_25: 中間抽象度, 集約的 (dims: [106, 62, 379, 367, 71])",,,,,,,,,,,,,,,,,,,,,,,,,,,,,,,,,,,,,,,,,,
275,robotics,Federated Learning,10,2025-06-18T13:59:09.706512,,,,,,,,,,,,,,,,,,,35.0,1.8728573322296143,cybersecurity,unknown,True,"Episode_35: 中間抽象度, 集約的 (dims: [106, 62, 379, 367, 71])",,,,,,,,,,,,,,,,,,,,,,,,,,,,,,,,,,,,
275,robotics,Federated Learning,10,2025-06-18T13:59:09.706512,,,,,,,,,,,,,,,,,,,,,,,,,45.0,1.8728573322296143,cybersecurity,unknown,True,"Episode_45: 中間抽象度, 集約的 (dims: [106, 62, 379, 367, 71])",,,,,,,,,,,,,,,,,,,,,,,,,,,,,,
275,robotics,Federated Learning,10,2025-06-18T13:59:09.706512,,,,,,,,,,,,,,,,,,,,,,,,,,,,,,,55.0,1.8728573322296143,cybersecurity,unknown,True,"Episode_55: 中間抽象度, 集約的 (dims: [106, 62, 379, 367, 71])",,,,,,,,,,,,,,,,,,,,,,,,
275,robotics,Federated Learning,10,2025-06-18T13:59:09.706512,,,,,,,,,,,,,,,,,,,,,,,,,,,,,,,,,,,,,65.0,1.8728573322296143,cybersecurity,unknown,True,"Episode_65: 中間抽象度, 集約的 (dims: [106, 62, 379, 367, 71])",,,,,,,,,,,,,,,,,,
275,robotics,Federated Learning,10,2025-06-18T13:59:09.706512,,,,,,,,,,,,,,,,,,,,,,,,,,,,,,,,,,,,,,,,,,,75.0,1.8728573322296143,cybersecurity,unknown,True,"Episode_75: 中間抽象度, 集約的 (dims: [106, 62, 379, 367, 71])",,,,,,,,,,,,
275,robotics,Federated Learning,10,2025-06-18T13:59:09.706512,,,,,,,,,,,,,,,,,,,,,,,,,,,,,,,,,,,,,,,,,,,,,,,,,85.0,1.8728573322296143,cybersecurity,unknown,True,"Episode_85: 中間抽象度, 集約的 (dims: [106, 62, 379, 367, 71])",,,,,,
275,robotics,Federated Learning,10,2025-06-18T13:59:09.706512,,,,,,,,,,,,,,,,,,,,,,,,,,,,,,,,,,,,,,,,,,,,,,,,,,,,,,,95.0,1.8728573322296143,cybersecurity,unknown,True,"Episode_95: 中間抽象度, 集約的 (dims: [106, 62, 379, 367, 71])"
276,cybersecurity,Explainable AI,10,2025-06-18T13:59:09.751064,0.0,1.911033272743225,medical diagnosis,unknown,True,"Episode_0: 中間抽象度, 集約的 (dims: [13, 282, 58, 91, 281])",,,,,,,,,,,,,,,,,,,,,,,,,,,,,,,,,,,,,,,,,,,,,,,,,,,,,,
276,cybersecurity,Explainable AI,10,2025-06-18T13:59:09.751064,,,,,,,10.0,1.911033272743225,medical diagnosis,unknown,True,"Episode_10: 中間抽象度, 集約的 (dims: [13, 282, 58, 91, 281])",,,,,,,,,,,,,,,,,,,,,,,,,,,,,,,,,,,,,,,,,,,,,,,,
276,cybersecurity,Explainable AI,10,2025-06-18T13:59:09.751064,,,,,,,,,,,,,20.0,1.911033272743225,medical diagnosis,unknown,True,"Episode_20: 中間抽象度, 集約的 (dims: [13, 282, 58, 91, 281])",,,,,,,,,,,,,,,,,,,,,,,,,,,,,,,,,,,,,,,,,,
276,cybersecurity,Explainable AI,10,2025-06-18T13:59:09.751064,,,,,,,,,,,,,,,,,,,30.0,1.911033272743225,medical diagnosis,unknown,True,"Episode_30: 中間抽象度, 集約的 (dims: [13, 282, 58, 91, 281])",,,,,,,,,,,,,,,,,,,,,,,,,,,,,,,,,,,,
276,cybersecurity,Explainable AI,10,2025-06-18T13:59:09.751064,,,,,,,,,,,,,,,,,,,,,,,,,40.0,1.911033272743225,medical diagnosis,unknown,True,"Episode_40: 中間抽象度, 集約的 (dims: [13, 282, 58, 91, 281])",,,,,,,,,,,,,,,,,,,,,,,,,,,,,,
276,cybersecurity,Explainable AI,10,2025-06-18T13:59:09.751064,,,,,,,,,,,,,,,,,,,,,,,,,,,,,,,50.0,1.911033272743225,medical diagnosis,unknown,True,"Episode_50: 中間抽象度, 集約的 (dims: [13, 282, 58, 91, 281])",,,,,,,,,,,,,,,,,,,,,,,,
276,cybersecurity,Explainable AI,10,2025-06-18T13:59:09.751064,,,,,,,,,,,,,,,,,,,,,,,,,,,,,,,,,,,,,60.0,1.911033272743225,medical diagnosis,unknown,True,"Episode_60: 中間抽象度, 集約的 (dims: [13, 282, 58, 91, 281])",,,,,,,,,,,,,,,,,,
276,cybersecurity,Explainable AI,10,2025-06-18T13:59:09.751064,,,,,,,,,,,,,,,,,,,,,,,,,,,,,,,,,,,,,,,,,,,70.0,1.911033272743225,medical diagnosis,unknown,True,"Episode_70: 中間抽象度, 集約的 (dims: [13, 282, 58, 91, 281])",,,,,,,,,,,,
276,cybersecurity,Explainable AI,10,2025-06-18T13:59:09.751064,,,,,,,,,,,,,,,,,,,,,,,,,,,,,,,,,,,,,,,,,,,,,,,,,80.0,1.911033272743225,medical diagnosis,unknown,True,"Episode_80: 中間抽象度, 集約的 (dims: [13, 282, 58, 91, 281])",,,,,,
276,cybersecurity,Explainable AI,10,2025-06-18T13:59:09.751064,,,,,,,,,,,,,,,,,,,,,,,,,,,,,,,,,,,,,,,,,,,,,,,,,,,,,,,90.0,1.911033272743225,medical diagnosis,unknown,True,"Episode_90: 中間抽象度, 集約的 (dims: [13, 282, 58, 91, 281])"
277,climate modeling,Multimodal Learning,10,2025-06-18T13:59:09.795062,5.0,1.9013603925704956,cybersecurity,unknown,True,"Episode_5: 中間抽象度, 集約的 (dims: [106, 62, 379, 367, 71])",,,,,,,,,,,,,,,,,,,,,,,,,,,,,,,,,,,,,,,,,,,,,,,,,,,,,,
277,climate modeling,Multimodal Learning,10,2025-06-18T13:59:09.795062,,,,,,,15.0,1.9013603925704956,cybersecurity,unknown,True,"Episode_15: 中間抽象度, 集約的 (dims: [106, 62, 379, 367, 71])",,,,,,,,,,,,,,,,,,,,,,,,,,,,,,,,,,,,,,,,,,,,,,,,
277,climate modeling,Multimodal Learning,10,2025-06-18T13:59:09.795062,,,,,,,,,,,,,25.0,1.9013603925704956,cybersecurity,unknown,True,"Episode_25: 中間抽象度, 集約的 (dims: [106, 62, 379, 367, 71])",,,,,,,,,,,,,,,,,,,,,,,,,,,,,,,,,,,,,,,,,,
277,climate modeling,Multimodal Learning,10,2025-06-18T13:59:09.795062,,,,,,,,,,,,,,,,,,,35.0,1.9013603925704956,cybersecurity,unknown,True,"Episode_35: 中間抽象度, 集約的 (dims: [106, 62, 379, 367, 71])",,,,,,,,,,,,,,,,,,,,,,,,,,,,,,,,,,,,
277,climate modeling,Multimodal Learning,10,2025-06-18T13:59:09.795062,,,,,,,,,,,,,,,,,,,,,,,,,45.0,1.9013603925704956,cybersecurity,unknown,True,"Episode_45: 中間抽象度, 集約的 (dims: [106, 62, 379, 367, 71])",,,,,,,,,,,,,,,,,,,,,,,,,,,,,,
277,climate modeling,Multimodal Learning,10,2025-06-18T13:59:09.795062,,,,,,,,,,,,,,,,,,,,,,,,,,,,,,,55.0,1.9013603925704956,cybersecurity,unknown,True,"Episode_55: 中間抽象度, 集約的 (dims: [106, 62, 379, 367, 71])",,,,,,,,,,,,,,,,,,,,,,,,
277,climate modeling,Multimodal Learning,10,2025-06-18T13:59:09.795062,,,,,,,,,,,,,,,,,,,,,,,,,,,,,,,,,,,,,65.0,1.9013603925704956,cybersecurity,unknown,True,"Episode_65: 中間抽象度, 集約的 (dims: [106, 62, 379, 367, 71])",,,,,,,,,,,,,,,,,,
277,climate modeling,Multimodal Learning,10,2025-06-18T13:59:09.795062,,,,,,,,,,,,,,,,,,,,,,,,,,,,,,,,,,,,,,,,,,,75.0,1.9013603925704956,cybersecurity,unknown,True,"Episode_75: 中間抽象度, 集約的 (dims: [106, 62, 379, 367, 71])",,,,,,,,,,,,
277,climate modeling,Multimodal Learning,10,2025-06-18T13:59:09.795062,,,,,,,,,,,,,,,,,,,,,,,,,,,,,,,,,,,,,,,,,,,,,,,,,85.0,1.9013603925704956,cybersecurity,unknown,True,"Episode_85: 中間抽象度, 集約的 (dims: [106, 62, 379, 367, 71])",,,,,,
277,climate modeling,Multimodal Learning,10,2025-06-18T13:59:09.795062,,,,,,,,,,,,,,,,,,,,,,,,,,,,,,,,,,,,,,,,,,,,,,,,,,,,,,,95.0,1.9013603925704956,cybersecurity,unknown,True,"Episode_95: 中間抽象度, 集約的 (dims: [106, 62, 379, 367, 71])"
278,drug discovery,Few-shot Learning,10,2025-06-18T13:59:09.840162,0.0,1.9221811294555664,medical diagnosis,unknown,True,"Episode_0: 中間抽象度, 集約的 (dims: [13, 282, 58, 91, 281])",,,,,,,,,,,,,,,,,,,,,,,,,,,,,,,,,,,,,,,,,,,,,,,,,,,,,,
278,drug discovery,Few-shot Learning,10,2025-06-18T13:59:09.840162,,,,,,,10.0,1.9221811294555664,medical diagnosis,unknown,True,"Episode_10: 中間抽象度, 集約的 (dims: [13, 282, 58, 91, 281])",,,,,,,,,,,,,,,,,,,,,,,,,,,,,,,,,,,,,,,,,,,,,,,,
278,drug discovery,Few-shot Learning,10,2025-06-18T13:59:09.840162,,,,,,,,,,,,,20.0,1.9221811294555664,medical diagnosis,unknown,True,"Episode_20: 中間抽象度, 集約的 (dims: [13, 282, 58, 91, 281])",,,,,,,,,,,,,,,,,,,,,,,,,,,,,,,,,,,,,,,,,,
278,drug discovery,Few-shot Learning,10,2025-06-18T13:59:09.840162,,,,,,,,,,,,,,,,,,,30.0,1.9221811294555664,medical diagnosis,unknown,True,"Episode_30: 中間抽象度, 集約的 (dims: [13, 282, 58, 91, 281])",,,,,,,,,,,,,,,,,,,,,,,,,,,,,,,,,,,,
278,drug discovery,Few-shot Learning,10,2025-06-18T13:59:09.840162,,,,,,,,,,,,,,,,,,,,,,,,,40.0,1.9221811294555664,medical diagnosis,unknown,True,"Episode_40: 中間抽象度, 集約的 (dims: [13, 282, 58, 91, 281])",,,,,,,,,,,,,,,,,,,,,,,,,,,,,,
278,drug discovery,Few-shot Learning,10,2025-06-18T13:59:09.840162,,,,,,,,,,,,,,,,,,,,,,,,,,,,,,,50.0,1.9221811294555664,medical diagnosis,unknown,True,"Episode_50: 中間抽象度, 集約的 (dims: [13, 282, 58, 91, 281])",,,,,,,,,,,,,,,,,,,,,,,,
278,drug discovery,Few-shot Learning,10,2025-06-18T13:59:09.840162,,,,,,,,,,,,,,,,,,,,,,,,,,,,,,,,,,,,,60.0,1.9221811294555664,medical diagnosis,unknown,True,"Episode_60: 中間抽象度, 集約的 (dims: [13, 282, 58, 91, 281])",,,,,,,,,,,,,,,,,,
278,drug discovery,Few-shot Learning,10,2025-06-18T13:59:09.840162,,,,,,,,,,,,,,,,,,,,,,,,,,,,,,,,,,,,,,,,,,,70.0,1.9221811294555664,medical diagnosis,unknown,True,"Episode_70: 中間抽象度, 集約的 (dims: [13, 282, 58, 91, 281])",,,,,,,,,,,,
278,drug discovery,Few-shot Learning,10,2025-06-18T13:59:09.840162,,,,,,,,,,,,,,,,,,,,,,,,,,,,,,,,,,,,,,,,,,,,,,,,,80.0,1.9221811294555664,medical diagnosis,unknown,True,"Episode_80: 中間抽象度, 集約的 (dims: [13, 282, 58, 91, 281])",,,,,,
278,drug discovery,Few-shot Learning,10,2025-06-18T13:59:09.840162,,,,,,,,,,,,,,,,,,,,,,,,,,,,,,,,,,,,,,,,,,,,,,,,,,,,,,,90.0,1.9221811294555664,medical diagnosis,unknown,True,"Episode_90: 中間抽象度, 集約的 (dims: [13, 282, 58, 91, 281])"
279,financial prediction,Transfer Learning,10,2025-06-18T13:59:09.885093,0.0,1.9256962537765503,medical diagnosis,unknown,True,"Episode_0: 中間抽象度, 集約的 (dims: [13, 282, 58, 91, 281])",,,,,,,,,,,,,,,,,,,,,,,,,,,,,,,,,,,,,,,,,,,,,,,,,,,,,,
279,financial prediction,Transfer Learning,10,2025-06-18T13:59:09.885093,,,,,,,10.0,1.9256962537765503,medical diagnosis,unknown,True,"Episode_10: 中間抽象度, 集約的 (dims: [13, 282, 58, 91, 281])",,,,,,,,,,,,,,,,,,,,,,,,,,,,,,,,,,,,,,,,,,,,,,,,
279,financial prediction,Transfer Learning,10,2025-06-18T13:59:09.885093,,,,,,,,,,,,,20.0,1.9256962537765503,medical diagnosis,unknown,True,"Episode_20: 中間抽象度, 集約的 (dims: [13, 282, 58, 91, 281])",,,,,,,,,,,,,,,,,,,,,,,,,,,,,,,,,,,,,,,,,,
279,financial prediction,Transfer Learning,10,2025-06-18T13:59:09.885093,,,,,,,,,,,,,,,,,,,30.0,1.9256962537765503,medical diagnosis,unknown,True,"Episode_30: 中間抽象度, 集約的 (dims: [13, 282, 58, 91, 281])",,,,,,,,,,,,,,,,,,,,,,,,,,,,,,,,,,,,
279,financial prediction,Transfer Learning,10,2025-06-18T13:59:09.885093,,,,,,,,,,,,,,,,,,,,,,,,,40.0,1.9256962537765503,medical diagnosis,unknown,True,"Episode_40: 中間抽象度, 集約的 (dims: [13, 282, 58, 91, 281])",,,,,,,,,,,,,,,,,,,,,,,,,,,,,,
279,financial prediction,Transfer Learning,10,2025-06-18T13:59:09.885093,,,,,,,,,,,,,,,,,,,,,,,,,,,,,,,50.0,1.9256962537765503,medical diagnosis,unknown,True,"Episode_50: 中間抽象度, 集約的 (dims: [13, 282, 58, 91, 281])",,,,,,,,,,,,,,,,,,,,,,,,
279,financial prediction,Transfer Learning,10,2025-06-18T13:59:09.885093,,,,,,,,,,,,,,,,,,,,,,,,,,,,,,,,,,,,,60.0,1.9256962537765503,medical diagnosis,unknown,True,"Episode_60: 中間抽象度, 集約的 (dims: [13, 282, 58, 91, 281])",,,,,,,,,,,,,,,,,,
279,financial prediction,Transfer Learning,10,2025-06-18T13:59:09.885093,,,,,,,,,,,,,,,,,,,,,,,,,,,,,,,,,,,,,,,,,,,70.0,1.9256962537765503,medical diagnosis,unknown,True,"Episode_70: 中間抽象度, 集約的 (dims: [13, 282, 58, 91, 281])",,,,,,,,,,,,
279,financial prediction,Transfer Learning,10,2025-06-18T13:59:09.885093,,,,,,,,,,,,,,,,,,,,,,,,,,,,,,,,,,,,,,,,,,,,,,,,,80.0,1.9256962537765503,medical diagnosis,unknown,True,"Episode_80: 中間抽象度, 集約的 (dims: [13, 282, 58, 91, 281])",,,,,,
279,financial prediction,Transfer Learning,10,2025-06-18T13:59:09.885093,,,,,,,,,,,,,,,,,,,,,,,,,,,,,,,,,,,,,,,,,,,,,,,,,,,,,,,90.0,1.9256962537765503,medical diagnosis,unknown,True,"Episode_90: 中間抽象度, 集約的 (dims: [13, 282, 58, 91, 281])"
280,educational technology,Adversarial Machine Learning,10,2025-06-18T13:59:09.930760,0.0,1.928670048713684,medical diagnosis,unknown,True,"Episode_0: 中間抽象度, 集約的 (dims: [13, 282, 58, 91, 281])",,,,,,,,,,,,,,,,,,,,,,,,,,,,,,,,,,,,,,,,,,,,,,,,,,,,,,
280,educational technology,Adversarial Machine Learning,10,2025-06-18T13:59:09.930760,,,,,,,10.0,1.928670048713684,medical diagnosis,unknown,True,"Episode_10: 中間抽象度, 集約的 (dims: [13, 282, 58, 91, 281])",,,,,,,,,,,,,,,,,,,,,,,,,,,,,,,,,,,,,,,,,,,,,,,,
280,educational technology,Adversarial Machine Learning,10,2025-06-18T13:59:09.930760,,,,,,,,,,,,,20.0,1.928670048713684,medical diagnosis,unknown,True,"Episode_20: 中間抽象度, 集約的 (dims: [13, 282, 58, 91, 281])",,,,,,,,,,,,,,,,,,,,,,,,,,,,,,,,,,,,,,,,,,
280,educational technology,Adversarial Machine Learning,10,2025-06-18T13:59:09.930760,,,,,,,,,,,,,,,,,,,30.0,1.928670048713684,medical diagnosis,unknown,True,"Episode_30: 中間抽象度, 集約的 (dims: [13, 282, 58, 91, 281])",,,,,,,,,,,,,,,,,,,,,,,,,,,,,,,,,,,,
280,educational technology,Adversarial Machine Learning,10,2025-06-18T13:59:09.930760,,,,,,,,,,,,,,,,,,,,,,,,,40.0,1.928670048713684,medical diagnosis,unknown,True,"Episode_40: 中間抽象度, 集約的 (dims: [13, 282, 58, 91, 281])",,,,,,,,,,,,,,,,,,,,,,,,,,,,,,
280,educational technology,Adversarial Machine Learning,10,2025-06-18T13:59:09.930760,,,,,,,,,,,,,,,,,,,,,,,,,,,,,,,50.0,1.928670048713684,medical diagnosis,unknown,True,"Episode_50: 中間抽象度, 集約的 (dims: [13, 282, 58, 91, 281])",,,,,,,,,,,,,,,,,,,,,,,,
280,educational technology,Adversarial Machine Learning,10,2025-06-18T13:59:09.930760,,,,,,,,,,,,,,,,,,,,,,,,,,,,,,,,,,,,,60.0,1.928670048713684,medical diagnosis,unknown,True,"Episode_60: 中間抽象度, 集約的 (dims: [13, 282, 58, 91, 281])",,,,,,,,,,,,,,,,,,
280,educational technology,Adversarial Machine Learning,10,2025-06-18T13:59:09.930760,,,,,,,,,,,,,,,,,,,,,,,,,,,,,,,,,,,,,,,,,,,70.0,1.928670048713684,medical diagnosis,unknown,True,"Episode_70: 中間抽象度, 集約的 (dims: [13, 282, 58, 91, 281])",,,,,,,,,,,,
280,educational technology,Adversarial Machine Learning,10,2025-06-18T13:59:09.930760,,,,,,,,,,,,,,,,,,,,,,,,,,,,,,,,,,,,,,,,,,,,,,,,,80.0,1.928670048713684,medical diagnosis,unknown,True,"Episode_80: 中間抽象度, 集約的 (dims: [13, 282, 58, 91, 281])",,,,,,
280,educational technology,Adversarial Machine Learning,10,2025-06-18T13:59:09.930760,,,,,,,,,,,,,,,,,,,,,,,,,,,,,,,,,,,,,,,,,,,,,,,,,,,,,,,90.0,1.928670048713684,medical diagnosis,unknown,True,"Episode_90: 中間抽象度, 集約的 (dims: [13, 282, 58, 91, 281])"
281,medical diagnosis,Large Language Models,0,2025-06-18T13:59:09.975505,0.0,1.8874430656433105,medical diagnosis,unknown,False,"Episode_0: 中間抽象度, 集約的 (dims: [13, 282, 58, 91, 281])",,,,,,,,,,,,,,,,,,,,,,,,,,,,,,,,,,,,,,,,,,,,,,,,,,,,,,
281,medical diagnosis,Large Language Models,0,2025-06-18T13:59:09.975505,,,,,,,10.0,1.8874430656433105,medical diagnosis,unknown,False,"Episode_10: 中間抽象度, 集約的 (dims: [13, 282, 58, 91, 281])",,,,,,,,,,,,,,,,,,,,,,,,,,,,,,,,,,,,,,,,,,,,,,,,
281,medical diagnosis,Large Language Models,0,2025-06-18T13:59:09.975505,,,,,,,,,,,,,20.0,1.8874430656433105,medical diagnosis,unknown,False,"Episode_20: 中間抽象度, 集約的 (dims: [13, 282, 58, 91, 281])",,,,,,,,,,,,,,,,,,,,,,,,,,,,,,,,,,,,,,,,,,
281,medical diagnosis,Large Language Models,0,2025-06-18T13:59:09.975505,,,,,,,,,,,,,,,,,,,30.0,1.8874430656433105,medical diagnosis,unknown,False,"Episode_30: 中間抽象度, 集約的 (dims: [13, 282, 58, 91, 281])",,,,,,,,,,,,,,,,,,,,,,,,,,,,,,,,,,,,
281,medical diagnosis,Large Language Models,0,2025-06-18T13:59:09.975505,,,,,,,,,,,,,,,,,,,,,,,,,40.0,1.8874430656433105,medical diagnosis,unknown,False,"Episode_40: 中間抽象度, 集約的 (dims: [13, 282, 58, 91, 281])",,,,,,,,,,,,,,,,,,,,,,,,,,,,,,
281,medical diagnosis,Large Language Models,0,2025-06-18T13:59:09.975505,,,,,,,,,,,,,,,,,,,,,,,,,,,,,,,50.0,1.8874430656433105,medical diagnosis,unknown,False,"Episode_50: 中間抽象度, 集約的 (dims: [13, 282, 58, 91, 281])",,,,,,,,,,,,,,,,,,,,,,,,
281,medical diagnosis,Large Language Models,0,2025-06-18T13:59:09.975505,,,,,,,,,,,,,,,,,,,,,,,,,,,,,,,,,,,,,60.0,1.8874430656433105,medical diagnosis,unknown,False,"Episode_60: 中間抽象度, 集約的 (dims: [13, 282, 58, 91, 281])",,,,,,,,,,,,,,,,,,
281,medical diagnosis,Large Language Models,0,2025-06-18T13:59:09.975505,,,,,,,,,,,,,,,,,,,,,,,,,,,,,,,,,,,,,,,,,,,70.0,1.8874430656433105,medical diagnosis,unknown,False,"Episode_70: 中間抽象度, 集約的 (dims: [13, 282, 58, 91, 281])",,,,,,,,,,,,
281,medical diagnosis,Large Language Models,0,2025-06-18T13:59:09.975505,,,,,,,,,,,,,,,,,,,,,,,,,,,,,,,,,,,,,,,,,,,,,,,,,80.0,1.8874430656433105,medical diagnosis,unknown,False,"Episode_80: 中間抽象度, 集約的 (dims: [13, 282, 58, 91, 281])",,,,,,
281,medical diagnosis,Large Language Models,0,2025-06-18T13:59:09.975505,,,,,,,,,,,,,,,,,,,,,,,,,,,,,,,,,,,,,,,,,,,,,,,,,,,,,,,90.0,1.8874430656433105,medical diagnosis,unknown,False,"Episode_90: 中間抽象度, 集約的 (dims: [13, 282, 58, 91, 281])"
282,autonomous systems,Computer Vision,10,2025-06-18T13:59:10.018730,0.0,1.8768787384033203,medical diagnosis,unknown,True,"Episode_0: 中間抽象度, 集約的 (dims: [13, 282, 58, 91, 281])",,,,,,,,,,,,,,,,,,,,,,,,,,,,,,,,,,,,,,,,,,,,,,,,,,,,,,
282,autonomous systems,Computer Vision,10,2025-06-18T13:59:10.018730,,,,,,,10.0,1.8768787384033203,medical diagnosis,unknown,True,"Episode_10: 中間抽象度, 集約的 (dims: [13, 282, 58, 91, 281])",,,,,,,,,,,,,,,,,,,,,,,,,,,,,,,,,,,,,,,,,,,,,,,,
282,autonomous systems,Computer Vision,10,2025-06-18T13:59:10.018730,,,,,,,,,,,,,20.0,1.8768787384033203,medical diagnosis,unknown,True,"Episode_20: 中間抽象度, 集約的 (dims: [13, 282, 58, 91, 281])",,,,,,,,,,,,,,,,,,,,,,,,,,,,,,,,,,,,,,,,,,
282,autonomous systems,Computer Vision,10,2025-06-18T13:59:10.018730,,,,,,,,,,,,,,,,,,,30.0,1.8768787384033203,medical diagnosis,unknown,True,"Episode_30: 中間抽象度, 集約的 (dims: [13, 282, 58, 91, 281])",,,,,,,,,,,,,,,,,,,,,,,,,,,,,,,,,,,,
282,autonomous systems,Computer Vision,10,2025-06-18T13:59:10.018730,,,,,,,,,,,,,,,,,,,,,,,,,40.0,1.8768787384033203,medical diagnosis,unknown,True,"Episode_40: 中間抽象度, 集約的 (dims: [13, 282, 58, 91, 281])",,,,,,,,,,,,,,,,,,,,,,,,,,,,,,
282,autonomous systems,Computer Vision,10,2025-06-18T13:59:10.018730,,,,,,,,,,,,,,,,,,,,,,,,,,,,,,,50.0,1.8768787384033203,medical diagnosis,unknown,True,"Episode_50: 中間抽象度, 集約的 (dims: [13, 282, 58, 91, 281])",,,,,,,,,,,,,,,,,,,,,,,,
282,autonomous systems,Computer Vision,10,2025-06-18T13:59:10.018730,,,,,,,,,,,,,,,,,,,,,,,,,,,,,,,,,,,,,60.0,1.8768787384033203,medical diagnosis,unknown,True,"Episode_60: 中間抽象度, 集約的 (dims: [13, 282, 58, 91, 281])",,,,,,,,,,,,,,,,,,
282,autonomous systems,Computer Vision,10,2025-06-18T13:59:10.018730,,,,,,,,,,,,,,,,,,,,,,,,,,,,,,,,,,,,,,,,,,,70.0,1.8768787384033203,medical diagnosis,unknown,True,"Episode_70: 中間抽象度, 集約的 (dims: [13, 282, 58, 91, 281])",,,,,,,,,,,,
282,autonomous systems,Computer Vision,10,2025-06-18T13:59:10.018730,,,,,,,,,,,,,,,,,,,,,,,,,,,,,,,,,,,,,,,,,,,,,,,,,80.0,1.8768787384033203,medical diagnosis,unknown,True,"Episode_80: 中間抽象度, 集約的 (dims: [13, 282, 58, 91, 281])",,,,,,
282,autonomous systems,Computer Vision,10,2025-06-18T13:59:10.018730,,,,,,,,,,,,,,,,,,,,,,,,,,,,,,,,,,,,,,,,,,,,,,,,,,,,,,,90.0,1.8768787384033203,medical diagnosis,unknown,True,"Episode_90: 中間抽象度, 集約的 (dims: [13, 282, 58, 91, 281])"
283,natural language processing,Reinforcement Learning,10,2025-06-18T13:59:10.062615,5.0,1.8832250833511353,cybersecurity,unknown,True,"Episode_5: 中間抽象度, 集約的 (dims: [106, 62, 379, 367, 71])",,,,,,,,,,,,,,,,,,,,,,,,,,,,,,,,,,,,,,,,,,,,,,,,,,,,,,
283,natural language processing,Reinforcement Learning,10,2025-06-18T13:59:10.062615,,,,,,,15.0,1.8832250833511353,cybersecurity,unknown,True,"Episode_15: 中間抽象度, 集約的 (dims: [106, 62, 379, 367, 71])",,,,,,,,,,,,,,,,,,,,,,,,,,,,,,,,,,,,,,,,,,,,,,,,
283,natural language processing,Reinforcement Learning,10,2025-06-18T13:59:10.062615,,,,,,,,,,,,,25.0,1.8832250833511353,cybersecurity,unknown,True,"Episode_25: 中間抽象度, 集約的 (dims: [106, 62, 379, 367, 71])",,,,,,,,,,,,,,,,,,,,,,,,,,,,,,,,,,,,,,,,,,
283,natural language processing,Reinforcement Learning,10,2025-06-18T13:59:10.062615,,,,,,,,,,,,,,,,,,,35.0,1.8832250833511353,cybersecurity,unknown,True,"Episode_35: 中間抽象度, 集約的 (dims: [106, 62, 379, 367, 71])",,,,,,,,,,,,,,,,,,,,,,,,,,,,,,,,,,,,
283,natural language processing,Reinforcement Learning,10,2025-06-18T13:59:10.062615,,,,,,,,,,,,,,,,,,,,,,,,,45.0,1.8832250833511353,cybersecurity,unknown,True,"Episode_45: 中間抽象度, 集約的 (dims: [106, 62, 379, 367, 71])",,,,,,,,,,,,,,,,,,,,,,,,,,,,,,
283,natural language processing,Reinforcement Learning,10,2025-06-18T13:59:10.062615,,,,,,,,,,,,,,,,,,,,,,,,,,,,,,,55.0,1.8832250833511353,cybersecurity,unknown,True,"Episode_55: 中間抽象度, 集約的 (dims: [106, 62, 379, 367, 71])",,,,,,,,,,,,,,,,,,,,,,,,
283,natural language processing,Reinforcement Learning,10,2025-06-18T13:59:10.062615,,,,,,,,,,,,,,,,,,,,,,,,,,,,,,,,,,,,,65.0,1.8832250833511353,cybersecurity,unknown,True,"Episode_65: 中間抽象度, 集約的 (dims: [106, 62, 379, 367, 71])",,,,,,,,,,,,,,,,,,
283,natural language processing,Reinforcement Learning,10,2025-06-18T13:59:10.062615,,,,,,,,,,,,,,,,,,,,,,,,,,,,,,,,,,,,,,,,,,,75.0,1.8832250833511353,cybersecurity,unknown,True,"Episode_75: 中間抽象度, 集約的 (dims: [106, 62, 379, 367, 71])",,,,,,,,,,,,
283,natural language processing,Reinforcement Learning,10,2025-06-18T13:59:10.062615,,,,,,,,,,,,,,,,,,,,,,,,,,,,,,,,,,,,,,,,,,,,,,,,,85.0,1.8832250833511353,cybersecurity,unknown,True,"Episode_85: 中間抽象度, 集約的 (dims: [106, 62, 379, 367, 71])",,,,,,
283,natural language processing,Reinforcement Learning,10,2025-06-18T13:59:10.062615,,,,,,,,,,,,,,,,,,,,,,,,,,,,,,,,,,,,,,,,,,,,,,,,,,,,,,,95.0,1.8832250833511353,cybersecurity,unknown,True,"Episode_95: 中間抽象度, 集約的 (dims: [106, 62, 379, 367, 71])"
284,computer vision,Graph Neural Networks,10,2025-06-18T13:59:10.106738,0.0,1.894721269607544,medical diagnosis,unknown,True,"Episode_0: 中間抽象度, 集約的 (dims: [13, 282, 58, 91, 281])",,,,,,,,,,,,,,,,,,,,,,,,,,,,,,,,,,,,,,,,,,,,,,,,,,,,,,
284,computer vision,Graph Neural Networks,10,2025-06-18T13:59:10.106738,,,,,,,10.0,1.894721269607544,medical diagnosis,unknown,True,"Episode_10: 中間抽象度, 集約的 (dims: [13, 282, 58, 91, 281])",,,,,,,,,,,,,,,,,,,,,,,,,,,,,,,,,,,,,,,,,,,,,,,,
284,computer vision,Graph Neural Networks,10,2025-06-18T13:59:10.106738,,,,,,,,,,,,,20.0,1.894721269607544,medical diagnosis,unknown,True,"Episode_20: 中間抽象度, 集約的 (dims: [13, 282, 58, 91, 281])",,,,,,,,,,,,,,,,,,,,,,,,,,,,,,,,,,,,,,,,,,
284,computer vision,Graph Neural Networks,10,2025-06-18T13:59:10.106738,,,,,,,,,,,,,,,,,,,30.0,1.894721269607544,medical diagnosis,unknown,True,"Episode_30: 中間抽象度, 集約的 (dims: [13, 282, 58, 91, 281])",,,,,,,,,,,,,,,,,,,,,,,,,,,,,,,,,,,,
284,computer vision,Graph Neural Networks,10,2025-06-18T13:59:10.106738,,,,,,,,,,,,,,,,,,,,,,,,,40.0,1.894721269607544,medical diagnosis,unknown,True,"Episode_40: 中間抽象度, 集約的 (dims: [13, 282, 58, 91, 281])",,,,,,,,,,,,,,,,,,,,,,,,,,,,,,
284,computer vision,Graph Neural Networks,10,2025-06-18T13:59:10.106738,,,,,,,,,,,,,,,,,,,,,,,,,,,,,,,50.0,1.894721269607544,medical diagnosis,unknown,True,"Episode_50: 中間抽象度, 集約的 (dims: [13, 282, 58, 91, 281])",,,,,,,,,,,,,,,,,,,,,,,,
284,computer vision,Graph Neural Networks,10,2025-06-18T13:59:10.106738,,,,,,,,,,,,,,,,,,,,,,,,,,,,,,,,,,,,,60.0,1.894721269607544,medical diagnosis,unknown,True,"Episode_60: 中間抽象度, 集約的 (dims: [13, 282, 58, 91, 281])",,,,,,,,,,,,,,,,,,
284,computer vision,Graph Neural Networks,10,2025-06-18T13:59:10.106738,,,,,,,,,,,,,,,,,,,,,,,,,,,,,,,,,,,,,,,,,,,70.0,1.894721269607544,medical diagnosis,unknown,True,"Episode_70: 中間抽象度, 集約的 (dims: [13, 282, 58, 91, 281])",,,,,,,,,,,,
284,computer vision,Graph Neural Networks,10,2025-06-18T13:59:10.106738,,,,,,,,,,,,,,,,,,,,,,,,,,,,,,,,,,,,,,,,,,,,,,,,,80.0,1.894721269607544,medical diagnosis,unknown,True,"Episode_80: 中間抽象度, 集約的 (dims: [13, 282, 58, 91, 281])",,,,,,
284,computer vision,Graph Neural Networks,10,2025-06-18T13:59:10.106738,,,,,,,,,,,,,,,,,,,,,,,,,,,,,,,,,,,,,,,,,,,,,,,,,,,,,,,90.0,1.894721269607544,medical diagnosis,unknown,True,"Episode_90: 中間抽象度, 集約的 (dims: [13, 282, 58, 91, 281])"
285,robotics,Federated Learning,10,2025-06-18T13:59:10.150426,5.0,1.8728573322296143,cybersecurity,unknown,True,"Episode_5: 中間抽象度, 集約的 (dims: [106, 62, 379, 367, 71])",,,,,,,,,,,,,,,,,,,,,,,,,,,,,,,,,,,,,,,,,,,,,,,,,,,,,,
285,robotics,Federated Learning,10,2025-06-18T13:59:10.150426,,,,,,,15.0,1.8728573322296143,cybersecurity,unknown,True,"Episode_15: 中間抽象度, 集約的 (dims: [106, 62, 379, 367, 71])",,,,,,,,,,,,,,,,,,,,,,,,,,,,,,,,,,,,,,,,,,,,,,,,
285,robotics,Federated Learning,10,2025-06-18T13:59:10.150426,,,,,,,,,,,,,25.0,1.8728573322296143,cybersecurity,unknown,True,"Episode_25: 中間抽象度, 集約的 (dims: [106, 62, 379, 367, 71])",,,,,,,,,,,,,,,,,,,,,,,,,,,,,,,,,,,,,,,,,,
285,robotics,Federated Learning,10,2025-06-18T13:59:10.150426,,,,,,,,,,,,,,,,,,,35.0,1.8728573322296143,cybersecurity,unknown,True,"Episode_35: 中間抽象度, 集約的 (dims: [106, 62, 379, 367, 71])",,,,,,,,,,,,,,,,,,,,,,,,,,,,,,,,,,,,
285,robotics,Federated Learning,10,2025-06-18T13:59:10.150426,,,,,,,,,,,,,,,,,,,,,,,,,45.0,1.8728573322296143,cybersecurity,unknown,True,"Episode_45: 中間抽象度, 集約的 (dims: [106, 62, 379, 367, 71])",,,,,,,,,,,,,,,,,,,,,,,,,,,,,,
285,robotics,Federated Learning,10,2025-06-18T13:59:10.150426,,,,,,,,,,,,,,,,,,,,,,,,,,,,,,,55.0,1.8728573322296143,cybersecurity,unknown,True,"Episode_55: 中間抽象度, 集約的 (dims: [106, 62, 379, 367, 71])",,,,,,,,,,,,,,,,,,,,,,,,
285,robotics,Federated Learning,10,2025-06-18T13:59:10.150426,,,,,,,,,,,,,,,,,,,,,,,,,,,,,,,,,,,,,65.0,1.8728573322296143,cybersecurity,unknown,True,"Episode_65: 中間抽象度, 集約的 (dims: [106, 62, 379, 367, 71])",,,,,,,,,,,,,,,,,,
285,robotics,Federated Learning,10,2025-06-18T13:59:10.150426,,,,,,,,,,,,,,,,,,,,,,,,,,,,,,,,,,,,,,,,,,,75.0,1.8728573322296143,cybersecurity,unknown,True,"Episode_75: 中間抽象度, 集約的 (dims: [106, 62, 379, 367, 71])",,,,,,,,,,,,
285,robotics,Federated Learning,10,2025-06-18T13:59:10.150426,,,,,,,,,,,,,,,,,,,,,,,,,,,,,,,,,,,,,,,,,,,,,,,,,85.0,1.8728573322296143,cybersecurity,unknown,True,"Episode_85: 中間抽象度, 集約的 (dims: [106, 62, 379, 367, 71])",,,,,,
285,robotics,Federated Learning,10,2025-06-18T13:59:10.150426,,,,,,,,,,,,,,,,,,,,,,,,,,,,,,,,,,,,,,,,,,,,,,,,,,,,,,,95.0,1.8728573322296143,cybersecurity,unknown,True,"Episode_95: 中間抽象度, 集約的 (dims: [106, 62, 379, 367, 71])"
286,cybersecurity,Explainable AI,10,2025-06-18T13:59:10.194713,0.0,1.911033272743225,medical diagnosis,unknown,True,"Episode_0: 中間抽象度, 集約的 (dims: [13, 282, 58, 91, 281])",,,,,,,,,,,,,,,,,,,,,,,,,,,,,,,,,,,,,,,,,,,,,,,,,,,,,,
286,cybersecurity,Explainable AI,10,2025-06-18T13:59:10.194713,,,,,,,10.0,1.911033272743225,medical diagnosis,unknown,True,"Episode_10: 中間抽象度, 集約的 (dims: [13, 282, 58, 91, 281])",,,,,,,,,,,,,,,,,,,,,,,,,,,,,,,,,,,,,,,,,,,,,,,,
286,cybersecurity,Explainable AI,10,2025-06-18T13:59:10.194713,,,,,,,,,,,,,20.0,1.911033272743225,medical diagnosis,unknown,True,"Episode_20: 中間抽象度, 集約的 (dims: [13, 282, 58, 91, 281])",,,,,,,,,,,,,,,,,,,,,,,,,,,,,,,,,,,,,,,,,,
286,cybersecurity,Explainable AI,10,2025-06-18T13:59:10.194713,,,,,,,,,,,,,,,,,,,30.0,1.911033272743225,medical diagnosis,unknown,True,"Episode_30: 中間抽象度, 集約的 (dims: [13, 282, 58, 91, 281])",,,,,,,,,,,,,,,,,,,,,,,,,,,,,,,,,,,,
286,cybersecurity,Explainable AI,10,2025-06-18T13:59:10.194713,,,,,,,,,,,,,,,,,,,,,,,,,40.0,1.911033272743225,medical diagnosis,unknown,True,"Episode_40: 中間抽象度, 集約的 (dims: [13, 282, 58, 91, 281])",,,,,,,,,,,,,,,,,,,,,,,,,,,,,,
286,cybersecurity,Explainable AI,10,2025-06-18T13:59:10.194713,,,,,,,,,,,,,,,,,,,,,,,,,,,,,,,50.0,1.911033272743225,medical diagnosis,unknown,True,"Episode_50: 中間抽象度, 集約的 (dims: [13, 282, 58, 91, 281])",,,,,,,,,,,,,,,,,,,,,,,,
286,cybersecurity,Explainable AI,10,2025-06-18T13:59:10.194713,,,,,,,,,,,,,,,,,,,,,,,,,,,,,,,,,,,,,60.0,1.911033272743225,medical diagnosis,unknown,True,"Episode_60: 中間抽象度, 集約的 (dims: [13, 282, 58, 91, 281])",,,,,,,,,,,,,,,,,,
286,cybersecurity,Explainable AI,10,2025-06-18T13:59:10.194713,,,,,,,,,,,,,,,,,,,,,,,,,,,,,,,,,,,,,,,,,,,70.0,1.911033272743225,medical diagnosis,unknown,True,"Episode_70: 中間抽象度, 集約的 (dims: [13, 282, 58, 91, 281])",,,,,,,,,,,,
286,cybersecurity,Explainable AI,10,2025-06-18T13:59:10.194713,,,,,,,,,,,,,,,,,,,,,,,,,,,,,,,,,,,,,,,,,,,,,,,,,80.0,1.911033272743225,medical diagnosis,unknown,True,"Episode_80: 中間抽象度, 集約的 (dims: [13, 282, 58, 91, 281])",,,,,,
286,cybersecurity,Explainable AI,10,2025-06-18T13:59:10.194713,,,,,,,,,,,,,,,,,,,,,,,,,,,,,,,,,,,,,,,,,,,,,,,,,,,,,,,90.0,1.911033272743225,medical diagnosis,unknown,True,"Episode_90: 中間抽象度, 集約的 (dims: [13, 282, 58, 91, 281])"
287,climate modeling,Multimodal Learning,10,2025-06-18T13:59:10.239935,5.0,1.9013603925704956,cybersecurity,unknown,True,"Episode_5: 中間抽象度, 集約的 (dims: [106, 62, 379, 367, 71])",,,,,,,,,,,,,,,,,,,,,,,,,,,,,,,,,,,,,,,,,,,,,,,,,,,,,,
287,climate modeling,Multimodal Learning,10,2025-06-18T13:59:10.239935,,,,,,,15.0,1.9013603925704956,cybersecurity,unknown,True,"Episode_15: 中間抽象度, 集約的 (dims: [106, 62, 379, 367, 71])",,,,,,,,,,,,,,,,,,,,,,,,,,,,,,,,,,,,,,,,,,,,,,,,
287,climate modeling,Multimodal Learning,10,2025-06-18T13:59:10.239935,,,,,,,,,,,,,25.0,1.9013603925704956,cybersecurity,unknown,True,"Episode_25: 中間抽象度, 集約的 (dims: [106, 62, 379, 367, 71])",,,,,,,,,,,,,,,,,,,,,,,,,,,,,,,,,,,,,,,,,,
287,climate modeling,Multimodal Learning,10,2025-06-18T13:59:10.239935,,,,,,,,,,,,,,,,,,,35.0,1.9013603925704956,cybersecurity,unknown,True,"Episode_35: 中間抽象度, 集約的 (dims: [106, 62, 379, 367, 71])",,,,,,,,,,,,,,,,,,,,,,,,,,,,,,,,,,,,
287,climate modeling,Multimodal Learning,10,2025-06-18T13:59:10.239935,,,,,,,,,,,,,,,,,,,,,,,,,45.0,1.9013603925704956,cybersecurity,unknown,True,"Episode_45: 中間抽象度, 集約的 (dims: [106, 62, 379, 367, 71])",,,,,,,,,,,,,,,,,,,,,,,,,,,,,,
287,climate modeling,Multimodal Learning,10,2025-06-18T13:59:10.239935,,,,,,,,,,,,,,,,,,,,,,,,,,,,,,,55.0,1.9013603925704956,cybersecurity,unknown,True,"Episode_55: 中間抽象度, 集約的 (dims: [106, 62, 379, 367, 71])",,,,,,,,,,,,,,,,,,,,,,,,
287,climate modeling,Multimodal Learning,10,2025-06-18T13:59:10.239935,,,,,,,,,,,,,,,,,,,,,,,,,,,,,,,,,,,,,65.0,1.9013603925704956,cybersecurity,unknown,True,"Episode_65: 中間抽象度, 集約的 (dims: [106, 62, 379, 367, 71])",,,,,,,,,,,,,,,,,,
287,climate modeling,Multimodal Learning,10,2025-06-18T13:59:10.239935,,,,,,,,,,,,,,,,,,,,,,,,,,,,,,,,,,,,,,,,,,,75.0,1.9013603925704956,cybersecurity,unknown,True,"Episode_75: 中間抽象度, 集約的 (dims: [106, 62, 379, 367, 71])",,,,,,,,,,,,
287,climate modeling,Multimodal Learning,10,2025-06-18T13:59:10.239935,,,,,,,,,,,,,,,,,,,,,,,,,,,,,,,,,,,,,,,,,,,,,,,,,85.0,1.9013603925704956,cybersecurity,unknown,True,"Episode_85: 中間抽象度, 集約的 (dims: [106, 62, 379, 367, 71])",,,,,,
287,climate modeling,Multimodal Learning,10,2025-06-18T13:59:10.239935,,,,,,,,,,,,,,,,,,,,,,,,,,,,,,,,,,,,,,,,,,,,,,,,,,,,,,,95.0,1.9013603925704956,cybersecurity,unknown,True,"Episode_95: 中間抽象度, 集約的 (dims: [106, 62, 379, 367, 71])"
288,drug discovery,Few-shot Learning,10,2025-06-18T13:59:10.285713,0.0,1.9221811294555664,medical diagnosis,unknown,True,"Episode_0: 中間抽象度, 集約的 (dims: [13, 282, 58, 91, 281])",,,,,,,,,,,,,,,,,,,,,,,,,,,,,,,,,,,,,,,,,,,,,,,,,,,,,,
288,drug discovery,Few-shot Learning,10,2025-06-18T13:59:10.285713,,,,,,,10.0,1.9221811294555664,medical diagnosis,unknown,True,"Episode_10: 中間抽象度, 集約的 (dims: [13, 282, 58, 91, 281])",,,,,,,,,,,,,,,,,,,,,,,,,,,,,,,,,,,,,,,,,,,,,,,,
288,drug discovery,Few-shot Learning,10,2025-06-18T13:59:10.285713,,,,,,,,,,,,,20.0,1.9221811294555664,medical diagnosis,unknown,True,"Episode_20: 中間抽象度, 集約的 (dims: [13, 282, 58, 91, 281])",,,,,,,,,,,,,,,,,,,,,,,,,,,,,,,,,,,,,,,,,,
288,drug discovery,Few-shot Learning,10,2025-06-18T13:59:10.285713,,,,,,,,,,,,,,,,,,,30.0,1.9221811294555664,medical diagnosis,unknown,True,"Episode_30: 中間抽象度, 集約的 (dims: [13, 282, 58, 91, 281])",,,,,,,,,,,,,,,,,,,,,,,,,,,,,,,,,,,,
288,drug discovery,Few-shot Learning,10,2025-06-18T13:59:10.285713,,,,,,,,,,,,,,,,,,,,,,,,,40.0,1.9221811294555664,medical diagnosis,unknown,True,"Episode_40: 中間抽象度, 集約的 (dims: [13, 282, 58, 91, 281])",,,,,,,,,,,,,,,,,,,,,,,,,,,,,,
288,drug discovery,Few-shot Learning,10,2025-06-18T13:59:10.285713,,,,,,,,,,,,,,,,,,,,,,,,,,,,,,,50.0,1.9221811294555664,medical diagnosis,unknown,True,"Episode_50: 中間抽象度, 集約的 (dims: [13, 282, 58, 91, 281])",,,,,,,,,,,,,,,,,,,,,,,,
288,drug discovery,Few-shot Learning,10,2025-06-18T13:59:10.285713,,,,,,,,,,,,,,,,,,,,,,,,,,,,,,,,,,,,,60.0,1.9221811294555664,medical diagnosis,unknown,True,"Episode_60: 中間抽象度, 集約的 (dims: [13, 282, 58, 91, 281])",,,,,,,,,,,,,,,,,,
288,drug discovery,Few-shot Learning,10,2025-06-18T13:59:10.285713,,,,,,,,,,,,,,,,,,,,,,,,,,,,,,,,,,,,,,,,,,,70.0,1.9221811294555664,medical diagnosis,unknown,True,"Episode_70: 中間抽象度, 集約的 (dims: [13, 282, 58, 91, 281])",,,,,,,,,,,,
288,drug discovery,Few-shot Learning,10,2025-06-18T13:59:10.285713,,,,,,,,,,,,,,,,,,,,,,,,,,,,,,,,,,,,,,,,,,,,,,,,,80.0,1.9221811294555664,medical diagnosis,unknown,True,"Episode_80: 中間抽象度, 集約的 (dims: [13, 282, 58, 91, 281])",,,,,,
288,drug discovery,Few-shot Learning,10,2025-06-18T13:59:10.285713,,,,,,,,,,,,,,,,,,,,,,,,,,,,,,,,,,,,,,,,,,,,,,,,,,,,,,,90.0,1.9221811294555664,medical diagnosis,unknown,True,"Episode_90: 中間抽象度, 集約的 (dims: [13, 282, 58, 91, 281])"
289,financial prediction,Transfer Learning,10,2025-06-18T13:59:10.331034,0.0,1.9256962537765503,medical diagnosis,unknown,True,"Episode_0: 中間抽象度, 集約的 (dims: [13, 282, 58, 91, 281])",,,,,,,,,,,,,,,,,,,,,,,,,,,,,,,,,,,,,,,,,,,,,,,,,,,,,,
289,financial prediction,Transfer Learning,10,2025-06-18T13:59:10.331034,,,,,,,10.0,1.9256962537765503,medical diagnosis,unknown,True,"Episode_10: 中間抽象度, 集約的 (dims: [13, 282, 58, 91, 281])",,,,,,,,,,,,,,,,,,,,,,,,,,,,,,,,,,,,,,,,,,,,,,,,
289,financial prediction,Transfer Learning,10,2025-06-18T13:59:10.331034,,,,,,,,,,,,,20.0,1.9256962537765503,medical diagnosis,unknown,True,"Episode_20: 中間抽象度, 集約的 (dims: [13, 282, 58, 91, 281])",,,,,,,,,,,,,,,,,,,,,,,,,,,,,,,,,,,,,,,,,,
289,financial prediction,Transfer Learning,10,2025-06-18T13:59:10.331034,,,,,,,,,,,,,,,,,,,30.0,1.9256962537765503,medical diagnosis,unknown,True,"Episode_30: 中間抽象度, 集約的 (dims: [13, 282, 58, 91, 281])",,,,,,,,,,,,,,,,,,,,,,,,,,,,,,,,,,,,
289,financial prediction,Transfer Learning,10,2025-06-18T13:59:10.331034,,,,,,,,,,,,,,,,,,,,,,,,,40.0,1.9256962537765503,medical diagnosis,unknown,True,"Episode_40: 中間抽象度, 集約的 (dims: [13, 282, 58, 91, 281])",,,,,,,,,,,,,,,,,,,,,,,,,,,,,,
289,financial prediction,Transfer Learning,10,2025-06-18T13:59:10.331034,,,,,,,,,,,,,,,,,,,,,,,,,,,,,,,50.0,1.9256962537765503,medical diagnosis,unknown,True,"Episode_50: 中間抽象度, 集約的 (dims: [13, 282, 58, 91, 281])",,,,,,,,,,,,,,,,,,,,,,,,
289,financial prediction,Transfer Learning,10,2025-06-18T13:59:10.331034,,,,,,,,,,,,,,,,,,,,,,,,,,,,,,,,,,,,,60.0,1.9256962537765503,medical diagnosis,unknown,True,"Episode_60: 中間抽象度, 集約的 (dims: [13, 282, 58, 91, 281])",,,,,,,,,,,,,,,,,,
289,financial prediction,Transfer Learning,10,2025-06-18T13:59:10.331034,,,,,,,,,,,,,,,,,,,,,,,,,,,,,,,,,,,,,,,,,,,70.0,1.9256962537765503,medical diagnosis,unknown,True,"Episode_70: 中間抽象度, 集約的 (dims: [13, 282, 58, 91, 281])",,,,,,,,,,,,
289,financial prediction,Transfer Learning,10,2025-06-18T13:59:10.331034,,,,,,,,,,,,,,,,,,,,,,,,,,,,,,,,,,,,,,,,,,,,,,,,,80.0,1.9256962537765503,medical diagnosis,unknown,True,"Episode_80: 中間抽象度, 集約的 (dims: [13, 282, 58, 91, 281])",,,,,,
289,financial prediction,Transfer Learning,10,2025-06-18T13:59:10.331034,,,,,,,,,,,,,,,,,,,,,,,,,,,,,,,,,,,,,,,,,,,,,,,,,,,,,,,90.0,1.9256962537765503,medical diagnosis,unknown,True,"Episode_90: 中間抽象度, 集約的 (dims: [13, 282, 58, 91, 281])"
290,educational technology,Adversarial Machine Learning,10,2025-06-18T13:59:10.376337,0.0,1.928670048713684,medical diagnosis,unknown,True,"Episode_0: 中間抽象度, 集約的 (dims: [13, 282, 58, 91, 281])",,,,,,,,,,,,,,,,,,,,,,,,,,,,,,,,,,,,,,,,,,,,,,,,,,,,,,
290,educational technology,Adversarial Machine Learning,10,2025-06-18T13:59:10.376337,,,,,,,10.0,1.928670048713684,medical diagnosis,unknown,True,"Episode_10: 中間抽象度, 集約的 (dims: [13, 282, 58, 91, 281])",,,,,,,,,,,,,,,,,,,,,,,,,,,,,,,,,,,,,,,,,,,,,,,,
290,educational technology,Adversarial Machine Learning,10,2025-06-18T13:59:10.376337,,,,,,,,,,,,,20.0,1.928670048713684,medical diagnosis,unknown,True,"Episode_20: 中間抽象度, 集約的 (dims: [13, 282, 58, 91, 281])",,,,,,,,,,,,,,,,,,,,,,,,,,,,,,,,,,,,,,,,,,
290,educational technology,Adversarial Machine Learning,10,2025-06-18T13:59:10.376337,,,,,,,,,,,,,,,,,,,30.0,1.928670048713684,medical diagnosis,unknown,True,"Episode_30: 中間抽象度, 集約的 (dims: [13, 282, 58, 91, 281])",,,,,,,,,,,,,,,,,,,,,,,,,,,,,,,,,,,,
290,educational technology,Adversarial Machine Learning,10,2025-06-18T13:59:10.376337,,,,,,,,,,,,,,,,,,,,,,,,,40.0,1.928670048713684,medical diagnosis,unknown,True,"Episode_40: 中間抽象度, 集約的 (dims: [13, 282, 58, 91, 281])",,,,,,,,,,,,,,,,,,,,,,,,,,,,,,
290,educational technology,Adversarial Machine Learning,10,2025-06-18T13:59:10.376337,,,,,,,,,,,,,,,,,,,,,,,,,,,,,,,50.0,1.928670048713684,medical diagnosis,unknown,True,"Episode_50: 中間抽象度, 集約的 (dims: [13, 282, 58, 91, 281])",,,,,,,,,,,,,,,,,,,,,,,,
290,educational technology,Adversarial Machine Learning,10,2025-06-18T13:59:10.376337,,,,,,,,,,,,,,,,,,,,,,,,,,,,,,,,,,,,,60.0,1.928670048713684,medical diagnosis,unknown,True,"Episode_60: 中間抽象度, 集約的 (dims: [13, 282, 58, 91, 281])",,,,,,,,,,,,,,,,,,
290,educational technology,Adversarial Machine Learning,10,2025-06-18T13:59:10.376337,,,,,,,,,,,,,,,,,,,,,,,,,,,,,,,,,,,,,,,,,,,70.0,1.928670048713684,medical diagnosis,unknown,True,"Episode_70: 中間抽象度, 集約的 (dims: [13, 282, 58, 91, 281])",,,,,,,,,,,,
290,educational technology,Adversarial Machine Learning,10,2025-06-18T13:59:10.376337,,,,,,,,,,,,,,,,,,,,,,,,,,,,,,,,,,,,,,,,,,,,,,,,,80.0,1.928670048713684,medical diagnosis,unknown,True,"Episode_80: 中間抽象度, 集約的 (dims: [13, 282, 58, 91, 281])",,,,,,
290,educational technology,Adversarial Machine Learning,10,2025-06-18T13:59:10.376337,,,,,,,,,,,,,,,,,,,,,,,,,,,,,,,,,,,,,,,,,,,,,,,,,,,,,,,90.0,1.928670048713684,medical diagnosis,unknown,True,"Episode_90: 中間抽象度, 集約的 (dims: [13, 282, 58, 91, 281])"
291,medical diagnosis,Large Language Models,0,2025-06-18T13:59:10.422686,0.0,1.8874430656433105,medical diagnosis,unknown,False,"Episode_0: 中間抽象度, 集約的 (dims: [13, 282, 58, 91, 281])",,,,,,,,,,,,,,,,,,,,,,,,,,,,,,,,,,,,,,,,,,,,,,,,,,,,,,
291,medical diagnosis,Large Language Models,0,2025-06-18T13:59:10.422686,,,,,,,10.0,1.8874430656433105,medical diagnosis,unknown,False,"Episode_10: 中間抽象度, 集約的 (dims: [13, 282, 58, 91, 281])",,,,,,,,,,,,,,,,,,,,,,,,,,,,,,,,,,,,,,,,,,,,,,,,
291,medical diagnosis,Large Language Models,0,2025-06-18T13:59:10.422686,,,,,,,,,,,,,20.0,1.8874430656433105,medical diagnosis,unknown,False,"Episode_20: 中間抽象度, 集約的 (dims: [13, 282, 58, 91, 281])",,,,,,,,,,,,,,,,,,,,,,,,,,,,,,,,,,,,,,,,,,
291,medical diagnosis,Large Language Models,0,2025-06-18T13:59:10.422686,,,,,,,,,,,,,,,,,,,30.0,1.8874430656433105,medical diagnosis,unknown,False,"Episode_30: 中間抽象度, 集約的 (dims: [13, 282, 58, 91, 281])",,,,,,,,,,,,,,,,,,,,,,,,,,,,,,,,,,,,
291,medical diagnosis,Large Language Models,0,2025-06-18T13:59:10.422686,,,,,,,,,,,,,,,,,,,,,,,,,40.0,1.8874430656433105,medical diagnosis,unknown,False,"Episode_40: 中間抽象度, 集約的 (dims: [13, 282, 58, 91, 281])",,,,,,,,,,,,,,,,,,,,,,,,,,,,,,
291,medical diagnosis,Large Language Models,0,2025-06-18T13:59:10.422686,,,,,,,,,,,,,,,,,,,,,,,,,,,,,,,50.0,1.8874430656433105,medical diagnosis,unknown,False,"Episode_50: 中間抽象度, 集約的 (dims: [13, 282, 58, 91, 281])",,,,,,,,,,,,,,,,,,,,,,,,
291,medical diagnosis,Large Language Models,0,2025-06-18T13:59:10.422686,,,,,,,,,,,,,,,,,,,,,,,,,,,,,,,,,,,,,60.0,1.8874430656433105,medical diagnosis,unknown,False,"Episode_60: 中間抽象度, 集約的 (dims: [13, 282, 58, 91, 281])",,,,,,,,,,,,,,,,,,
291,medical diagnosis,Large Language Models,0,2025-06-18T13:59:10.422686,,,,,,,,,,,,,,,,,,,,,,,,,,,,,,,,,,,,,,,,,,,70.0,1.8874430656433105,medical diagnosis,unknown,False,"Episode_70: 中間抽象度, 集約的 (dims: [13, 282, 58, 91, 281])",,,,,,,,,,,,
291,medical diagnosis,Large Language Models,0,2025-06-18T13:59:10.422686,,,,,,,,,,,,,,,,,,,,,,,,,,,,,,,,,,,,,,,,,,,,,,,,,80.0,1.8874430656433105,medical diagnosis,unknown,False,"Episode_80: 中間抽象度, 集約的 (dims: [13, 282, 58, 91, 281])",,,,,,
291,medical diagnosis,Large Language Models,0,2025-06-18T13:59:10.422686,,,,,,,,,,,,,,,,,,,,,,,,,,,,,,,,,,,,,,,,,,,,,,,,,,,,,,,90.0,1.8874430656433105,medical diagnosis,unknown,False,"Episode_90: 中間抽象度, 集約的 (dims: [13, 282, 58, 91, 281])"
292,autonomous systems,Computer Vision,10,2025-06-18T13:59:10.467828,0.0,1.8768787384033203,medical diagnosis,unknown,True,"Episode_0: 中間抽象度, 集約的 (dims: [13, 282, 58, 91, 281])",,,,,,,,,,,,,,,,,,,,,,,,,,,,,,,,,,,,,,,,,,,,,,,,,,,,,,
292,autonomous systems,Computer Vision,10,2025-06-18T13:59:10.467828,,,,,,,10.0,1.8768787384033203,medical diagnosis,unknown,True,"Episode_10: 中間抽象度, 集約的 (dims: [13, 282, 58, 91, 281])",,,,,,,,,,,,,,,,,,,,,,,,,,,,,,,,,,,,,,,,,,,,,,,,
292,autonomous systems,Computer Vision,10,2025-06-18T13:59:10.467828,,,,,,,,,,,,,20.0,1.8768787384033203,medical diagnosis,unknown,True,"Episode_20: 中間抽象度, 集約的 (dims: [13, 282, 58, 91, 281])",,,,,,,,,,,,,,,,,,,,,,,,,,,,,,,,,,,,,,,,,,
292,autonomous systems,Computer Vision,10,2025-06-18T13:59:10.467828,,,,,,,,,,,,,,,,,,,30.0,1.8768787384033203,medical diagnosis,unknown,True,"Episode_30: 中間抽象度, 集約的 (dims: [13, 282, 58, 91, 281])",,,,,,,,,,,,,,,,,,,,,,,,,,,,,,,,,,,,
292,autonomous systems,Computer Vision,10,2025-06-18T13:59:10.467828,,,,,,,,,,,,,,,,,,,,,,,,,40.0,1.8768787384033203,medical diagnosis,unknown,True,"Episode_40: 中間抽象度, 集約的 (dims: [13, 282, 58, 91, 281])",,,,,,,,,,,,,,,,,,,,,,,,,,,,,,
292,autonomous systems,Computer Vision,10,2025-06-18T13:59:10.467828,,,,,,,,,,,,,,,,,,,,,,,,,,,,,,,50.0,1.8768787384033203,medical diagnosis,unknown,True,"Episode_50: 中間抽象度, 集約的 (dims: [13, 282, 58, 91, 281])",,,,,,,,,,,,,,,,,,,,,,,,
292,autonomous systems,Computer Vision,10,2025-06-18T13:59:10.467828,,,,,,,,,,,,,,,,,,,,,,,,,,,,,,,,,,,,,60.0,1.8768787384033203,medical diagnosis,unknown,True,"Episode_60: 中間抽象度, 集約的 (dims: [13, 282, 58, 91, 281])",,,,,,,,,,,,,,,,,,
292,autonomous systems,Computer Vision,10,2025-06-18T13:59:10.467828,,,,,,,,,,,,,,,,,,,,,,,,,,,,,,,,,,,,,,,,,,,70.0,1.8768787384033203,medical diagnosis,unknown,True,"Episode_70: 中間抽象度, 集約的 (dims: [13, 282, 58, 91, 281])",,,,,,,,,,,,
292,autonomous systems,Computer Vision,10,2025-06-18T13:59:10.467828,,,,,,,,,,,,,,,,,,,,,,,,,,,,,,,,,,,,,,,,,,,,,,,,,80.0,1.8768787384033203,medical diagnosis,unknown,True,"Episode_80: 中間抽象度, 集約的 (dims: [13, 282, 58, 91, 281])",,,,,,
292,autonomous systems,Computer Vision,10,2025-06-18T13:59:10.467828,,,,,,,,,,,,,,,,,,,,,,,,,,,,,,,,,,,,,,,,,,,,,,,,,,,,,,,90.0,1.8768787384033203,medical diagnosis,unknown,True,"Episode_90: 中間抽象度, 集約的 (dims: [13, 282, 58, 91, 281])"
293,natural language processing,Reinforcement Learning,10,2025-06-18T13:59:10.513350,5.0,1.8832250833511353,cybersecurity,unknown,True,"Episode_5: 中間抽象度, 集約的 (dims: [106, 62, 379, 367, 71])",,,,,,,,,,,,,,,,,,,,,,,,,,,,,,,,,,,,,,,,,,,,,,,,,,,,,,
293,natural language processing,Reinforcement Learning,10,2025-06-18T13:59:10.513350,,,,,,,15.0,1.8832250833511353,cybersecurity,unknown,True,"Episode_15: 中間抽象度, 集約的 (dims: [106, 62, 379, 367, 71])",,,,,,,,,,,,,,,,,,,,,,,,,,,,,,,,,,,,,,,,,,,,,,,,
293,natural language processing,Reinforcement Learning,10,2025-06-18T13:59:10.513350,,,,,,,,,,,,,25.0,1.8832250833511353,cybersecurity,unknown,True,"Episode_25: 中間抽象度, 集約的 (dims: [106, 62, 379, 367, 71])",,,,,,,,,,,,,,,,,,,,,,,,,,,,,,,,,,,,,,,,,,
293,natural language processing,Reinforcement Learning,10,2025-06-18T13:59:10.513350,,,,,,,,,,,,,,,,,,,35.0,1.8832250833511353,cybersecurity,unknown,True,"Episode_35: 中間抽象度, 集約的 (dims: [106, 62, 379, 367, 71])",,,,,,,,,,,,,,,,,,,,,,,,,,,,,,,,,,,,
293,natural language processing,Reinforcement Learning,10,2025-06-18T13:59:10.513350,,,,,,,,,,,,,,,,,,,,,,,,,45.0,1.8832250833511353,cybersecurity,unknown,True,"Episode_45: 中間抽象度, 集約的 (dims: [106, 62, 379, 367, 71])",,,,,,,,,,,,,,,,,,,,,,,,,,,,,,
293,natural language processing,Reinforcement Learning,10,2025-06-18T13:59:10.513350,,,,,,,,,,,,,,,,,,,,,,,,,,,,,,,55.0,1.8832250833511353,cybersecurity,unknown,True,"Episode_55: 中間抽象度, 集約的 (dims: [106, 62, 379, 367, 71])",,,,,,,,,,,,,,,,,,,,,,,,
293,natural language processing,Reinforcement Learning,10,2025-06-18T13:59:10.513350,,,,,,,,,,,,,,,,,,,,,,,,,,,,,,,,,,,,,65.0,1.8832250833511353,cybersecurity,unknown,True,"Episode_65: 中間抽象度, 集約的 (dims: [106, 62, 379, 367, 71])",,,,,,,,,,,,,,,,,,
293,natural language processing,Reinforcement Learning,10,2025-06-18T13:59:10.513350,,,,,,,,,,,,,,,,,,,,,,,,,,,,,,,,,,,,,,,,,,,75.0,1.8832250833511353,cybersecurity,unknown,True,"Episode_75: 中間抽象度, 集約的 (dims: [106, 62, 379, 367, 71])",,,,,,,,,,,,
293,natural language processing,Reinforcement Learning,10,2025-06-18T13:59:10.513350,,,,,,,,,,,,,,,,,,,,,,,,,,,,,,,,,,,,,,,,,,,,,,,,,85.0,1.8832250833511353,cybersecurity,unknown,True,"Episode_85: 中間抽象度, 集約的 (dims: [106, 62, 379, 367, 71])",,,,,,
293,natural language processing,Reinforcement Learning,10,2025-06-18T13:59:10.513350,,,,,,,,,,,,,,,,,,,,,,,,,,,,,,,,,,,,,,,,,,,,,,,,,,,,,,,95.0,1.8832250833511353,cybersecurity,unknown,True,"Episode_95: 中間抽象度, 集約的 (dims: [106, 62, 379, 367, 71])"
294,computer vision,Graph Neural Networks,10,2025-06-18T13:59:10.558453,0.0,1.894721269607544,medical diagnosis,unknown,True,"Episode_0: 中間抽象度, 集約的 (dims: [13, 282, 58, 91, 281])",,,,,,,,,,,,,,,,,,,,,,,,,,,,,,,,,,,,,,,,,,,,,,,,,,,,,,
294,computer vision,Graph Neural Networks,10,2025-06-18T13:59:10.558453,,,,,,,10.0,1.894721269607544,medical diagnosis,unknown,True,"Episode_10: 中間抽象度, 集約的 (dims: [13, 282, 58, 91, 281])",,,,,,,,,,,,,,,,,,,,,,,,,,,,,,,,,,,,,,,,,,,,,,,,
294,computer vision,Graph Neural Networks,10,2025-06-18T13:59:10.558453,,,,,,,,,,,,,20.0,1.894721269607544,medical diagnosis,unknown,True,"Episode_20: 中間抽象度, 集約的 (dims: [13, 282, 58, 91, 281])",,,,,,,,,,,,,,,,,,,,,,,,,,,,,,,,,,,,,,,,,,
294,computer vision,Graph Neural Networks,10,2025-06-18T13:59:10.558453,,,,,,,,,,,,,,,,,,,30.0,1.894721269607544,medical diagnosis,unknown,True,"Episode_30: 中間抽象度, 集約的 (dims: [13, 282, 58, 91, 281])",,,,,,,,,,,,,,,,,,,,,,,,,,,,,,,,,,,,
294,computer vision,Graph Neural Networks,10,2025-06-18T13:59:10.558453,,,,,,,,,,,,,,,,,,,,,,,,,40.0,1.894721269607544,medical diagnosis,unknown,True,"Episode_40: 中間抽象度, 集約的 (dims: [13, 282, 58, 91, 281])",,,,,,,,,,,,,,,,,,,,,,,,,,,,,,
294,computer vision,Graph Neural Networks,10,2025-06-18T13:59:10.558453,,,,,,,,,,,,,,,,,,,,,,,,,,,,,,,50.0,1.894721269607544,medical diagnosis,unknown,True,"Episode_50: 中間抽象度, 集約的 (dims: [13, 282, 58, 91, 281])",,,,,,,,,,,,,,,,,,,,,,,,
294,computer vision,Graph Neural Networks,10,2025-06-18T13:59:10.558453,,,,,,,,,,,,,,,,,,,,,,,,,,,,,,,,,,,,,60.0,1.894721269607544,medical diagnosis,unknown,True,"Episode_60: 中間抽象度, 集約的 (dims: [13, 282, 58, 91, 281])",,,,,,,,,,,,,,,,,,
294,computer vision,Graph Neural Networks,10,2025-06-18T13:59:10.558453,,,,,,,,,,,,,,,,,,,,,,,,,,,,,,,,,,,,,,,,,,,70.0,1.894721269607544,medical diagnosis,unknown,True,"Episode_70: 中間抽象度, 集約的 (dims: [13, 282, 58, 91, 281])",,,,,,,,,,,,
294,computer vision,Graph Neural Networks,10,2025-06-18T13:59:10.558453,,,,,,,,,,,,,,,,,,,,,,,,,,,,,,,,,,,,,,,,,,,,,,,,,80.0,1.894721269607544,medical diagnosis,unknown,True,"Episode_80: 中間抽象度, 集約的 (dims: [13, 282, 58, 91, 281])",,,,,,
294,computer vision,Graph Neural Networks,10,2025-06-18T13:59:10.558453,,,,,,,,,,,,,,,,,,,,,,,,,,,,,,,,,,,,,,,,,,,,,,,,,,,,,,,90.0,1.894721269607544,medical diagnosis,unknown,True,"Episode_90: 中間抽象度, 集約的 (dims: [13, 282, 58, 91, 281])"
295,robotics,Federated Learning,10,2025-06-18T13:59:10.603506,5.0,1.8728573322296143,cybersecurity,unknown,True,"Episode_5: 中間抽象度, 集約的 (dims: [106, 62, 379, 367, 71])",,,,,,,,,,,,,,,,,,,,,,,,,,,,,,,,,,,,,,,,,,,,,,,,,,,,,,
295,robotics,Federated Learning,10,2025-06-18T13:59:10.603506,,,,,,,15.0,1.8728573322296143,cybersecurity,unknown,True,"Episode_15: 中間抽象度, 集約的 (dims: [106, 62, 379, 367, 71])",,,,,,,,,,,,,,,,,,,,,,,,,,,,,,,,,,,,,,,,,,,,,,,,
295,robotics,Federated Learning,10,2025-06-18T13:59:10.603506,,,,,,,,,,,,,25.0,1.8728573322296143,cybersecurity,unknown,True,"Episode_25: 中間抽象度, 集約的 (dims: [106, 62, 379, 367, 71])",,,,,,,,,,,,,,,,,,,,,,,,,,,,,,,,,,,,,,,,,,
295,robotics,Federated Learning,10,2025-06-18T13:59:10.603506,,,,,,,,,,,,,,,,,,,35.0,1.8728573322296143,cybersecurity,unknown,True,"Episode_35: 中間抽象度, 集約的 (dims: [106, 62, 379, 367, 71])",,,,,,,,,,,,,,,,,,,,,,,,,,,,,,,,,,,,
295,robotics,Federated Learning,10,2025-06-18T13:59:10.603506,,,,,,,,,,,,,,,,,,,,,,,,,45.0,1.8728573322296143,cybersecurity,unknown,True,"Episode_45: 中間抽象度, 集約的 (dims: [106, 62, 379, 367, 71])",,,,,,,,,,,,,,,,,,,,,,,,,,,,,,
295,robotics,Federated Learning,10,2025-06-18T13:59:10.603506,,,,,,,,,,,,,,,,,,,,,,,,,,,,,,,55.0,1.8728573322296143,cybersecurity,unknown,True,"Episode_55: 中間抽象度, 集約的 (dims: [106, 62, 379, 367, 71])",,,,,,,,,,,,,,,,,,,,,,,,
295,robotics,Federated Learning,10,2025-06-18T13:59:10.603506,,,,,,,,,,,,,,,,,,,,,,,,,,,,,,,,,,,,,65.0,1.8728573322296143,cybersecurity,unknown,True,"Episode_65: 中間抽象度, 集約的 (dims: [106, 62, 379, 367, 71])",,,,,,,,,,,,,,,,,,
295,robotics,Federated Learning,10,2025-06-18T13:59:10.603506,,,,,,,,,,,,,,,,,,,,,,,,,,,,,,,,,,,,,,,,,,,75.0,1.8728573322296143,cybersecurity,unknown,True,"Episode_75: 中間抽象度, 集約的 (dims: [106, 62, 379, 367, 71])",,,,,,,,,,,,
295,robotics,Federated Learning,10,2025-06-18T13:59:10.603506,,,,,,,,,,,,,,,,,,,,,,,,,,,,,,,,,,,,,,,,,,,,,,,,,85.0,1.8728573322296143,cybersecurity,unknown,True,"Episode_85: 中間抽象度, 集約的 (dims: [106, 62, 379, 367, 71])",,,,,,
295,robotics,Federated Learning,10,2025-06-18T13:59:10.603506,,,,,,,,,,,,,,,,,,,,,,,,,,,,,,,,,,,,,,,,,,,,,,,,,,,,,,,95.0,1.8728573322296143,cybersecurity,unknown,True,"Episode_95: 中間抽象度, 集約的 (dims: [106, 62, 379, 367, 71])"
296,cybersecurity,Explainable AI,10,2025-06-18T13:59:10.650003,0.0,1.911033272743225,medical diagnosis,unknown,True,"Episode_0: 中間抽象度, 集約的 (dims: [13, 282, 58, 91, 281])",,,,,,,,,,,,,,,,,,,,,,,,,,,,,,,,,,,,,,,,,,,,,,,,,,,,,,
296,cybersecurity,Explainable AI,10,2025-06-18T13:59:10.650003,,,,,,,10.0,1.911033272743225,medical diagnosis,unknown,True,"Episode_10: 中間抽象度, 集約的 (dims: [13, 282, 58, 91, 281])",,,,,,,,,,,,,,,,,,,,,,,,,,,,,,,,,,,,,,,,,,,,,,,,
296,cybersecurity,Explainable AI,10,2025-06-18T13:59:10.650003,,,,,,,,,,,,,20.0,1.911033272743225,medical diagnosis,unknown,True,"Episode_20: 中間抽象度, 集約的 (dims: [13, 282, 58, 91, 281])",,,,,,,,,,,,,,,,,,,,,,,,,,,,,,,,,,,,,,,,,,
296,cybersecurity,Explainable AI,10,2025-06-18T13:59:10.650003,,,,,,,,,,,,,,,,,,,30.0,1.911033272743225,medical diagnosis,unknown,True,"Episode_30: 中間抽象度, 集約的 (dims: [13, 282, 58, 91, 281])",,,,,,,,,,,,,,,,,,,,,,,,,,,,,,,,,,,,
296,cybersecurity,Explainable AI,10,2025-06-18T13:59:10.650003,,,,,,,,,,,,,,,,,,,,,,,,,40.0,1.911033272743225,medical diagnosis,unknown,True,"Episode_40: 中間抽象度, 集約的 (dims: [13, 282, 58, 91, 281])",,,,,,,,,,,,,,,,,,,,,,,,,,,,,,
296,cybersecurity,Explainable AI,10,2025-06-18T13:59:10.650003,,,,,,,,,,,,,,,,,,,,,,,,,,,,,,,50.0,1.911033272743225,medical diagnosis,unknown,True,"Episode_50: 中間抽象度, 集約的 (dims: [13, 282, 58, 91, 281])",,,,,,,,,,,,,,,,,,,,,,,,
296,cybersecurity,Explainable AI,10,2025-06-18T13:59:10.650003,,,,,,,,,,,,,,,,,,,,,,,,,,,,,,,,,,,,,60.0,1.911033272743225,medical diagnosis,unknown,True,"Episode_60: 中間抽象度, 集約的 (dims: [13, 282, 58, 91, 281])",,,,,,,,,,,,,,,,,,
296,cybersecurity,Explainable AI,10,2025-06-18T13:59:10.650003,,,,,,,,,,,,,,,,,,,,,,,,,,,,,,,,,,,,,,,,,,,70.0,1.911033272743225,medical diagnosis,unknown,True,"Episode_70: 中間抽象度, 集約的 (dims: [13, 282, 58, 91, 281])",,,,,,,,,,,,
296,cybersecurity,Explainable AI,10,2025-06-18T13:59:10.650003,,,,,,,,,,,,,,,,,,,,,,,,,,,,,,,,,,,,,,,,,,,,,,,,,80.0,1.911033272743225,medical diagnosis,unknown,True,"Episode_80: 中間抽象度, 集約的 (dims: [13, 282, 58, 91, 281])",,,,,,
296,cybersecurity,Explainable AI,10,2025-06-18T13:59:10.650003,,,,,,,,,,,,,,,,,,,,,,,,,,,,,,,,,,,,,,,,,,,,,,,,,,,,,,,90.0,1.911033272743225,medical diagnosis,unknown,True,"Episode_90: 中間抽象度, 集約的 (dims: [13, 282, 58, 91, 281])"
297,climate modeling,Multimodal Learning,10,2025-06-18T13:59:10.695526,5.0,1.9013603925704956,cybersecurity,unknown,True,"Episode_5: 中間抽象度, 集約的 (dims: [106, 62, 379, 367, 71])",,,,,,,,,,,,,,,,,,,,,,,,,,,,,,,,,,,,,,,,,,,,,,,,,,,,,,
297,climate modeling,Multimodal Learning,10,2025-06-18T13:59:10.695526,,,,,,,15.0,1.9013603925704956,cybersecurity,unknown,True,"Episode_15: 中間抽象度, 集約的 (dims: [106, 62, 379, 367, 71])",,,,,,,,,,,,,,,,,,,,,,,,,,,,,,,,,,,,,,,,,,,,,,,,
297,climate modeling,Multimodal Learning,10,2025-06-18T13:59:10.695526,,,,,,,,,,,,,25.0,1.9013603925704956,cybersecurity,unknown,True,"Episode_25: 中間抽象度, 集約的 (dims: [106, 62, 379, 367, 71])",,,,,,,,,,,,,,,,,,,,,,,,,,,,,,,,,,,,,,,,,,
297,climate modeling,Multimodal Learning,10,2025-06-18T13:59:10.695526,,,,,,,,,,,,,,,,,,,35.0,1.9013603925704956,cybersecurity,unknown,True,"Episode_35: 中間抽象度, 集約的 (dims: [106, 62, 379, 367, 71])",,,,,,,,,,,,,,,,,,,,,,,,,,,,,,,,,,,,
297,climate modeling,Multimodal Learning,10,2025-06-18T13:59:10.695526,,,,,,,,,,,,,,,,,,,,,,,,,45.0,1.9013603925704956,cybersecurity,unknown,True,"Episode_45: 中間抽象度, 集約的 (dims: [106, 62, 379, 367, 71])",,,,,,,,,,,,,,,,,,,,,,,,,,,,,,
297,climate modeling,Multimodal Learning,10,2025-06-18T13:59:10.695526,,,,,,,,,,,,,,,,,,,,,,,,,,,,,,,55.0,1.9013603925704956,cybersecurity,unknown,True,"Episode_55: 中間抽象度, 集約的 (dims: [106, 62, 379, 367, 71])",,,,,,,,,,,,,,,,,,,,,,,,
297,climate modeling,Multimodal Learning,10,2025-06-18T13:59:10.695526,,,,,,,,,,,,,,,,,,,,,,,,,,,,,,,,,,,,,65.0,1.9013603925704956,cybersecurity,unknown,True,"Episode_65: 中間抽象度, 集約的 (dims: [106, 62, 379, 367, 71])",,,,,,,,,,,,,,,,,,
297,climate modeling,Multimodal Learning,10,2025-06-18T13:59:10.695526,,,,,,,,,,,,,,,,,,,,,,,,,,,,,,,,,,,,,,,,,,,75.0,1.9013603925704956,cybersecurity,unknown,True,"Episode_75: 中間抽象度, 集約的 (dims: [106, 62, 379, 367, 71])",,,,,,,,,,,,
297,climate modeling,Multimodal Learning,10,2025-06-18T13:59:10.695526,,,,,,,,,,,,,,,,,,,,,,,,,,,,,,,,,,,,,,,,,,,,,,,,,85.0,1.9013603925704956,cybersecurity,unknown,True,"Episode_85: 中間抽象度, 集約的 (dims: [106, 62, 379, 367, 71])",,,,,,
297,climate modeling,Multimodal Learning,10,2025-06-18T13:59:10.695526,,,,,,,,,,,,,,,,,,,,,,,,,,,,,,,,,,,,,,,,,,,,,,,,,,,,,,,95.0,1.9013603925704956,cybersecurity,unknown,True,"Episode_95: 中間抽象度, 集約的 (dims: [106, 62, 379, 367, 71])"
298,drug discovery,Few-shot Learning,10,2025-06-18T13:59:10.740704,0.0,1.9221811294555664,medical diagnosis,unknown,True,"Episode_0: 中間抽象度, 集約的 (dims: [13, 282, 58, 91, 281])",,,,,,,,,,,,,,,,,,,,,,,,,,,,,,,,,,,,,,,,,,,,,,,,,,,,,,
298,drug discovery,Few-shot Learning,10,2025-06-18T13:59:10.740704,,,,,,,10.0,1.9221811294555664,medical diagnosis,unknown,True,"Episode_10: 中間抽象度, 集約的 (dims: [13, 282, 58, 91, 281])",,,,,,,,,,,,,,,,,,,,,,,,,,,,,,,,,,,,,,,,,,,,,,,,
298,drug discovery,Few-shot Learning,10,2025-06-18T13:59:10.740704,,,,,,,,,,,,,20.0,1.9221811294555664,medical diagnosis,unknown,True,"Episode_20: 中間抽象度, 集約的 (dims: [13, 282, 58, 91, 281])",,,,,,,,,,,,,,,,,,,,,,,,,,,,,,,,,,,,,,,,,,
298,drug discovery,Few-shot Learning,10,2025-06-18T13:59:10.740704,,,,,,,,,,,,,,,,,,,30.0,1.9221811294555664,medical diagnosis,unknown,True,"Episode_30: 中間抽象度, 集約的 (dims: [13, 282, 58, 91, 281])",,,,,,,,,,,,,,,,,,,,,,,,,,,,,,,,,,,,
298,drug discovery,Few-shot Learning,10,2025-06-18T13:59:10.740704,,,,,,,,,,,,,,,,,,,,,,,,,40.0,1.9221811294555664,medical diagnosis,unknown,True,"Episode_40: 中間抽象度, 集約的 (dims: [13, 282, 58, 91, 281])",,,,,,,,,,,,,,,,,,,,,,,,,,,,,,
298,drug discovery,Few-shot Learning,10,2025-06-18T13:59:10.740704,,,,,,,,,,,,,,,,,,,,,,,,,,,,,,,50.0,1.9221811294555664,medical diagnosis,unknown,True,"Episode_50: 中間抽象度, 集約的 (dims: [13, 282, 58, 91, 281])",,,,,,,,,,,,,,,,,,,,,,,,
298,drug discovery,Few-shot Learning,10,2025-06-18T13:59:10.740704,,,,,,,,,,,,,,,,,,,,,,,,,,,,,,,,,,,,,60.0,1.9221811294555664,medical diagnosis,unknown,True,"Episode_60: 中間抽象度, 集約的 (dims: [13, 282, 58, 91, 281])",,,,,,,,,,,,,,,,,,
298,drug discovery,Few-shot Learning,10,2025-06-18T13:59:10.740704,,,,,,,,,,,,,,,,,,,,,,,,,,,,,,,,,,,,,,,,,,,70.0,1.9221811294555664,medical diagnosis,unknown,True,"Episode_70: 中間抽象度, 集約的 (dims: [13, 282, 58, 91, 281])",,,,,,,,,,,,
298,drug discovery,Few-shot Learning,10,2025-06-18T13:59:10.740704,,,,,,,,,,,,,,,,,,,,,,,,,,,,,,,,,,,,,,,,,,,,,,,,,80.0,1.9221811294555664,medical diagnosis,unknown,True,"Episode_80: 中間抽象度, 集約的 (dims: [13, 282, 58, 91, 281])",,,,,,
298,drug discovery,Few-shot Learning,10,2025-06-18T13:59:10.740704,,,,,,,,,,,,,,,,,,,,,,,,,,,,,,,,,,,,,,,,,,,,,,,,,,,,,,,90.0,1.9221811294555664,medical diagnosis,unknown,True,"Episode_90: 中間抽象度, 集約的 (dims: [13, 282, 58, 91, 281])"
299,financial prediction,Transfer Learning,10,2025-06-18T13:59:10.784581,0.0,1.9256962537765503,medical diagnosis,unknown,True,"Episode_0: 中間抽象度, 集約的 (dims: [13, 282, 58, 91, 281])",,,,,,,,,,,,,,,,,,,,,,,,,,,,,,,,,,,,,,,,,,,,,,,,,,,,,,
299,financial prediction,Transfer Learning,10,2025-06-18T13:59:10.784581,,,,,,,10.0,1.9256962537765503,medical diagnosis,unknown,True,"Episode_10: 中間抽象度, 集約的 (dims: [13, 282, 58, 91, 281])",,,,,,,,,,,,,,,,,,,,,,,,,,,,,,,,,,,,,,,,,,,,,,,,
299,financial prediction,Transfer Learning,10,2025-06-18T13:59:10.784581,,,,,,,,,,,,,20.0,1.9256962537765503,medical diagnosis,unknown,True,"Episode_20: 中間抽象度, 集約的 (dims: [13, 282, 58, 91, 281])",,,,,,,,,,,,,,,,,,,,,,,,,,,,,,,,,,,,,,,,,,
299,financial prediction,Transfer Learning,10,2025-06-18T13:59:10.784581,,,,,,,,,,,,,,,,,,,30.0,1.9256962537765503,medical diagnosis,unknown,True,"Episode_30: 中間抽象度, 集約的 (dims: [13, 282, 58, 91, 281])",,,,,,,,,,,,,,,,,,,,,,,,,,,,,,,,,,,,
299,financial prediction,Transfer Learning,10,2025-06-18T13:59:10.784581,,,,,,,,,,,,,,,,,,,,,,,,,40.0,1.9256962537765503,medical diagnosis,unknown,True,"Episode_40: 中間抽象度, 集約的 (dims: [13, 282, 58, 91, 281])",,,,,,,,,,,,,,,,,,,,,,,,,,,,,,
299,financial prediction,Transfer Learning,10,2025-06-18T13:59:10.784581,,,,,,,,,,,,,,,,,,,,,,,,,,,,,,,50.0,1.9256962537765503,medical diagnosis,unknown,True,"Episode_50: 中間抽象度, 集約的 (dims: [13, 282, 58, 91, 281])",,,,,,,,,,,,,,,,,,,,,,,,
299,financial prediction,Transfer Learning,10,2025-06-18T13:59:10.784581,,,,,,,,,,,,,,,,,,,,,,,,,,,,,,,,,,,,,60.0,1.9256962537765503,medical diagnosis,unknown,True,"Episode_60: 中間抽象度, 集約的 (dims: [13, 282, 58, 91, 281])",,,,,,,,,,,,,,,,,,
299,financial prediction,Transfer Learning,10,2025-06-18T13:59:10.784581,,,,,,,,,,,,,,,,,,,,,,,,,,,,,,,,,,,,,,,,,,,70.0,1.9256962537765503,medical diagnosis,unknown,True,"Episode_70: 中間抽象度, 集約的 (dims: [13, 282, 58, 91, 281])",,,,,,,,,,,,
299,financial prediction,Transfer Learning,10,2025-06-18T13:59:10.784581,,,,,,,,,,,,,,,,,,,,,,,,,,,,,,,,,,,,,,,,,,,,,,,,,80.0,1.9256962537765503,medical diagnosis,unknown,True,"Episode_80: 中間抽象度, 集約的 (dims: [13, 282, 58, 91, 281])",,,,,,
299,financial prediction,Transfer Learning,10,2025-06-18T13:59:10.784581,,,,,,,,,,,,,,,,,,,,,,,,,,,,,,,,,,,,,,,,,,,,,,,,,,,,,,,90.0,1.9256962537765503,medical diagnosis,unknown,True,"Episode_90: 中間抽象度, 集約的 (dims: [13, 282, 58, 91, 281])"
300,educational technology,Adversarial Machine Learning,10,2025-06-18T13:59:10.830210,0.0,1.928670048713684,medical diagnosis,unknown,True,"Episode_0: 中間抽象度, 集約的 (dims: [13, 282, 58, 91, 281])",,,,,,,,,,,,,,,,,,,,,,,,,,,,,,,,,,,,,,,,,,,,,,,,,,,,,,
300,educational technology,Adversarial Machine Learning,10,2025-06-18T13:59:10.830210,,,,,,,10.0,1.928670048713684,medical diagnosis,unknown,True,"Episode_10: 中間抽象度, 集約的 (dims: [13, 282, 58, 91, 281])",,,,,,,,,,,,,,,,,,,,,,,,,,,,,,,,,,,,,,,,,,,,,,,,
300,educational technology,Adversarial Machine Learning,10,2025-06-18T13:59:10.830210,,,,,,,,,,,,,20.0,1.928670048713684,medical diagnosis,unknown,True,"Episode_20: 中間抽象度, 集約的 (dims: [13, 282, 58, 91, 281])",,,,,,,,,,,,,,,,,,,,,,,,,,,,,,,,,,,,,,,,,,
300,educational technology,Adversarial Machine Learning,10,2025-06-18T13:59:10.830210,,,,,,,,,,,,,,,,,,,30.0,1.928670048713684,medical diagnosis,unknown,True,"Episode_30: 中間抽象度, 集約的 (dims: [13, 282, 58, 91, 281])",,,,,,,,,,,,,,,,,,,,,,,,,,,,,,,,,,,,
300,educational technology,Adversarial Machine Learning,10,2025-06-18T13:59:10.830210,,,,,,,,,,,,,,,,,,,,,,,,,40.0,1.928670048713684,medical diagnosis,unknown,True,"Episode_40: 中間抽象度, 集約的 (dims: [13, 282, 58, 91, 281])",,,,,,,,,,,,,,,,,,,,,,,,,,,,,,
300,educational technology,Adversarial Machine Learning,10,2025-06-18T13:59:10.830210,,,,,,,,,,,,,,,,,,,,,,,,,,,,,,,50.0,1.928670048713684,medical diagnosis,unknown,True,"Episode_50: 中間抽象度, 集約的 (dims: [13, 282, 58, 91, 281])",,,,,,,,,,,,,,,,,,,,,,,,
300,educational technology,Adversarial Machine Learning,10,2025-06-18T13:59:10.830210,,,,,,,,,,,,,,,,,,,,,,,,,,,,,,,,,,,,,60.0,1.928670048713684,medical diagnosis,unknown,True,"Episode_60: 中間抽象度, 集約的 (dims: [13, 282, 58, 91, 281])",,,,,,,,,,,,,,,,,,
300,educational technology,Adversarial Machine Learning,10,2025-06-18T13:59:10.830210,,,,,,,,,,,,,,,,,,,,,,,,,,,,,,,,,,,,,,,,,,,70.0,1.928670048713684,medical diagnosis,unknown,True,"Episode_70: 中間抽象度, 集約的 (dims: [13, 282, 58, 91, 281])",,,,,,,,,,,,
300,educational technology,Adversarial Machine Learning,10,2025-06-18T13:59:10.830210,,,,,,,,,,,,,,,,,,,,,,,,,,,,,,,,,,,,,,,,,,,,,,,,,80.0,1.928670048713684,medical diagnosis,unknown,True,"Episode_80: 中間抽象度, 集約的 (dims: [13, 282, 58, 91, 281])",,,,,,
300,educational technology,Adversarial Machine Learning,10,2025-06-18T13:59:10.830210,,,,,,,,,,,,,,,,,,,,,,,,,,,,,,,,,,,,,,,,,,,,,,,,,,,,,,,90.0,1.928670048713684,medical diagnosis,unknown,True,"Episode_90: 中間抽象度, 集約的 (dims: [13, 282, 58, 91, 281])"
301,medical diagnosis,Large Language Models,0,2025-06-18T13:59:10.877792,0.0,1.8874430656433105,medical diagnosis,unknown,False,"Episode_0: 中間抽象度, 集約的 (dims: [13, 282, 58, 91, 281])",,,,,,,,,,,,,,,,,,,,,,,,,,,,,,,,,,,,,,,,,,,,,,,,,,,,,,
301,medical diagnosis,Large Language Models,0,2025-06-18T13:59:10.877792,,,,,,,10.0,1.8874430656433105,medical diagnosis,unknown,False,"Episode_10: 中間抽象度, 集約的 (dims: [13, 282, 58, 91, 281])",,,,,,,,,,,,,,,,,,,,,,,,,,,,,,,,,,,,,,,,,,,,,,,,
301,medical diagnosis,Large Language Models,0,2025-06-18T13:59:10.877792,,,,,,,,,,,,,20.0,1.8874430656433105,medical diagnosis,unknown,False,"Episode_20: 中間抽象度, 集約的 (dims: [13, 282, 58, 91, 281])",,,,,,,,,,,,,,,,,,,,,,,,,,,,,,,,,,,,,,,,,,
301,medical diagnosis,Large Language Models,0,2025-06-18T13:59:10.877792,,,,,,,,,,,,,,,,,,,30.0,1.8874430656433105,medical diagnosis,unknown,False,"Episode_30: 中間抽象度, 集約的 (dims: [13, 282, 58, 91, 281])",,,,,,,,,,,,,,,,,,,,,,,,,,,,,,,,,,,,
301,medical diagnosis,Large Language Models,0,2025-06-18T13:59:10.877792,,,,,,,,,,,,,,,,,,,,,,,,,40.0,1.8874430656433105,medical diagnosis,unknown,False,"Episode_40: 中間抽象度, 集約的 (dims: [13, 282, 58, 91, 281])",,,,,,,,,,,,,,,,,,,,,,,,,,,,,,
301,medical diagnosis,Large Language Models,0,2025-06-18T13:59:10.877792,,,,,,,,,,,,,,,,,,,,,,,,,,,,,,,50.0,1.8874430656433105,medical diagnosis,unknown,False,"Episode_50: 中間抽象度, 集約的 (dims: [13, 282, 58, 91, 281])",,,,,,,,,,,,,,,,,,,,,,,,
301,medical diagnosis,Large Language Models,0,2025-06-18T13:59:10.877792,,,,,,,,,,,,,,,,,,,,,,,,,,,,,,,,,,,,,60.0,1.8874430656433105,medical diagnosis,unknown,False,"Episode_60: 中間抽象度, 集約的 (dims: [13, 282, 58, 91, 281])",,,,,,,,,,,,,,,,,,
301,medical diagnosis,Large Language Models,0,2025-06-18T13:59:10.877792,,,,,,,,,,,,,,,,,,,,,,,,,,,,,,,,,,,,,,,,,,,70.0,1.8874430656433105,medical diagnosis,unknown,False,"Episode_70: 中間抽象度, 集約的 (dims: [13, 282, 58, 91, 281])",,,,,,,,,,,,
301,medical diagnosis,Large Language Models,0,2025-06-18T13:59:10.877792,,,,,,,,,,,,,,,,,,,,,,,,,,,,,,,,,,,,,,,,,,,,,,,,,80.0,1.8874430656433105,medical diagnosis,unknown,False,"Episode_80: 中間抽象度, 集約的 (dims: [13, 282, 58, 91, 281])",,,,,,
301,medical diagnosis,Large Language Models,0,2025-06-18T13:59:10.877792,,,,,,,,,,,,,,,,,,,,,,,,,,,,,,,,,,,,,,,,,,,,,,,,,,,,,,,90.0,1.8874430656433105,medical diagnosis,unknown,False,"Episode_90: 中間抽象度, 集約的 (dims: [13, 282, 58, 91, 281])"
302,autonomous systems,Computer Vision,10,2025-06-18T13:59:10.929317,0.0,1.8768787384033203,medical diagnosis,unknown,True,"Episode_0: 中間抽象度, 集約的 (dims: [13, 282, 58, 91, 281])",,,,,,,,,,,,,,,,,,,,,,,,,,,,,,,,,,,,,,,,,,,,,,,,,,,,,,
302,autonomous systems,Computer Vision,10,2025-06-18T13:59:10.929317,,,,,,,10.0,1.8768787384033203,medical diagnosis,unknown,True,"Episode_10: 中間抽象度, 集約的 (dims: [13, 282, 58, 91, 281])",,,,,,,,,,,,,,,,,,,,,,,,,,,,,,,,,,,,,,,,,,,,,,,,
302,autonomous systems,Computer Vision,10,2025-06-18T13:59:10.929317,,,,,,,,,,,,,20.0,1.8768787384033203,medical diagnosis,unknown,True,"Episode_20: 中間抽象度, 集約的 (dims: [13, 282, 58, 91, 281])",,,,,,,,,,,,,,,,,,,,,,,,,,,,,,,,,,,,,,,,,,
302,autonomous systems,Computer Vision,10,2025-06-18T13:59:10.929317,,,,,,,,,,,,,,,,,,,30.0,1.8768787384033203,medical diagnosis,unknown,True,"Episode_30: 中間抽象度, 集約的 (dims: [13, 282, 58, 91, 281])",,,,,,,,,,,,,,,,,,,,,,,,,,,,,,,,,,,,
302,autonomous systems,Computer Vision,10,2025-06-18T13:59:10.929317,,,,,,,,,,,,,,,,,,,,,,,,,40.0,1.8768787384033203,medical diagnosis,unknown,True,"Episode_40: 中間抽象度, 集約的 (dims: [13, 282, 58, 91, 281])",,,,,,,,,,,,,,,,,,,,,,,,,,,,,,
302,autonomous systems,Computer Vision,10,2025-06-18T13:59:10.929317,,,,,,,,,,,,,,,,,,,,,,,,,,,,,,,50.0,1.8768787384033203,medical diagnosis,unknown,True,"Episode_50: 中間抽象度, 集約的 (dims: [13, 282, 58, 91, 281])",,,,,,,,,,,,,,,,,,,,,,,,
302,autonomous systems,Computer Vision,10,2025-06-18T13:59:10.929317,,,,,,,,,,,,,,,,,,,,,,,,,,,,,,,,,,,,,60.0,1.8768787384033203,medical diagnosis,unknown,True,"Episode_60: 中間抽象度, 集約的 (dims: [13, 282, 58, 91, 281])",,,,,,,,,,,,,,,,,,
302,autonomous systems,Computer Vision,10,2025-06-18T13:59:10.929317,,,,,,,,,,,,,,,,,,,,,,,,,,,,,,,,,,,,,,,,,,,70.0,1.8768787384033203,medical diagnosis,unknown,True,"Episode_70: 中間抽象度, 集約的 (dims: [13, 282, 58, 91, 281])",,,,,,,,,,,,
302,autonomous systems,Computer Vision,10,2025-06-18T13:59:10.929317,,,,,,,,,,,,,,,,,,,,,,,,,,,,,,,,,,,,,,,,,,,,,,,,,80.0,1.8768787384033203,medical diagnosis,unknown,True,"Episode_80: 中間抽象度, 集約的 (dims: [13, 282, 58, 91, 281])",,,,,,
302,autonomous systems,Computer Vision,10,2025-06-18T13:59:10.929317,,,,,,,,,,,,,,,,,,,,,,,,,,,,,,,,,,,,,,,,,,,,,,,,,,,,,,,90.0,1.8768787384033203,medical diagnosis,unknown,True,"Episode_90: 中間抽象度, 集約的 (dims: [13, 282, 58, 91, 281])"
303,natural language processing,Reinforcement Learning,10,2025-06-18T13:59:11.056792,5.0,1.8832250833511353,cybersecurity,unknown,True,"Episode_5: 中間抽象度, 集約的 (dims: [106, 62, 379, 367, 71])",,,,,,,,,,,,,,,,,,,,,,,,,,,,,,,,,,,,,,,,,,,,,,,,,,,,,,
303,natural language processing,Reinforcement Learning,10,2025-06-18T13:59:11.056792,,,,,,,15.0,1.8832250833511353,cybersecurity,unknown,True,"Episode_15: 中間抽象度, 集約的 (dims: [106, 62, 379, 367, 71])",,,,,,,,,,,,,,,,,,,,,,,,,,,,,,,,,,,,,,,,,,,,,,,,
303,natural language processing,Reinforcement Learning,10,2025-06-18T13:59:11.056792,,,,,,,,,,,,,25.0,1.8832250833511353,cybersecurity,unknown,True,"Episode_25: 中間抽象度, 集約的 (dims: [106, 62, 379, 367, 71])",,,,,,,,,,,,,,,,,,,,,,,,,,,,,,,,,,,,,,,,,,
303,natural language processing,Reinforcement Learning,10,2025-06-18T13:59:11.056792,,,,,,,,,,,,,,,,,,,35.0,1.8832250833511353,cybersecurity,unknown,True,"Episode_35: 中間抽象度, 集約的 (dims: [106, 62, 379, 367, 71])",,,,,,,,,,,,,,,,,,,,,,,,,,,,,,,,,,,,
303,natural language processing,Reinforcement Learning,10,2025-06-18T13:59:11.056792,,,,,,,,,,,,,,,,,,,,,,,,,45.0,1.8832250833511353,cybersecurity,unknown,True,"Episode_45: 中間抽象度, 集約的 (dims: [106, 62, 379, 367, 71])",,,,,,,,,,,,,,,,,,,,,,,,,,,,,,
303,natural language processing,Reinforcement Learning,10,2025-06-18T13:59:11.056792,,,,,,,,,,,,,,,,,,,,,,,,,,,,,,,55.0,1.8832250833511353,cybersecurity,unknown,True,"Episode_55: 中間抽象度, 集約的 (dims: [106, 62, 379, 367, 71])",,,,,,,,,,,,,,,,,,,,,,,,
303,natural language processing,Reinforcement Learning,10,2025-06-18T13:59:11.056792,,,,,,,,,,,,,,,,,,,,,,,,,,,,,,,,,,,,,65.0,1.8832250833511353,cybersecurity,unknown,True,"Episode_65: 中間抽象度, 集約的 (dims: [106, 62, 379, 367, 71])",,,,,,,,,,,,,,,,,,
303,natural language processing,Reinforcement Learning,10,2025-06-18T13:59:11.056792,,,,,,,,,,,,,,,,,,,,,,,,,,,,,,,,,,,,,,,,,,,75.0,1.8832250833511353,cybersecurity,unknown,True,"Episode_75: 中間抽象度, 集約的 (dims: [106, 62, 379, 367, 71])",,,,,,,,,,,,
303,natural language processing,Reinforcement Learning,10,2025-06-18T13:59:11.056792,,,,,,,,,,,,,,,,,,,,,,,,,,,,,,,,,,,,,,,,,,,,,,,,,85.0,1.8832250833511353,cybersecurity,unknown,True,"Episode_85: 中間抽象度, 集約的 (dims: [106, 62, 379, 367, 71])",,,,,,
303,natural language processing,Reinforcement Learning,10,2025-06-18T13:59:11.056792,,,,,,,,,,,,,,,,,,,,,,,,,,,,,,,,,,,,,,,,,,,,,,,,,,,,,,,95.0,1.8832250833511353,cybersecurity,unknown,True,"Episode_95: 中間抽象度, 集約的 (dims: [106, 62, 379, 367, 71])"
304,computer vision,Graph Neural Networks,10,2025-06-18T13:59:11.106264,0.0,1.894721269607544,medical diagnosis,unknown,True,"Episode_0: 中間抽象度, 集約的 (dims: [13, 282, 58, 91, 281])",,,,,,,,,,,,,,,,,,,,,,,,,,,,,,,,,,,,,,,,,,,,,,,,,,,,,,
304,computer vision,Graph Neural Networks,10,2025-06-18T13:59:11.106264,,,,,,,10.0,1.894721269607544,medical diagnosis,unknown,True,"Episode_10: 中間抽象度, 集約的 (dims: [13, 282, 58, 91, 281])",,,,,,,,,,,,,,,,,,,,,,,,,,,,,,,,,,,,,,,,,,,,,,,,
304,computer vision,Graph Neural Networks,10,2025-06-18T13:59:11.106264,,,,,,,,,,,,,20.0,1.894721269607544,medical diagnosis,unknown,True,"Episode_20: 中間抽象度, 集約的 (dims: [13, 282, 58, 91, 281])",,,,,,,,,,,,,,,,,,,,,,,,,,,,,,,,,,,,,,,,,,
304,computer vision,Graph Neural Networks,10,2025-06-18T13:59:11.106264,,,,,,,,,,,,,,,,,,,30.0,1.894721269607544,medical diagnosis,unknown,True,"Episode_30: 中間抽象度, 集約的 (dims: [13, 282, 58, 91, 281])",,,,,,,,,,,,,,,,,,,,,,,,,,,,,,,,,,,,
304,computer vision,Graph Neural Networks,10,2025-06-18T13:59:11.106264,,,,,,,,,,,,,,,,,,,,,,,,,40.0,1.894721269607544,medical diagnosis,unknown,True,"Episode_40: 中間抽象度, 集約的 (dims: [13, 282, 58, 91, 281])",,,,,,,,,,,,,,,,,,,,,,,,,,,,,,
304,computer vision,Graph Neural Networks,10,2025-06-18T13:59:11.106264,,,,,,,,,,,,,,,,,,,,,,,,,,,,,,,50.0,1.894721269607544,medical diagnosis,unknown,True,"Episode_50: 中間抽象度, 集約的 (dims: [13, 282, 58, 91, 281])",,,,,,,,,,,,,,,,,,,,,,,,
304,computer vision,Graph Neural Networks,10,2025-06-18T13:59:11.106264,,,,,,,,,,,,,,,,,,,,,,,,,,,,,,,,,,,,,60.0,1.894721269607544,medical diagnosis,unknown,True,"Episode_60: 中間抽象度, 集約的 (dims: [13, 282, 58, 91, 281])",,,,,,,,,,,,,,,,,,
304,computer vision,Graph Neural Networks,10,2025-06-18T13:59:11.106264,,,,,,,,,,,,,,,,,,,,,,,,,,,,,,,,,,,,,,,,,,,70.0,1.894721269607544,medical diagnosis,unknown,True,"Episode_70: 中間抽象度, 集約的 (dims: [13, 282, 58, 91, 281])",,,,,,,,,,,,
304,computer vision,Graph Neural Networks,10,2025-06-18T13:59:11.106264,,,,,,,,,,,,,,,,,,,,,,,,,,,,,,,,,,,,,,,,,,,,,,,,,80.0,1.894721269607544,medical diagnosis,unknown,True,"Episode_80: 中間抽象度, 集約的 (dims: [13, 282, 58, 91, 281])",,,,,,
304,computer vision,Graph Neural Networks,10,2025-06-18T13:59:11.106264,,,,,,,,,,,,,,,,,,,,,,,,,,,,,,,,,,,,,,,,,,,,,,,,,,,,,,,90.0,1.894721269607544,medical diagnosis,unknown,True,"Episode_90: 中間抽象度, 集約的 (dims: [13, 282, 58, 91, 281])"
305,robotics,Federated Learning,10,2025-06-18T13:59:11.151224,5.0,1.8728573322296143,cybersecurity,unknown,True,"Episode_5: 中間抽象度, 集約的 (dims: [106, 62, 379, 367, 71])",,,,,,,,,,,,,,,,,,,,,,,,,,,,,,,,,,,,,,,,,,,,,,,,,,,,,,
305,robotics,Federated Learning,10,2025-06-18T13:59:11.151224,,,,,,,15.0,1.8728573322296143,cybersecurity,unknown,True,"Episode_15: 中間抽象度, 集約的 (dims: [106, 62, 379, 367, 71])",,,,,,,,,,,,,,,,,,,,,,,,,,,,,,,,,,,,,,,,,,,,,,,,
305,robotics,Federated Learning,10,2025-06-18T13:59:11.151224,,,,,,,,,,,,,25.0,1.8728573322296143,cybersecurity,unknown,True,"Episode_25: 中間抽象度, 集約的 (dims: [106, 62, 379, 367, 71])",,,,,,,,,,,,,,,,,,,,,,,,,,,,,,,,,,,,,,,,,,
305,robotics,Federated Learning,10,2025-06-18T13:59:11.151224,,,,,,,,,,,,,,,,,,,35.0,1.8728573322296143,cybersecurity,unknown,True,"Episode_35: 中間抽象度, 集約的 (dims: [106, 62, 379, 367, 71])",,,,,,,,,,,,,,,,,,,,,,,,,,,,,,,,,,,,
305,robotics,Federated Learning,10,2025-06-18T13:59:11.151224,,,,,,,,,,,,,,,,,,,,,,,,,45.0,1.8728573322296143,cybersecurity,unknown,True,"Episode_45: 中間抽象度, 集約的 (dims: [106, 62, 379, 367, 71])",,,,,,,,,,,,,,,,,,,,,,,,,,,,,,
305,robotics,Federated Learning,10,2025-06-18T13:59:11.151224,,,,,,,,,,,,,,,,,,,,,,,,,,,,,,,55.0,1.8728573322296143,cybersecurity,unknown,True,"Episode_55: 中間抽象度, 集約的 (dims: [106, 62, 379, 367, 71])",,,,,,,,,,,,,,,,,,,,,,,,
305,robotics,Federated Learning,10,2025-06-18T13:59:11.151224,,,,,,,,,,,,,,,,,,,,,,,,,,,,,,,,,,,,,65.0,1.8728573322296143,cybersecurity,unknown,True,"Episode_65: 中間抽象度, 集約的 (dims: [106, 62, 379, 367, 71])",,,,,,,,,,,,,,,,,,
305,robotics,Federated Learning,10,2025-06-18T13:59:11.151224,,,,,,,,,,,,,,,,,,,,,,,,,,,,,,,,,,,,,,,,,,,75.0,1.8728573322296143,cybersecurity,unknown,True,"Episode_75: 中間抽象度, 集約的 (dims: [106, 62, 379, 367, 71])",,,,,,,,,,,,
305,robotics,Federated Learning,10,2025-06-18T13:59:11.151224,,,,,,,,,,,,,,,,,,,,,,,,,,,,,,,,,,,,,,,,,,,,,,,,,85.0,1.8728573322296143,cybersecurity,unknown,True,"Episode_85: 中間抽象度, 集約的 (dims: [106, 62, 379, 367, 71])",,,,,,
305,robotics,Federated Learning,10,2025-06-18T13:59:11.151224,,,,,,,,,,,,,,,,,,,,,,,,,,,,,,,,,,,,,,,,,,,,,,,,,,,,,,,95.0,1.8728573322296143,cybersecurity,unknown,True,"Episode_95: 中間抽象度, 集約的 (dims: [106, 62, 379, 367, 71])"
306,cybersecurity,Explainable AI,10,2025-06-18T13:59:11.197251,0.0,1.911033272743225,medical diagnosis,unknown,True,"Episode_0: 中間抽象度, 集約的 (dims: [13, 282, 58, 91, 281])",,,,,,,,,,,,,,,,,,,,,,,,,,,,,,,,,,,,,,,,,,,,,,,,,,,,,,
306,cybersecurity,Explainable AI,10,2025-06-18T13:59:11.197251,,,,,,,10.0,1.911033272743225,medical diagnosis,unknown,True,"Episode_10: 中間抽象度, 集約的 (dims: [13, 282, 58, 91, 281])",,,,,,,,,,,,,,,,,,,,,,,,,,,,,,,,,,,,,,,,,,,,,,,,
306,cybersecurity,Explainable AI,10,2025-06-18T13:59:11.197251,,,,,,,,,,,,,20.0,1.911033272743225,medical diagnosis,unknown,True,"Episode_20: 中間抽象度, 集約的 (dims: [13, 282, 58, 91, 281])",,,,,,,,,,,,,,,,,,,,,,,,,,,,,,,,,,,,,,,,,,
306,cybersecurity,Explainable AI,10,2025-06-18T13:59:11.197251,,,,,,,,,,,,,,,,,,,30.0,1.911033272743225,medical diagnosis,unknown,True,"Episode_30: 中間抽象度, 集約的 (dims: [13, 282, 58, 91, 281])",,,,,,,,,,,,,,,,,,,,,,,,,,,,,,,,,,,,
306,cybersecurity,Explainable AI,10,2025-06-18T13:59:11.197251,,,,,,,,,,,,,,,,,,,,,,,,,40.0,1.911033272743225,medical diagnosis,unknown,True,"Episode_40: 中間抽象度, 集約的 (dims: [13, 282, 58, 91, 281])",,,,,,,,,,,,,,,,,,,,,,,,,,,,,,
306,cybersecurity,Explainable AI,10,2025-06-18T13:59:11.197251,,,,,,,,,,,,,,,,,,,,,,,,,,,,,,,50.0,1.911033272743225,medical diagnosis,unknown,True,"Episode_50: 中間抽象度, 集約的 (dims: [13, 282, 58, 91, 281])",,,,,,,,,,,,,,,,,,,,,,,,
306,cybersecurity,Explainable AI,10,2025-06-18T13:59:11.197251,,,,,,,,,,,,,,,,,,,,,,,,,,,,,,,,,,,,,60.0,1.911033272743225,medical diagnosis,unknown,True,"Episode_60: 中間抽象度, 集約的 (dims: [13, 282, 58, 91, 281])",,,,,,,,,,,,,,,,,,
306,cybersecurity,Explainable AI,10,2025-06-18T13:59:11.197251,,,,,,,,,,,,,,,,,,,,,,,,,,,,,,,,,,,,,,,,,,,70.0,1.911033272743225,medical diagnosis,unknown,True,"Episode_70: 中間抽象度, 集約的 (dims: [13, 282, 58, 91, 281])",,,,,,,,,,,,
306,cybersecurity,Explainable AI,10,2025-06-18T13:59:11.197251,,,,,,,,,,,,,,,,,,,,,,,,,,,,,,,,,,,,,,,,,,,,,,,,,80.0,1.911033272743225,medical diagnosis,unknown,True,"Episode_80: 中間抽象度, 集約的 (dims: [13, 282, 58, 91, 281])",,,,,,
306,cybersecurity,Explainable AI,10,2025-06-18T13:59:11.197251,,,,,,,,,,,,,,,,,,,,,,,,,,,,,,,,,,,,,,,,,,,,,,,,,,,,,,,90.0,1.911033272743225,medical diagnosis,unknown,True,"Episode_90: 中間抽象度, 集約的 (dims: [13, 282, 58, 91, 281])"
307,climate modeling,Multimodal Learning,10,2025-06-18T13:59:11.246789,5.0,1.9013603925704956,cybersecurity,unknown,True,"Episode_5: 中間抽象度, 集約的 (dims: [106, 62, 379, 367, 71])",,,,,,,,,,,,,,,,,,,,,,,,,,,,,,,,,,,,,,,,,,,,,,,,,,,,,,
307,climate modeling,Multimodal Learning,10,2025-06-18T13:59:11.246789,,,,,,,15.0,1.9013603925704956,cybersecurity,unknown,True,"Episode_15: 中間抽象度, 集約的 (dims: [106, 62, 379, 367, 71])",,,,,,,,,,,,,,,,,,,,,,,,,,,,,,,,,,,,,,,,,,,,,,,,
307,climate modeling,Multimodal Learning,10,2025-06-18T13:59:11.246789,,,,,,,,,,,,,25.0,1.9013603925704956,cybersecurity,unknown,True,"Episode_25: 中間抽象度, 集約的 (dims: [106, 62, 379, 367, 71])",,,,,,,,,,,,,,,,,,,,,,,,,,,,,,,,,,,,,,,,,,
307,climate modeling,Multimodal Learning,10,2025-06-18T13:59:11.246789,,,,,,,,,,,,,,,,,,,35.0,1.9013603925704956,cybersecurity,unknown,True,"Episode_35: 中間抽象度, 集約的 (dims: [106, 62, 379, 367, 71])",,,,,,,,,,,,,,,,,,,,,,,,,,,,,,,,,,,,
307,climate modeling,Multimodal Learning,10,2025-06-18T13:59:11.246789,,,,,,,,,,,,,,,,,,,,,,,,,45.0,1.9013603925704956,cybersecurity,unknown,True,"Episode_45: 中間抽象度, 集約的 (dims: [106, 62, 379, 367, 71])",,,,,,,,,,,,,,,,,,,,,,,,,,,,,,
307,climate modeling,Multimodal Learning,10,2025-06-18T13:59:11.246789,,,,,,,,,,,,,,,,,,,,,,,,,,,,,,,55.0,1.9013603925704956,cybersecurity,unknown,True,"Episode_55: 中間抽象度, 集約的 (dims: [106, 62, 379, 367, 71])",,,,,,,,,,,,,,,,,,,,,,,,
307,climate modeling,Multimodal Learning,10,2025-06-18T13:59:11.246789,,,,,,,,,,,,,,,,,,,,,,,,,,,,,,,,,,,,,65.0,1.9013603925704956,cybersecurity,unknown,True,"Episode_65: 中間抽象度, 集約的 (dims: [106, 62, 379, 367, 71])",,,,,,,,,,,,,,,,,,
307,climate modeling,Multimodal Learning,10,2025-06-18T13:59:11.246789,,,,,,,,,,,,,,,,,,,,,,,,,,,,,,,,,,,,,,,,,,,75.0,1.9013603925704956,cybersecurity,unknown,True,"Episode_75: 中間抽象度, 集約的 (dims: [106, 62, 379, 367, 71])",,,,,,,,,,,,
307,climate modeling,Multimodal Learning,10,2025-06-18T13:59:11.246789,,,,,,,,,,,,,,,,,,,,,,,,,,,,,,,,,,,,,,,,,,,,,,,,,85.0,1.9013603925704956,cybersecurity,unknown,True,"Episode_85: 中間抽象度, 集約的 (dims: [106, 62, 379, 367, 71])",,,,,,
307,climate modeling,Multimodal Learning,10,2025-06-18T13:59:11.246789,,,,,,,,,,,,,,,,,,,,,,,,,,,,,,,,,,,,,,,,,,,,,,,,,,,,,,,95.0,1.9013603925704956,cybersecurity,unknown,True,"Episode_95: 中間抽象度, 集約的 (dims: [106, 62, 379, 367, 71])"
308,drug discovery,Few-shot Learning,10,2025-06-18T13:59:11.324922,0.0,1.9221811294555664,medical diagnosis,unknown,True,"Episode_0: 中間抽象度, 集約的 (dims: [13, 282, 58, 91, 281])",,,,,,,,,,,,,,,,,,,,,,,,,,,,,,,,,,,,,,,,,,,,,,,,,,,,,,
308,drug discovery,Few-shot Learning,10,2025-06-18T13:59:11.324922,,,,,,,10.0,1.9221811294555664,medical diagnosis,unknown,True,"Episode_10: 中間抽象度, 集約的 (dims: [13, 282, 58, 91, 281])",,,,,,,,,,,,,,,,,,,,,,,,,,,,,,,,,,,,,,,,,,,,,,,,
308,drug discovery,Few-shot Learning,10,2025-06-18T13:59:11.324922,,,,,,,,,,,,,20.0,1.9221811294555664,medical diagnosis,unknown,True,"Episode_20: 中間抽象度, 集約的 (dims: [13, 282, 58, 91, 281])",,,,,,,,,,,,,,,,,,,,,,,,,,,,,,,,,,,,,,,,,,
308,drug discovery,Few-shot Learning,10,2025-06-18T13:59:11.324922,,,,,,,,,,,,,,,,,,,30.0,1.9221811294555664,medical diagnosis,unknown,True,"Episode_30: 中間抽象度, 集約的 (dims: [13, 282, 58, 91, 281])",,,,,,,,,,,,,,,,,,,,,,,,,,,,,,,,,,,,
308,drug discovery,Few-shot Learning,10,2025-06-18T13:59:11.324922,,,,,,,,,,,,,,,,,,,,,,,,,40.0,1.9221811294555664,medical diagnosis,unknown,True,"Episode_40: 中間抽象度, 集約的 (dims: [13, 282, 58, 91, 281])",,,,,,,,,,,,,,,,,,,,,,,,,,,,,,
308,drug discovery,Few-shot Learning,10,2025-06-18T13:59:11.324922,,,,,,,,,,,,,,,,,,,,,,,,,,,,,,,50.0,1.9221811294555664,medical diagnosis,unknown,True,"Episode_50: 中間抽象度, 集約的 (dims: [13, 282, 58, 91, 281])",,,,,,,,,,,,,,,,,,,,,,,,
308,drug discovery,Few-shot Learning,10,2025-06-18T13:59:11.324922,,,,,,,,,,,,,,,,,,,,,,,,,,,,,,,,,,,,,60.0,1.9221811294555664,medical diagnosis,unknown,True,"Episode_60: 中間抽象度, 集約的 (dims: [13, 282, 58, 91, 281])",,,,,,,,,,,,,,,,,,
308,drug discovery,Few-shot Learning,10,2025-06-18T13:59:11.324922,,,,,,,,,,,,,,,,,,,,,,,,,,,,,,,,,,,,,,,,,,,70.0,1.9221811294555664,medical diagnosis,unknown,True,"Episode_70: 中間抽象度, 集約的 (dims: [13, 282, 58, 91, 281])",,,,,,,,,,,,
308,drug discovery,Few-shot Learning,10,2025-06-18T13:59:11.324922,,,,,,,,,,,,,,,,,,,,,,,,,,,,,,,,,,,,,,,,,,,,,,,,,80.0,1.9221811294555664,medical diagnosis,unknown,True,"Episode_80: 中間抽象度, 集約的 (dims: [13, 282, 58, 91, 281])",,,,,,
308,drug discovery,Few-shot Learning,10,2025-06-18T13:59:11.324922,,,,,,,,,,,,,,,,,,,,,,,,,,,,,,,,,,,,,,,,,,,,,,,,,,,,,,,90.0,1.9221811294555664,medical diagnosis,unknown,True,"Episode_90: 中間抽象度, 集約的 (dims: [13, 282, 58, 91, 281])"
309,financial prediction,Transfer Learning,10,2025-06-18T13:59:11.382909,0.0,1.9256962537765503,medical diagnosis,unknown,True,"Episode_0: 中間抽象度, 集約的 (dims: [13, 282, 58, 91, 281])",,,,,,,,,,,,,,,,,,,,,,,,,,,,,,,,,,,,,,,,,,,,,,,,,,,,,,
309,financial prediction,Transfer Learning,10,2025-06-18T13:59:11.382909,,,,,,,10.0,1.9256962537765503,medical diagnosis,unknown,True,"Episode_10: 中間抽象度, 集約的 (dims: [13, 282, 58, 91, 281])",,,,,,,,,,,,,,,,,,,,,,,,,,,,,,,,,,,,,,,,,,,,,,,,
309,financial prediction,Transfer Learning,10,2025-06-18T13:59:11.382909,,,,,,,,,,,,,20.0,1.9256962537765503,medical diagnosis,unknown,True,"Episode_20: 中間抽象度, 集約的 (dims: [13, 282, 58, 91, 281])",,,,,,,,,,,,,,,,,,,,,,,,,,,,,,,,,,,,,,,,,,
309,financial prediction,Transfer Learning,10,2025-06-18T13:59:11.382909,,,,,,,,,,,,,,,,,,,30.0,1.9256962537765503,medical diagnosis,unknown,True,"Episode_30: 中間抽象度, 集約的 (dims: [13, 282, 58, 91, 281])",,,,,,,,,,,,,,,,,,,,,,,,,,,,,,,,,,,,
309,financial prediction,Transfer Learning,10,2025-06-18T13:59:11.382909,,,,,,,,,,,,,,,,,,,,,,,,,40.0,1.9256962537765503,medical diagnosis,unknown,True,"Episode_40: 中間抽象度, 集約的 (dims: [13, 282, 58, 91, 281])",,,,,,,,,,,,,,,,,,,,,,,,,,,,,,
309,financial prediction,Transfer Learning,10,2025-06-18T13:59:11.382909,,,,,,,,,,,,,,,,,,,,,,,,,,,,,,,50.0,1.9256962537765503,medical diagnosis,unknown,True,"Episode_50: 中間抽象度, 集約的 (dims: [13, 282, 58, 91, 281])",,,,,,,,,,,,,,,,,,,,,,,,
309,financial prediction,Transfer Learning,10,2025-06-18T13:59:11.382909,,,,,,,,,,,,,,,,,,,,,,,,,,,,,,,,,,,,,60.0,1.9256962537765503,medical diagnosis,unknown,True,"Episode_60: 中間抽象度, 集約的 (dims: [13, 282, 58, 91, 281])",,,,,,,,,,,,,,,,,,
309,financial prediction,Transfer Learning,10,2025-06-18T13:59:11.382909,,,,,,,,,,,,,,,,,,,,,,,,,,,,,,,,,,,,,,,,,,,70.0,1.9256962537765503,medical diagnosis,unknown,True,"Episode_70: 中間抽象度, 集約的 (dims: [13, 282, 58, 91, 281])",,,,,,,,,,,,
309,financial prediction,Transfer Learning,10,2025-06-18T13:59:11.382909,,,,,,,,,,,,,,,,,,,,,,,,,,,,,,,,,,,,,,,,,,,,,,,,,80.0,1.9256962537765503,medical diagnosis,unknown,True,"Episode_80: 中間抽象度, 集約的 (dims: [13, 282, 58, 91, 281])",,,,,,
309,financial prediction,Transfer Learning,10,2025-06-18T13:59:11.382909,,,,,,,,,,,,,,,,,,,,,,,,,,,,,,,,,,,,,,,,,,,,,,,,,,,,,,,90.0,1.9256962537765503,medical diagnosis,unknown,True,"Episode_90: 中間抽象度, 集約的 (dims: [13, 282, 58, 91, 281])"
310,educational technology,Adversarial Machine Learning,10,2025-06-18T13:59:11.439596,0.0,1.928670048713684,medical diagnosis,unknown,True,"Episode_0: 中間抽象度, 集約的 (dims: [13, 282, 58, 91, 281])",,,,,,,,,,,,,,,,,,,,,,,,,,,,,,,,,,,,,,,,,,,,,,,,,,,,,,
310,educational technology,Adversarial Machine Learning,10,2025-06-18T13:59:11.439596,,,,,,,10.0,1.928670048713684,medical diagnosis,unknown,True,"Episode_10: 中間抽象度, 集約的 (dims: [13, 282, 58, 91, 281])",,,,,,,,,,,,,,,,,,,,,,,,,,,,,,,,,,,,,,,,,,,,,,,,
310,educational technology,Adversarial Machine Learning,10,2025-06-18T13:59:11.439596,,,,,,,,,,,,,20.0,1.928670048713684,medical diagnosis,unknown,True,"Episode_20: 中間抽象度, 集約的 (dims: [13, 282, 58, 91, 281])",,,,,,,,,,,,,,,,,,,,,,,,,,,,,,,,,,,,,,,,,,
310,educational technology,Adversarial Machine Learning,10,2025-06-18T13:59:11.439596,,,,,,,,,,,,,,,,,,,30.0,1.928670048713684,medical diagnosis,unknown,True,"Episode_30: 中間抽象度, 集約的 (dims: [13, 282, 58, 91, 281])",,,,,,,,,,,,,,,,,,,,,,,,,,,,,,,,,,,,
310,educational technology,Adversarial Machine Learning,10,2025-06-18T13:59:11.439596,,,,,,,,,,,,,,,,,,,,,,,,,40.0,1.928670048713684,medical diagnosis,unknown,True,"Episode_40: 中間抽象度, 集約的 (dims: [13, 282, 58, 91, 281])",,,,,,,,,,,,,,,,,,,,,,,,,,,,,,
310,educational technology,Adversarial Machine Learning,10,2025-06-18T13:59:11.439596,,,,,,,,,,,,,,,,,,,,,,,,,,,,,,,50.0,1.928670048713684,medical diagnosis,unknown,True,"Episode_50: 中間抽象度, 集約的 (dims: [13, 282, 58, 91, 281])",,,,,,,,,,,,,,,,,,,,,,,,
310,educational technology,Adversarial Machine Learning,10,2025-06-18T13:59:11.439596,,,,,,,,,,,,,,,,,,,,,,,,,,,,,,,,,,,,,60.0,1.928670048713684,medical diagnosis,unknown,True,"Episode_60: 中間抽象度, 集約的 (dims: [13, 282, 58, 91, 281])",,,,,,,,,,,,,,,,,,
310,educational technology,Adversarial Machine Learning,10,2025-06-18T13:59:11.439596,,,,,,,,,,,,,,,,,,,,,,,,,,,,,,,,,,,,,,,,,,,70.0,1.928670048713684,medical diagnosis,unknown,True,"Episode_70: 中間抽象度, 集約的 (dims: [13, 282, 58, 91, 281])",,,,,,,,,,,,
310,educational technology,Adversarial Machine Learning,10,2025-06-18T13:59:11.439596,,,,,,,,,,,,,,,,,,,,,,,,,,,,,,,,,,,,,,,,,,,,,,,,,80.0,1.928670048713684,medical diagnosis,unknown,True,"Episode_80: 中間抽象度, 集約的 (dims: [13, 282, 58, 91, 281])",,,,,,
310,educational technology,Adversarial Machine Learning,10,2025-06-18T13:59:11.439596,,,,,,,,,,,,,,,,,,,,,,,,,,,,,,,,,,,,,,,,,,,,,,,,,,,,,,,90.0,1.928670048713684,medical diagnosis,unknown,True,"Episode_90: 中間抽象度, 集約的 (dims: [13, 282, 58, 91, 281])"
311,medical diagnosis,Large Language Models,0,2025-06-18T13:59:11.492304,0.0,1.8874430656433105,medical diagnosis,unknown,False,"Episode_0: 中間抽象度, 集約的 (dims: [13, 282, 58, 91, 281])",,,,,,,,,,,,,,,,,,,,,,,,,,,,,,,,,,,,,,,,,,,,,,,,,,,,,,
311,medical diagnosis,Large Language Models,0,2025-06-18T13:59:11.492304,,,,,,,10.0,1.8874430656433105,medical diagnosis,unknown,False,"Episode_10: 中間抽象度, 集約的 (dims: [13, 282, 58, 91, 281])",,,,,,,,,,,,,,,,,,,,,,,,,,,,,,,,,,,,,,,,,,,,,,,,
311,medical diagnosis,Large Language Models,0,2025-06-18T13:59:11.492304,,,,,,,,,,,,,20.0,1.8874430656433105,medical diagnosis,unknown,False,"Episode_20: 中間抽象度, 集約的 (dims: [13, 282, 58, 91, 281])",,,,,,,,,,,,,,,,,,,,,,,,,,,,,,,,,,,,,,,,,,
311,medical diagnosis,Large Language Models,0,2025-06-18T13:59:11.492304,,,,,,,,,,,,,,,,,,,30.0,1.8874430656433105,medical diagnosis,unknown,False,"Episode_30: 中間抽象度, 集約的 (dims: [13, 282, 58, 91, 281])",,,,,,,,,,,,,,,,,,,,,,,,,,,,,,,,,,,,
311,medical diagnosis,Large Language Models,0,2025-06-18T13:59:11.492304,,,,,,,,,,,,,,,,,,,,,,,,,40.0,1.8874430656433105,medical diagnosis,unknown,False,"Episode_40: 中間抽象度, 集約的 (dims: [13, 282, 58, 91, 281])",,,,,,,,,,,,,,,,,,,,,,,,,,,,,,
311,medical diagnosis,Large Language Models,0,2025-06-18T13:59:11.492304,,,,,,,,,,,,,,,,,,,,,,,,,,,,,,,50.0,1.8874430656433105,medical diagnosis,unknown,False,"Episode_50: 中間抽象度, 集約的 (dims: [13, 282, 58, 91, 281])",,,,,,,,,,,,,,,,,,,,,,,,
311,medical diagnosis,Large Language Models,0,2025-06-18T13:59:11.492304,,,,,,,,,,,,,,,,,,,,,,,,,,,,,,,,,,,,,60.0,1.8874430656433105,medical diagnosis,unknown,False,"Episode_60: 中間抽象度, 集約的 (dims: [13, 282, 58, 91, 281])",,,,,,,,,,,,,,,,,,
311,medical diagnosis,Large Language Models,0,2025-06-18T13:59:11.492304,,,,,,,,,,,,,,,,,,,,,,,,,,,,,,,,,,,,,,,,,,,70.0,1.8874430656433105,medical diagnosis,unknown,False,"Episode_70: 中間抽象度, 集約的 (dims: [13, 282, 58, 91, 281])",,,,,,,,,,,,
311,medical diagnosis,Large Language Models,0,2025-06-18T13:59:11.492304,,,,,,,,,,,,,,,,,,,,,,,,,,,,,,,,,,,,,,,,,,,,,,,,,80.0,1.8874430656433105,medical diagnosis,unknown,False,"Episode_80: 中間抽象度, 集約的 (dims: [13, 282, 58, 91, 281])",,,,,,
311,medical diagnosis,Large Language Models,0,2025-06-18T13:59:11.492304,,,,,,,,,,,,,,,,,,,,,,,,,,,,,,,,,,,,,,,,,,,,,,,,,,,,,,,90.0,1.8874430656433105,medical diagnosis,unknown,False,"Episode_90: 中間抽象度, 集約的 (dims: [13, 282, 58, 91, 281])"
312,autonomous systems,Computer Vision,10,2025-06-18T13:59:11.537468,0.0,1.8768787384033203,medical diagnosis,unknown,True,"Episode_0: 中間抽象度, 集約的 (dims: [13, 282, 58, 91, 281])",,,,,,,,,,,,,,,,,,,,,,,,,,,,,,,,,,,,,,,,,,,,,,,,,,,,,,
312,autonomous systems,Computer Vision,10,2025-06-18T13:59:11.537468,,,,,,,10.0,1.8768787384033203,medical diagnosis,unknown,True,"Episode_10: 中間抽象度, 集約的 (dims: [13, 282, 58, 91, 281])",,,,,,,,,,,,,,,,,,,,,,,,,,,,,,,,,,,,,,,,,,,,,,,,
312,autonomous systems,Computer Vision,10,2025-06-18T13:59:11.537468,,,,,,,,,,,,,20.0,1.8768787384033203,medical diagnosis,unknown,True,"Episode_20: 中間抽象度, 集約的 (dims: [13, 282, 58, 91, 281])",,,,,,,,,,,,,,,,,,,,,,,,,,,,,,,,,,,,,,,,,,
312,autonomous systems,Computer Vision,10,2025-06-18T13:59:11.537468,,,,,,,,,,,,,,,,,,,30.0,1.8768787384033203,medical diagnosis,unknown,True,"Episode_30: 中間抽象度, 集約的 (dims: [13, 282, 58, 91, 281])",,,,,,,,,,,,,,,,,,,,,,,,,,,,,,,,,,,,
312,autonomous systems,Computer Vision,10,2025-06-18T13:59:11.537468,,,,,,,,,,,,,,,,,,,,,,,,,40.0,1.8768787384033203,medical diagnosis,unknown,True,"Episode_40: 中間抽象度, 集約的 (dims: [13, 282, 58, 91, 281])",,,,,,,,,,,,,,,,,,,,,,,,,,,,,,
312,autonomous systems,Computer Vision,10,2025-06-18T13:59:11.537468,,,,,,,,,,,,,,,,,,,,,,,,,,,,,,,50.0,1.8768787384033203,medical diagnosis,unknown,True,"Episode_50: 中間抽象度, 集約的 (dims: [13, 282, 58, 91, 281])",,,,,,,,,,,,,,,,,,,,,,,,
312,autonomous systems,Computer Vision,10,2025-06-18T13:59:11.537468,,,,,,,,,,,,,,,,,,,,,,,,,,,,,,,,,,,,,60.0,1.8768787384033203,medical diagnosis,unknown,True,"Episode_60: 中間抽象度, 集約的 (dims: [13, 282, 58, 91, 281])",,,,,,,,,,,,,,,,,,
312,autonomous systems,Computer Vision,10,2025-06-18T13:59:11.537468,,,,,,,,,,,,,,,,,,,,,,,,,,,,,,,,,,,,,,,,,,,70.0,1.8768787384033203,medical diagnosis,unknown,True,"Episode_70: 中間抽象度, 集約的 (dims: [13, 282, 58, 91, 281])",,,,,,,,,,,,
312,autonomous systems,Computer Vision,10,2025-06-18T13:59:11.537468,,,,,,,,,,,,,,,,,,,,,,,,,,,,,,,,,,,,,,,,,,,,,,,,,80.0,1.8768787384033203,medical diagnosis,unknown,True,"Episode_80: 中間抽象度, 集約的 (dims: [13, 282, 58, 91, 281])",,,,,,
312,autonomous systems,Computer Vision,10,2025-06-18T13:59:11.537468,,,,,,,,,,,,,,,,,,,,,,,,,,,,,,,,,,,,,,,,,,,,,,,,,,,,,,,90.0,1.8768787384033203,medical diagnosis,unknown,True,"Episode_90: 中間抽象度, 集約的 (dims: [13, 282, 58, 91, 281])"
313,natural language processing,Reinforcement Learning,10,2025-06-18T13:59:11.582237,5.0,1.8832250833511353,cybersecurity,unknown,True,"Episode_5: 中間抽象度, 集約的 (dims: [106, 62, 379, 367, 71])",,,,,,,,,,,,,,,,,,,,,,,,,,,,,,,,,,,,,,,,,,,,,,,,,,,,,,
313,natural language processing,Reinforcement Learning,10,2025-06-18T13:59:11.582237,,,,,,,15.0,1.8832250833511353,cybersecurity,unknown,True,"Episode_15: 中間抽象度, 集約的 (dims: [106, 62, 379, 367, 71])",,,,,,,,,,,,,,,,,,,,,,,,,,,,,,,,,,,,,,,,,,,,,,,,
313,natural language processing,Reinforcement Learning,10,2025-06-18T13:59:11.582237,,,,,,,,,,,,,25.0,1.8832250833511353,cybersecurity,unknown,True,"Episode_25: 中間抽象度, 集約的 (dims: [106, 62, 379, 367, 71])",,,,,,,,,,,,,,,,,,,,,,,,,,,,,,,,,,,,,,,,,,
313,natural language processing,Reinforcement Learning,10,2025-06-18T13:59:11.582237,,,,,,,,,,,,,,,,,,,35.0,1.8832250833511353,cybersecurity,unknown,True,"Episode_35: 中間抽象度, 集約的 (dims: [106, 62, 379, 367, 71])",,,,,,,,,,,,,,,,,,,,,,,,,,,,,,,,,,,,
313,natural language processing,Reinforcement Learning,10,2025-06-18T13:59:11.582237,,,,,,,,,,,,,,,,,,,,,,,,,45.0,1.8832250833511353,cybersecurity,unknown,True,"Episode_45: 中間抽象度, 集約的 (dims: [106, 62, 379, 367, 71])",,,,,,,,,,,,,,,,,,,,,,,,,,,,,,
313,natural language processing,Reinforcement Learning,10,2025-06-18T13:59:11.582237,,,,,,,,,,,,,,,,,,,,,,,,,,,,,,,55.0,1.8832250833511353,cybersecurity,unknown,True,"Episode_55: 中間抽象度, 集約的 (dims: [106, 62, 379, 367, 71])",,,,,,,,,,,,,,,,,,,,,,,,
313,natural language processing,Reinforcement Learning,10,2025-06-18T13:59:11.582237,,,,,,,,,,,,,,,,,,,,,,,,,,,,,,,,,,,,,65.0,1.8832250833511353,cybersecurity,unknown,True,"Episode_65: 中間抽象度, 集約的 (dims: [106, 62, 379, 367, 71])",,,,,,,,,,,,,,,,,,
313,natural language processing,Reinforcement Learning,10,2025-06-18T13:59:11.582237,,,,,,,,,,,,,,,,,,,,,,,,,,,,,,,,,,,,,,,,,,,75.0,1.8832250833511353,cybersecurity,unknown,True,"Episode_75: 中間抽象度, 集約的 (dims: [106, 62, 379, 367, 71])",,,,,,,,,,,,
313,natural language processing,Reinforcement Learning,10,2025-06-18T13:59:11.582237,,,,,,,,,,,,,,,,,,,,,,,,,,,,,,,,,,,,,,,,,,,,,,,,,85.0,1.8832250833511353,cybersecurity,unknown,True,"Episode_85: 中間抽象度, 集約的 (dims: [106, 62, 379, 367, 71])",,,,,,
313,natural language processing,Reinforcement Learning,10,2025-06-18T13:59:11.582237,,,,,,,,,,,,,,,,,,,,,,,,,,,,,,,,,,,,,,,,,,,,,,,,,,,,,,,95.0,1.8832250833511353,cybersecurity,unknown,True,"Episode_95: 中間抽象度, 集約的 (dims: [106, 62, 379, 367, 71])"
314,computer vision,Graph Neural Networks,10,2025-06-18T13:59:11.627026,0.0,1.894721269607544,medical diagnosis,unknown,True,"Episode_0: 中間抽象度, 集約的 (dims: [13, 282, 58, 91, 281])",,,,,,,,,,,,,,,,,,,,,,,,,,,,,,,,,,,,,,,,,,,,,,,,,,,,,,
314,computer vision,Graph Neural Networks,10,2025-06-18T13:59:11.627026,,,,,,,10.0,1.894721269607544,medical diagnosis,unknown,True,"Episode_10: 中間抽象度, 集約的 (dims: [13, 282, 58, 91, 281])",,,,,,,,,,,,,,,,,,,,,,,,,,,,,,,,,,,,,,,,,,,,,,,,
314,computer vision,Graph Neural Networks,10,2025-06-18T13:59:11.627026,,,,,,,,,,,,,20.0,1.894721269607544,medical diagnosis,unknown,True,"Episode_20: 中間抽象度, 集約的 (dims: [13, 282, 58, 91, 281])",,,,,,,,,,,,,,,,,,,,,,,,,,,,,,,,,,,,,,,,,,
314,computer vision,Graph Neural Networks,10,2025-06-18T13:59:11.627026,,,,,,,,,,,,,,,,,,,30.0,1.894721269607544,medical diagnosis,unknown,True,"Episode_30: 中間抽象度, 集約的 (dims: [13, 282, 58, 91, 281])",,,,,,,,,,,,,,,,,,,,,,,,,,,,,,,,,,,,
314,computer vision,Graph Neural Networks,10,2025-06-18T13:59:11.627026,,,,,,,,,,,,,,,,,,,,,,,,,40.0,1.894721269607544,medical diagnosis,unknown,True,"Episode_40: 中間抽象度, 集約的 (dims: [13, 282, 58, 91, 281])",,,,,,,,,,,,,,,,,,,,,,,,,,,,,,
314,computer vision,Graph Neural Networks,10,2025-06-18T13:59:11.627026,,,,,,,,,,,,,,,,,,,,,,,,,,,,,,,50.0,1.894721269607544,medical diagnosis,unknown,True,"Episode_50: 中間抽象度, 集約的 (dims: [13, 282, 58, 91, 281])",,,,,,,,,,,,,,,,,,,,,,,,
314,computer vision,Graph Neural Networks,10,2025-06-18T13:59:11.627026,,,,,,,,,,,,,,,,,,,,,,,,,,,,,,,,,,,,,60.0,1.894721269607544,medical diagnosis,unknown,True,"Episode_60: 中間抽象度, 集約的 (dims: [13, 282, 58, 91, 281])",,,,,,,,,,,,,,,,,,
314,computer vision,Graph Neural Networks,10,2025-06-18T13:59:11.627026,,,,,,,,,,,,,,,,,,,,,,,,,,,,,,,,,,,,,,,,,,,70.0,1.894721269607544,medical diagnosis,unknown,True,"Episode_70: 中間抽象度, 集約的 (dims: [13, 282, 58, 91, 281])",,,,,,,,,,,,
314,computer vision,Graph Neural Networks,10,2025-06-18T13:59:11.627026,,,,,,,,,,,,,,,,,,,,,,,,,,,,,,,,,,,,,,,,,,,,,,,,,80.0,1.894721269607544,medical diagnosis,unknown,True,"Episode_80: 中間抽象度, 集約的 (dims: [13, 282, 58, 91, 281])",,,,,,
314,computer vision,Graph Neural Networks,10,2025-06-18T13:59:11.627026,,,,,,,,,,,,,,,,,,,,,,,,,,,,,,,,,,,,,,,,,,,,,,,,,,,,,,,90.0,1.894721269607544,medical diagnosis,unknown,True,"Episode_90: 中間抽象度, 集約的 (dims: [13, 282, 58, 91, 281])"
315,robotics,Federated Learning,10,2025-06-18T13:59:11.672157,5.0,1.8728573322296143,cybersecurity,unknown,True,"Episode_5: 中間抽象度, 集約的 (dims: [106, 62, 379, 367, 71])",,,,,,,,,,,,,,,,,,,,,,,,,,,,,,,,,,,,,,,,,,,,,,,,,,,,,,
315,robotics,Federated Learning,10,2025-06-18T13:59:11.672157,,,,,,,15.0,1.8728573322296143,cybersecurity,unknown,True,"Episode_15: 中間抽象度, 集約的 (dims: [106, 62, 379, 367, 71])",,,,,,,,,,,,,,,,,,,,,,,,,,,,,,,,,,,,,,,,,,,,,,,,
315,robotics,Federated Learning,10,2025-06-18T13:59:11.672157,,,,,,,,,,,,,25.0,1.8728573322296143,cybersecurity,unknown,True,"Episode_25: 中間抽象度, 集約的 (dims: [106, 62, 379, 367, 71])",,,,,,,,,,,,,,,,,,,,,,,,,,,,,,,,,,,,,,,,,,
315,robotics,Federated Learning,10,2025-06-18T13:59:11.672157,,,,,,,,,,,,,,,,,,,35.0,1.8728573322296143,cybersecurity,unknown,True,"Episode_35: 中間抽象度, 集約的 (dims: [106, 62, 379, 367, 71])",,,,,,,,,,,,,,,,,,,,,,,,,,,,,,,,,,,,
315,robotics,Federated Learning,10,2025-06-18T13:59:11.672157,,,,,,,,,,,,,,,,,,,,,,,,,45.0,1.8728573322296143,cybersecurity,unknown,True,"Episode_45: 中間抽象度, 集約的 (dims: [106, 62, 379, 367, 71])",,,,,,,,,,,,,,,,,,,,,,,,,,,,,,
315,robotics,Federated Learning,10,2025-06-18T13:59:11.672157,,,,,,,,,,,,,,,,,,,,,,,,,,,,,,,55.0,1.8728573322296143,cybersecurity,unknown,True,"Episode_55: 中間抽象度, 集約的 (dims: [106, 62, 379, 367, 71])",,,,,,,,,,,,,,,,,,,,,,,,
315,robotics,Federated Learning,10,2025-06-18T13:59:11.672157,,,,,,,,,,,,,,,,,,,,,,,,,,,,,,,,,,,,,65.0,1.8728573322296143,cybersecurity,unknown,True,"Episode_65: 中間抽象度, 集約的 (dims: [106, 62, 379, 367, 71])",,,,,,,,,,,,,,,,,,
315,robotics,Federated Learning,10,2025-06-18T13:59:11.672157,,,,,,,,,,,,,,,,,,,,,,,,,,,,,,,,,,,,,,,,,,,75.0,1.8728573322296143,cybersecurity,unknown,True,"Episode_75: 中間抽象度, 集約的 (dims: [106, 62, 379, 367, 71])",,,,,,,,,,,,
315,robotics,Federated Learning,10,2025-06-18T13:59:11.672157,,,,,,,,,,,,,,,,,,,,,,,,,,,,,,,,,,,,,,,,,,,,,,,,,85.0,1.8728573322296143,cybersecurity,unknown,True,"Episode_85: 中間抽象度, 集約的 (dims: [106, 62, 379, 367, 71])",,,,,,
315,robotics,Federated Learning,10,2025-06-18T13:59:11.672157,,,,,,,,,,,,,,,,,,,,,,,,,,,,,,,,,,,,,,,,,,,,,,,,,,,,,,,95.0,1.8728573322296143,cybersecurity,unknown,True,"Episode_95: 中間抽象度, 集約的 (dims: [106, 62, 379, 367, 71])"
316,cybersecurity,Explainable AI,10,2025-06-18T13:59:11.718192,0.0,1.911033272743225,medical diagnosis,unknown,True,"Episode_0: 中間抽象度, 集約的 (dims: [13, 282, 58, 91, 281])",,,,,,,,,,,,,,,,,,,,,,,,,,,,,,,,,,,,,,,,,,,,,,,,,,,,,,
316,cybersecurity,Explainable AI,10,2025-06-18T13:59:11.718192,,,,,,,10.0,1.911033272743225,medical diagnosis,unknown,True,"Episode_10: 中間抽象度, 集約的 (dims: [13, 282, 58, 91, 281])",,,,,,,,,,,,,,,,,,,,,,,,,,,,,,,,,,,,,,,,,,,,,,,,
316,cybersecurity,Explainable AI,10,2025-06-18T13:59:11.718192,,,,,,,,,,,,,20.0,1.911033272743225,medical diagnosis,unknown,True,"Episode_20: 中間抽象度, 集約的 (dims: [13, 282, 58, 91, 281])",,,,,,,,,,,,,,,,,,,,,,,,,,,,,,,,,,,,,,,,,,
316,cybersecurity,Explainable AI,10,2025-06-18T13:59:11.718192,,,,,,,,,,,,,,,,,,,30.0,1.911033272743225,medical diagnosis,unknown,True,"Episode_30: 中間抽象度, 集約的 (dims: [13, 282, 58, 91, 281])",,,,,,,,,,,,,,,,,,,,,,,,,,,,,,,,,,,,
316,cybersecurity,Explainable AI,10,2025-06-18T13:59:11.718192,,,,,,,,,,,,,,,,,,,,,,,,,40.0,1.911033272743225,medical diagnosis,unknown,True,"Episode_40: 中間抽象度, 集約的 (dims: [13, 282, 58, 91, 281])",,,,,,,,,,,,,,,,,,,,,,,,,,,,,,
316,cybersecurity,Explainable AI,10,2025-06-18T13:59:11.718192,,,,,,,,,,,,,,,,,,,,,,,,,,,,,,,50.0,1.911033272743225,medical diagnosis,unknown,True,"Episode_50: 中間抽象度, 集約的 (dims: [13, 282, 58, 91, 281])",,,,,,,,,,,,,,,,,,,,,,,,
316,cybersecurity,Explainable AI,10,2025-06-18T13:59:11.718192,,,,,,,,,,,,,,,,,,,,,,,,,,,,,,,,,,,,,60.0,1.911033272743225,medical diagnosis,unknown,True,"Episode_60: 中間抽象度, 集約的 (dims: [13, 282, 58, 91, 281])",,,,,,,,,,,,,,,,,,
316,cybersecurity,Explainable AI,10,2025-06-18T13:59:11.718192,,,,,,,,,,,,,,,,,,,,,,,,,,,,,,,,,,,,,,,,,,,70.0,1.911033272743225,medical diagnosis,unknown,True,"Episode_70: 中間抽象度, 集約的 (dims: [13, 282, 58, 91, 281])",,,,,,,,,,,,
316,cybersecurity,Explainable AI,10,2025-06-18T13:59:11.718192,,,,,,,,,,,,,,,,,,,,,,,,,,,,,,,,,,,,,,,,,,,,,,,,,80.0,1.911033272743225,medical diagnosis,unknown,True,"Episode_80: 中間抽象度, 集約的 (dims: [13, 282, 58, 91, 281])",,,,,,
316,cybersecurity,Explainable AI,10,2025-06-18T13:59:11.718192,,,,,,,,,,,,,,,,,,,,,,,,,,,,,,,,,,,,,,,,,,,,,,,,,,,,,,,90.0,1.911033272743225,medical diagnosis,unknown,True,"Episode_90: 中間抽象度, 集約的 (dims: [13, 282, 58, 91, 281])"
317,climate modeling,Multimodal Learning,10,2025-06-18T13:59:11.765965,5.0,1.9013603925704956,cybersecurity,unknown,True,"Episode_5: 中間抽象度, 集約的 (dims: [106, 62, 379, 367, 71])",,,,,,,,,,,,,,,,,,,,,,,,,,,,,,,,,,,,,,,,,,,,,,,,,,,,,,
317,climate modeling,Multimodal Learning,10,2025-06-18T13:59:11.765965,,,,,,,15.0,1.9013603925704956,cybersecurity,unknown,True,"Episode_15: 中間抽象度, 集約的 (dims: [106, 62, 379, 367, 71])",,,,,,,,,,,,,,,,,,,,,,,,,,,,,,,,,,,,,,,,,,,,,,,,
317,climate modeling,Multimodal Learning,10,2025-06-18T13:59:11.765965,,,,,,,,,,,,,25.0,1.9013603925704956,cybersecurity,unknown,True,"Episode_25: 中間抽象度, 集約的 (dims: [106, 62, 379, 367, 71])",,,,,,,,,,,,,,,,,,,,,,,,,,,,,,,,,,,,,,,,,,
317,climate modeling,Multimodal Learning,10,2025-06-18T13:59:11.765965,,,,,,,,,,,,,,,,,,,35.0,1.9013603925704956,cybersecurity,unknown,True,"Episode_35: 中間抽象度, 集約的 (dims: [106, 62, 379, 367, 71])",,,,,,,,,,,,,,,,,,,,,,,,,,,,,,,,,,,,
317,climate modeling,Multimodal Learning,10,2025-06-18T13:59:11.765965,,,,,,,,,,,,,,,,,,,,,,,,,45.0,1.9013603925704956,cybersecurity,unknown,True,"Episode_45: 中間抽象度, 集約的 (dims: [106, 62, 379, 367, 71])",,,,,,,,,,,,,,,,,,,,,,,,,,,,,,
317,climate modeling,Multimodal Learning,10,2025-06-18T13:59:11.765965,,,,,,,,,,,,,,,,,,,,,,,,,,,,,,,55.0,1.9013603925704956,cybersecurity,unknown,True,"Episode_55: 中間抽象度, 集約的 (dims: [106, 62, 379, 367, 71])",,,,,,,,,,,,,,,,,,,,,,,,
317,climate modeling,Multimodal Learning,10,2025-06-18T13:59:11.765965,,,,,,,,,,,,,,,,,,,,,,,,,,,,,,,,,,,,,65.0,1.9013603925704956,cybersecurity,unknown,True,"Episode_65: 中間抽象度, 集約的 (dims: [106, 62, 379, 367, 71])",,,,,,,,,,,,,,,,,,
317,climate modeling,Multimodal Learning,10,2025-06-18T13:59:11.765965,,,,,,,,,,,,,,,,,,,,,,,,,,,,,,,,,,,,,,,,,,,75.0,1.9013603925704956,cybersecurity,unknown,True,"Episode_75: 中間抽象度, 集約的 (dims: [106, 62, 379, 367, 71])",,,,,,,,,,,,
317,climate modeling,Multimodal Learning,10,2025-06-18T13:59:11.765965,,,,,,,,,,,,,,,,,,,,,,,,,,,,,,,,,,,,,,,,,,,,,,,,,85.0,1.9013603925704956,cybersecurity,unknown,True,"Episode_85: 中間抽象度, 集約的 (dims: [106, 62, 379, 367, 71])",,,,,,
317,climate modeling,Multimodal Learning,10,2025-06-18T13:59:11.765965,,,,,,,,,,,,,,,,,,,,,,,,,,,,,,,,,,,,,,,,,,,,,,,,,,,,,,,95.0,1.9013603925704956,cybersecurity,unknown,True,"Episode_95: 中間抽象度, 集約的 (dims: [106, 62, 379, 367, 71])"
318,drug discovery,Few-shot Learning,10,2025-06-18T13:59:11.812915,0.0,1.9221811294555664,medical diagnosis,unknown,True,"Episode_0: 中間抽象度, 集約的 (dims: [13, 282, 58, 91, 281])",,,,,,,,,,,,,,,,,,,,,,,,,,,,,,,,,,,,,,,,,,,,,,,,,,,,,,
318,drug discovery,Few-shot Learning,10,2025-06-18T13:59:11.812915,,,,,,,10.0,1.9221811294555664,medical diagnosis,unknown,True,"Episode_10: 中間抽象度, 集約的 (dims: [13, 282, 58, 91, 281])",,,,,,,,,,,,,,,,,,,,,,,,,,,,,,,,,,,,,,,,,,,,,,,,
318,drug discovery,Few-shot Learning,10,2025-06-18T13:59:11.812915,,,,,,,,,,,,,20.0,1.9221811294555664,medical diagnosis,unknown,True,"Episode_20: 中間抽象度, 集約的 (dims: [13, 282, 58, 91, 281])",,,,,,,,,,,,,,,,,,,,,,,,,,,,,,,,,,,,,,,,,,
318,drug discovery,Few-shot Learning,10,2025-06-18T13:59:11.812915,,,,,,,,,,,,,,,,,,,30.0,1.9221811294555664,medical diagnosis,unknown,True,"Episode_30: 中間抽象度, 集約的 (dims: [13, 282, 58, 91, 281])",,,,,,,,,,,,,,,,,,,,,,,,,,,,,,,,,,,,
318,drug discovery,Few-shot Learning,10,2025-06-18T13:59:11.812915,,,,,,,,,,,,,,,,,,,,,,,,,40.0,1.9221811294555664,medical diagnosis,unknown,True,"Episode_40: 中間抽象度, 集約的 (dims: [13, 282, 58, 91, 281])",,,,,,,,,,,,,,,,,,,,,,,,,,,,,,
318,drug discovery,Few-shot Learning,10,2025-06-18T13:59:11.812915,,,,,,,,,,,,,,,,,,,,,,,,,,,,,,,50.0,1.9221811294555664,medical diagnosis,unknown,True,"Episode_50: 中間抽象度, 集約的 (dims: [13, 282, 58, 91, 281])",,,,,,,,,,,,,,,,,,,,,,,,
318,drug discovery,Few-shot Learning,10,2025-06-18T13:59:11.812915,,,,,,,,,,,,,,,,,,,,,,,,,,,,,,,,,,,,,60.0,1.9221811294555664,medical diagnosis,unknown,True,"Episode_60: 中間抽象度, 集約的 (dims: [13, 282, 58, 91, 281])",,,,,,,,,,,,,,,,,,
318,drug discovery,Few-shot Learning,10,2025-06-18T13:59:11.812915,,,,,,,,,,,,,,,,,,,,,,,,,,,,,,,,,,,,,,,,,,,70.0,1.9221811294555664,medical diagnosis,unknown,True,"Episode_70: 中間抽象度, 集約的 (dims: [13, 282, 58, 91, 281])",,,,,,,,,,,,
318,drug discovery,Few-shot Learning,10,2025-06-18T13:59:11.812915,,,,,,,,,,,,,,,,,,,,,,,,,,,,,,,,,,,,,,,,,,,,,,,,,80.0,1.9221811294555664,medical diagnosis,unknown,True,"Episode_80: 中間抽象度, 集約的 (dims: [13, 282, 58, 91, 281])",,,,,,
318,drug discovery,Few-shot Learning,10,2025-06-18T13:59:11.812915,,,,,,,,,,,,,,,,,,,,,,,,,,,,,,,,,,,,,,,,,,,,,,,,,,,,,,,90.0,1.9221811294555664,medical diagnosis,unknown,True,"Episode_90: 中間抽象度, 集約的 (dims: [13, 282, 58, 91, 281])"
319,financial prediction,Transfer Learning,10,2025-06-18T13:59:11.857321,0.0,1.9256962537765503,medical diagnosis,unknown,True,"Episode_0: 中間抽象度, 集約的 (dims: [13, 282, 58, 91, 281])",,,,,,,,,,,,,,,,,,,,,,,,,,,,,,,,,,,,,,,,,,,,,,,,,,,,,,
319,financial prediction,Transfer Learning,10,2025-06-18T13:59:11.857321,,,,,,,10.0,1.9256962537765503,medical diagnosis,unknown,True,"Episode_10: 中間抽象度, 集約的 (dims: [13, 282, 58, 91, 281])",,,,,,,,,,,,,,,,,,,,,,,,,,,,,,,,,,,,,,,,,,,,,,,,
319,financial prediction,Transfer Learning,10,2025-06-18T13:59:11.857321,,,,,,,,,,,,,20.0,1.9256962537765503,medical diagnosis,unknown,True,"Episode_20: 中間抽象度, 集約的 (dims: [13, 282, 58, 91, 281])",,,,,,,,,,,,,,,,,,,,,,,,,,,,,,,,,,,,,,,,,,
319,financial prediction,Transfer Learning,10,2025-06-18T13:59:11.857321,,,,,,,,,,,,,,,,,,,30.0,1.9256962537765503,medical diagnosis,unknown,True,"Episode_30: 中間抽象度, 集約的 (dims: [13, 282, 58, 91, 281])",,,,,,,,,,,,,,,,,,,,,,,,,,,,,,,,,,,,
319,financial prediction,Transfer Learning,10,2025-06-18T13:59:11.857321,,,,,,,,,,,,,,,,,,,,,,,,,40.0,1.9256962537765503,medical diagnosis,unknown,True,"Episode_40: 中間抽象度, 集約的 (dims: [13, 282, 58, 91, 281])",,,,,,,,,,,,,,,,,,,,,,,,,,,,,,
319,financial prediction,Transfer Learning,10,2025-06-18T13:59:11.857321,,,,,,,,,,,,,,,,,,,,,,,,,,,,,,,50.0,1.9256962537765503,medical diagnosis,unknown,True,"Episode_50: 中間抽象度, 集約的 (dims: [13, 282, 58, 91, 281])",,,,,,,,,,,,,,,,,,,,,,,,
319,financial prediction,Transfer Learning,10,2025-06-18T13:59:11.857321,,,,,,,,,,,,,,,,,,,,,,,,,,,,,,,,,,,,,60.0,1.9256962537765503,medical diagnosis,unknown,True,"Episode_60: 中間抽象度, 集約的 (dims: [13, 282, 58, 91, 281])",,,,,,,,,,,,,,,,,,
319,financial prediction,Transfer Learning,10,2025-06-18T13:59:11.857321,,,,,,,,,,,,,,,,,,,,,,,,,,,,,,,,,,,,,,,,,,,70.0,1.9256962537765503,medical diagnosis,unknown,True,"Episode_70: 中間抽象度, 集約的 (dims: [13, 282, 58, 91, 281])",,,,,,,,,,,,
319,financial prediction,Transfer Learning,10,2025-06-18T13:59:11.857321,,,,,,,,,,,,,,,,,,,,,,,,,,,,,,,,,,,,,,,,,,,,,,,,,80.0,1.9256962537765503,medical diagnosis,unknown,True,"Episode_80: 中間抽象度, 集約的 (dims: [13, 282, 58, 91, 281])",,,,,,
319,financial prediction,Transfer Learning,10,2025-06-18T13:59:11.857321,,,,,,,,,,,,,,,,,,,,,,,,,,,,,,,,,,,,,,,,,,,,,,,,,,,,,,,90.0,1.9256962537765503,medical diagnosis,unknown,True,"Episode_90: 中間抽象度, 集約的 (dims: [13, 282, 58, 91, 281])"
320,educational technology,Adversarial Machine Learning,10,2025-06-18T13:59:11.903879,0.0,1.928670048713684,medical diagnosis,unknown,True,"Episode_0: 中間抽象度, 集約的 (dims: [13, 282, 58, 91, 281])",,,,,,,,,,,,,,,,,,,,,,,,,,,,,,,,,,,,,,,,,,,,,,,,,,,,,,
320,educational technology,Adversarial Machine Learning,10,2025-06-18T13:59:11.903879,,,,,,,10.0,1.928670048713684,medical diagnosis,unknown,True,"Episode_10: 中間抽象度, 集約的 (dims: [13, 282, 58, 91, 281])",,,,,,,,,,,,,,,,,,,,,,,,,,,,,,,,,,,,,,,,,,,,,,,,
320,educational technology,Adversarial Machine Learning,10,2025-06-18T13:59:11.903879,,,,,,,,,,,,,20.0,1.928670048713684,medical diagnosis,unknown,True,"Episode_20: 中間抽象度, 集約的 (dims: [13, 282, 58, 91, 281])",,,,,,,,,,,,,,,,,,,,,,,,,,,,,,,,,,,,,,,,,,
320,educational technology,Adversarial Machine Learning,10,2025-06-18T13:59:11.903879,,,,,,,,,,,,,,,,,,,30.0,1.928670048713684,medical diagnosis,unknown,True,"Episode_30: 中間抽象度, 集約的 (dims: [13, 282, 58, 91, 281])",,,,,,,,,,,,,,,,,,,,,,,,,,,,,,,,,,,,
320,educational technology,Adversarial Machine Learning,10,2025-06-18T13:59:11.903879,,,,,,,,,,,,,,,,,,,,,,,,,40.0,1.928670048713684,medical diagnosis,unknown,True,"Episode_40: 中間抽象度, 集約的 (dims: [13, 282, 58, 91, 281])",,,,,,,,,,,,,,,,,,,,,,,,,,,,,,
320,educational technology,Adversarial Machine Learning,10,2025-06-18T13:59:11.903879,,,,,,,,,,,,,,,,,,,,,,,,,,,,,,,50.0,1.928670048713684,medical diagnosis,unknown,True,"Episode_50: 中間抽象度, 集約的 (dims: [13, 282, 58, 91, 281])",,,,,,,,,,,,,,,,,,,,,,,,
320,educational technology,Adversarial Machine Learning,10,2025-06-18T13:59:11.903879,,,,,,,,,,,,,,,,,,,,,,,,,,,,,,,,,,,,,60.0,1.928670048713684,medical diagnosis,unknown,True,"Episode_60: 中間抽象度, 集約的 (dims: [13, 282, 58, 91, 281])",,,,,,,,,,,,,,,,,,
320,educational technology,Adversarial Machine Learning,10,2025-06-18T13:59:11.903879,,,,,,,,,,,,,,,,,,,,,,,,,,,,,,,,,,,,,,,,,,,70.0,1.928670048713684,medical diagnosis,unknown,True,"Episode_70: 中間抽象度, 集約的 (dims: [13, 282, 58, 91, 281])",,,,,,,,,,,,
320,educational technology,Adversarial Machine Learning,10,2025-06-18T13:59:11.903879,,,,,,,,,,,,,,,,,,,,,,,,,,,,,,,,,,,,,,,,,,,,,,,,,80.0,1.928670048713684,medical diagnosis,unknown,True,"Episode_80: 中間抽象度, 集約的 (dims: [13, 282, 58, 91, 281])",,,,,,
320,educational technology,Adversarial Machine Learning,10,2025-06-18T13:59:11.903879,,,,,,,,,,,,,,,,,,,,,,,,,,,,,,,,,,,,,,,,,,,,,,,,,,,,,,,90.0,1.928670048713684,medical diagnosis,unknown,True,"Episode_90: 中間抽象度, 集約的 (dims: [13, 282, 58, 91, 281])"
321,medical diagnosis,Large Language Models,0,2025-06-18T13:59:11.951538,0.0,1.8874430656433105,medical diagnosis,unknown,False,"Episode_0: 中間抽象度, 集約的 (dims: [13, 282, 58, 91, 281])",,,,,,,,,,,,,,,,,,,,,,,,,,,,,,,,,,,,,,,,,,,,,,,,,,,,,,
321,medical diagnosis,Large Language Models,0,2025-06-18T13:59:11.951538,,,,,,,10.0,1.8874430656433105,medical diagnosis,unknown,False,"Episode_10: 中間抽象度, 集約的 (dims: [13, 282, 58, 91, 281])",,,,,,,,,,,,,,,,,,,,,,,,,,,,,,,,,,,,,,,,,,,,,,,,
321,medical diagnosis,Large Language Models,0,2025-06-18T13:59:11.951538,,,,,,,,,,,,,20.0,1.8874430656433105,medical diagnosis,unknown,False,"Episode_20: 中間抽象度, 集約的 (dims: [13, 282, 58, 91, 281])",,,,,,,,,,,,,,,,,,,,,,,,,,,,,,,,,,,,,,,,,,
321,medical diagnosis,Large Language Models,0,2025-06-18T13:59:11.951538,,,,,,,,,,,,,,,,,,,30.0,1.8874430656433105,medical diagnosis,unknown,False,"Episode_30: 中間抽象度, 集約的 (dims: [13, 282, 58, 91, 281])",,,,,,,,,,,,,,,,,,,,,,,,,,,,,,,,,,,,
321,medical diagnosis,Large Language Models,0,2025-06-18T13:59:11.951538,,,,,,,,,,,,,,,,,,,,,,,,,40.0,1.8874430656433105,medical diagnosis,unknown,False,"Episode_40: 中間抽象度, 集約的 (dims: [13, 282, 58, 91, 281])",,,,,,,,,,,,,,,,,,,,,,,,,,,,,,
321,medical diagnosis,Large Language Models,0,2025-06-18T13:59:11.951538,,,,,,,,,,,,,,,,,,,,,,,,,,,,,,,50.0,1.8874430656433105,medical diagnosis,unknown,False,"Episode_50: 中間抽象度, 集約的 (dims: [13, 282, 58, 91, 281])",,,,,,,,,,,,,,,,,,,,,,,,
321,medical diagnosis,Large Language Models,0,2025-06-18T13:59:11.951538,,,,,,,,,,,,,,,,,,,,,,,,,,,,,,,,,,,,,60.0,1.8874430656433105,medical diagnosis,unknown,False,"Episode_60: 中間抽象度, 集約的 (dims: [13, 282, 58, 91, 281])",,,,,,,,,,,,,,,,,,
321,medical diagnosis,Large Language Models,0,2025-06-18T13:59:11.951538,,,,,,,,,,,,,,,,,,,,,,,,,,,,,,,,,,,,,,,,,,,70.0,1.8874430656433105,medical diagnosis,unknown,False,"Episode_70: 中間抽象度, 集約的 (dims: [13, 282, 58, 91, 281])",,,,,,,,,,,,
321,medical diagnosis,Large Language Models,0,2025-06-18T13:59:11.951538,,,,,,,,,,,,,,,,,,,,,,,,,,,,,,,,,,,,,,,,,,,,,,,,,80.0,1.8874430656433105,medical diagnosis,unknown,False,"Episode_80: 中間抽象度, 集約的 (dims: [13, 282, 58, 91, 281])",,,,,,
321,medical diagnosis,Large Language Models,0,2025-06-18T13:59:11.951538,,,,,,,,,,,,,,,,,,,,,,,,,,,,,,,,,,,,,,,,,,,,,,,,,,,,,,,90.0,1.8874430656433105,medical diagnosis,unknown,False,"Episode_90: 中間抽象度, 集約的 (dims: [13, 282, 58, 91, 281])"
322,autonomous systems,Computer Vision,10,2025-06-18T13:59:11.996894,0.0,1.8768787384033203,medical diagnosis,unknown,True,"Episode_0: 中間抽象度, 集約的 (dims: [13, 282, 58, 91, 281])",,,,,,,,,,,,,,,,,,,,,,,,,,,,,,,,,,,,,,,,,,,,,,,,,,,,,,
322,autonomous systems,Computer Vision,10,2025-06-18T13:59:11.996894,,,,,,,10.0,1.8768787384033203,medical diagnosis,unknown,True,"Episode_10: 中間抽象度, 集約的 (dims: [13, 282, 58, 91, 281])",,,,,,,,,,,,,,,,,,,,,,,,,,,,,,,,,,,,,,,,,,,,,,,,
322,autonomous systems,Computer Vision,10,2025-06-18T13:59:11.996894,,,,,,,,,,,,,20.0,1.8768787384033203,medical diagnosis,unknown,True,"Episode_20: 中間抽象度, 集約的 (dims: [13, 282, 58, 91, 281])",,,,,,,,,,,,,,,,,,,,,,,,,,,,,,,,,,,,,,,,,,
322,autonomous systems,Computer Vision,10,2025-06-18T13:59:11.996894,,,,,,,,,,,,,,,,,,,30.0,1.8768787384033203,medical diagnosis,unknown,True,"Episode_30: 中間抽象度, 集約的 (dims: [13, 282, 58, 91, 281])",,,,,,,,,,,,,,,,,,,,,,,,,,,,,,,,,,,,
322,autonomous systems,Computer Vision,10,2025-06-18T13:59:11.996894,,,,,,,,,,,,,,,,,,,,,,,,,40.0,1.8768787384033203,medical diagnosis,unknown,True,"Episode_40: 中間抽象度, 集約的 (dims: [13, 282, 58, 91, 281])",,,,,,,,,,,,,,,,,,,,,,,,,,,,,,
322,autonomous systems,Computer Vision,10,2025-06-18T13:59:11.996894,,,,,,,,,,,,,,,,,,,,,,,,,,,,,,,50.0,1.8768787384033203,medical diagnosis,unknown,True,"Episode_50: 中間抽象度, 集約的 (dims: [13, 282, 58, 91, 281])",,,,,,,,,,,,,,,,,,,,,,,,
322,autonomous systems,Computer Vision,10,2025-06-18T13:59:11.996894,,,,,,,,,,,,,,,,,,,,,,,,,,,,,,,,,,,,,60.0,1.8768787384033203,medical diagnosis,unknown,True,"Episode_60: 中間抽象度, 集約的 (dims: [13, 282, 58, 91, 281])",,,,,,,,,,,,,,,,,,
322,autonomous systems,Computer Vision,10,2025-06-18T13:59:11.996894,,,,,,,,,,,,,,,,,,,,,,,,,,,,,,,,,,,,,,,,,,,70.0,1.8768787384033203,medical diagnosis,unknown,True,"Episode_70: 中間抽象度, 集約的 (dims: [13, 282, 58, 91, 281])",,,,,,,,,,,,
322,autonomous systems,Computer Vision,10,2025-06-18T13:59:11.996894,,,,,,,,,,,,,,,,,,,,,,,,,,,,,,,,,,,,,,,,,,,,,,,,,80.0,1.8768787384033203,medical diagnosis,unknown,True,"Episode_80: 中間抽象度, 集約的 (dims: [13, 282, 58, 91, 281])",,,,,,
322,autonomous systems,Computer Vision,10,2025-06-18T13:59:11.996894,,,,,,,,,,,,,,,,,,,,,,,,,,,,,,,,,,,,,,,,,,,,,,,,,,,,,,,90.0,1.8768787384033203,medical diagnosis,unknown,True,"Episode_90: 中間抽象度, 集約的 (dims: [13, 282, 58, 91, 281])"
323,natural language processing,Reinforcement Learning,10,2025-06-18T13:59:12.042326,5.0,1.8832250833511353,cybersecurity,unknown,True,"Episode_5: 中間抽象度, 集約的 (dims: [106, 62, 379, 367, 71])",,,,,,,,,,,,,,,,,,,,,,,,,,,,,,,,,,,,,,,,,,,,,,,,,,,,,,
323,natural language processing,Reinforcement Learning,10,2025-06-18T13:59:12.042326,,,,,,,15.0,1.8832250833511353,cybersecurity,unknown,True,"Episode_15: 中間抽象度, 集約的 (dims: [106, 62, 379, 367, 71])",,,,,,,,,,,,,,,,,,,,,,,,,,,,,,,,,,,,,,,,,,,,,,,,
323,natural language processing,Reinforcement Learning,10,2025-06-18T13:59:12.042326,,,,,,,,,,,,,25.0,1.8832250833511353,cybersecurity,unknown,True,"Episode_25: 中間抽象度, 集約的 (dims: [106, 62, 379, 367, 71])",,,,,,,,,,,,,,,,,,,,,,,,,,,,,,,,,,,,,,,,,,
323,natural language processing,Reinforcement Learning,10,2025-06-18T13:59:12.042326,,,,,,,,,,,,,,,,,,,35.0,1.8832250833511353,cybersecurity,unknown,True,"Episode_35: 中間抽象度, 集約的 (dims: [106, 62, 379, 367, 71])",,,,,,,,,,,,,,,,,,,,,,,,,,,,,,,,,,,,
323,natural language processing,Reinforcement Learning,10,2025-06-18T13:59:12.042326,,,,,,,,,,,,,,,,,,,,,,,,,45.0,1.8832250833511353,cybersecurity,unknown,True,"Episode_45: 中間抽象度, 集約的 (dims: [106, 62, 379, 367, 71])",,,,,,,,,,,,,,,,,,,,,,,,,,,,,,
323,natural language processing,Reinforcement Learning,10,2025-06-18T13:59:12.042326,,,,,,,,,,,,,,,,,,,,,,,,,,,,,,,55.0,1.8832250833511353,cybersecurity,unknown,True,"Episode_55: 中間抽象度, 集約的 (dims: [106, 62, 379, 367, 71])",,,,,,,,,,,,,,,,,,,,,,,,
323,natural language processing,Reinforcement Learning,10,2025-06-18T13:59:12.042326,,,,,,,,,,,,,,,,,,,,,,,,,,,,,,,,,,,,,65.0,1.8832250833511353,cybersecurity,unknown,True,"Episode_65: 中間抽象度, 集約的 (dims: [106, 62, 379, 367, 71])",,,,,,,,,,,,,,,,,,
323,natural language processing,Reinforcement Learning,10,2025-06-18T13:59:12.042326,,,,,,,,,,,,,,,,,,,,,,,,,,,,,,,,,,,,,,,,,,,75.0,1.8832250833511353,cybersecurity,unknown,True,"Episode_75: 中間抽象度, 集約的 (dims: [106, 62, 379, 367, 71])",,,,,,,,,,,,
323,natural language processing,Reinforcement Learning,10,2025-06-18T13:59:12.042326,,,,,,,,,,,,,,,,,,,,,,,,,,,,,,,,,,,,,,,,,,,,,,,,,85.0,1.8832250833511353,cybersecurity,unknown,True,"Episode_85: 中間抽象度, 集約的 (dims: [106, 62, 379, 367, 71])",,,,,,
323,natural language processing,Reinforcement Learning,10,2025-06-18T13:59:12.042326,,,,,,,,,,,,,,,,,,,,,,,,,,,,,,,,,,,,,,,,,,,,,,,,,,,,,,,95.0,1.8832250833511353,cybersecurity,unknown,True,"Episode_95: 中間抽象度, 集約的 (dims: [106, 62, 379, 367, 71])"
324,computer vision,Graph Neural Networks,10,2025-06-18T13:59:12.087608,0.0,1.894721269607544,medical diagnosis,unknown,True,"Episode_0: 中間抽象度, 集約的 (dims: [13, 282, 58, 91, 281])",,,,,,,,,,,,,,,,,,,,,,,,,,,,,,,,,,,,,,,,,,,,,,,,,,,,,,
324,computer vision,Graph Neural Networks,10,2025-06-18T13:59:12.087608,,,,,,,10.0,1.894721269607544,medical diagnosis,unknown,True,"Episode_10: 中間抽象度, 集約的 (dims: [13, 282, 58, 91, 281])",,,,,,,,,,,,,,,,,,,,,,,,,,,,,,,,,,,,,,,,,,,,,,,,
324,computer vision,Graph Neural Networks,10,2025-06-18T13:59:12.087608,,,,,,,,,,,,,20.0,1.894721269607544,medical diagnosis,unknown,True,"Episode_20: 中間抽象度, 集約的 (dims: [13, 282, 58, 91, 281])",,,,,,,,,,,,,,,,,,,,,,,,,,,,,,,,,,,,,,,,,,
324,computer vision,Graph Neural Networks,10,2025-06-18T13:59:12.087608,,,,,,,,,,,,,,,,,,,30.0,1.894721269607544,medical diagnosis,unknown,True,"Episode_30: 中間抽象度, 集約的 (dims: [13, 282, 58, 91, 281])",,,,,,,,,,,,,,,,,,,,,,,,,,,,,,,,,,,,
324,computer vision,Graph Neural Networks,10,2025-06-18T13:59:12.087608,,,,,,,,,,,,,,,,,,,,,,,,,40.0,1.894721269607544,medical diagnosis,unknown,True,"Episode_40: 中間抽象度, 集約的 (dims: [13, 282, 58, 91, 281])",,,,,,,,,,,,,,,,,,,,,,,,,,,,,,
324,computer vision,Graph Neural Networks,10,2025-06-18T13:59:12.087608,,,,,,,,,,,,,,,,,,,,,,,,,,,,,,,50.0,1.894721269607544,medical diagnosis,unknown,True,"Episode_50: 中間抽象度, 集約的 (dims: [13, 282, 58, 91, 281])",,,,,,,,,,,,,,,,,,,,,,,,
324,computer vision,Graph Neural Networks,10,2025-06-18T13:59:12.087608,,,,,,,,,,,,,,,,,,,,,,,,,,,,,,,,,,,,,60.0,1.894721269607544,medical diagnosis,unknown,True,"Episode_60: 中間抽象度, 集約的 (dims: [13, 282, 58, 91, 281])",,,,,,,,,,,,,,,,,,
324,computer vision,Graph Neural Networks,10,2025-06-18T13:59:12.087608,,,,,,,,,,,,,,,,,,,,,,,,,,,,,,,,,,,,,,,,,,,70.0,1.894721269607544,medical diagnosis,unknown,True,"Episode_70: 中間抽象度, 集約的 (dims: [13, 282, 58, 91, 281])",,,,,,,,,,,,
324,computer vision,Graph Neural Networks,10,2025-06-18T13:59:12.087608,,,,,,,,,,,,,,,,,,,,,,,,,,,,,,,,,,,,,,,,,,,,,,,,,80.0,1.894721269607544,medical diagnosis,unknown,True,"Episode_80: 中間抽象度, 集約的 (dims: [13, 282, 58, 91, 281])",,,,,,
324,computer vision,Graph Neural Networks,10,2025-06-18T13:59:12.087608,,,,,,,,,,,,,,,,,,,,,,,,,,,,,,,,,,,,,,,,,,,,,,,,,,,,,,,90.0,1.894721269607544,medical diagnosis,unknown,True,"Episode_90: 中間抽象度, 集約的 (dims: [13, 282, 58, 91, 281])"
325,robotics,Federated Learning,10,2025-06-18T13:59:12.132291,5.0,1.8728573322296143,cybersecurity,unknown,True,"Episode_5: 中間抽象度, 集約的 (dims: [106, 62, 379, 367, 71])",,,,,,,,,,,,,,,,,,,,,,,,,,,,,,,,,,,,,,,,,,,,,,,,,,,,,,
325,robotics,Federated Learning,10,2025-06-18T13:59:12.132291,,,,,,,15.0,1.8728573322296143,cybersecurity,unknown,True,"Episode_15: 中間抽象度, 集約的 (dims: [106, 62, 379, 367, 71])",,,,,,,,,,,,,,,,,,,,,,,,,,,,,,,,,,,,,,,,,,,,,,,,
325,robotics,Federated Learning,10,2025-06-18T13:59:12.132291,,,,,,,,,,,,,25.0,1.8728573322296143,cybersecurity,unknown,True,"Episode_25: 中間抽象度, 集約的 (dims: [106, 62, 379, 367, 71])",,,,,,,,,,,,,,,,,,,,,,,,,,,,,,,,,,,,,,,,,,
325,robotics,Federated Learning,10,2025-06-18T13:59:12.132291,,,,,,,,,,,,,,,,,,,35.0,1.8728573322296143,cybersecurity,unknown,True,"Episode_35: 中間抽象度, 集約的 (dims: [106, 62, 379, 367, 71])",,,,,,,,,,,,,,,,,,,,,,,,,,,,,,,,,,,,
325,robotics,Federated Learning,10,2025-06-18T13:59:12.132291,,,,,,,,,,,,,,,,,,,,,,,,,45.0,1.8728573322296143,cybersecurity,unknown,True,"Episode_45: 中間抽象度, 集約的 (dims: [106, 62, 379, 367, 71])",,,,,,,,,,,,,,,,,,,,,,,,,,,,,,
325,robotics,Federated Learning,10,2025-06-18T13:59:12.132291,,,,,,,,,,,,,,,,,,,,,,,,,,,,,,,55.0,1.8728573322296143,cybersecurity,unknown,True,"Episode_55: 中間抽象度, 集約的 (dims: [106, 62, 379, 367, 71])",,,,,,,,,,,,,,,,,,,,,,,,
325,robotics,Federated Learning,10,2025-06-18T13:59:12.132291,,,,,,,,,,,,,,,,,,,,,,,,,,,,,,,,,,,,,65.0,1.8728573322296143,cybersecurity,unknown,True,"Episode_65: 中間抽象度, 集約的 (dims: [106, 62, 379, 367, 71])",,,,,,,,,,,,,,,,,,
325,robotics,Federated Learning,10,2025-06-18T13:59:12.132291,,,,,,,,,,,,,,,,,,,,,,,,,,,,,,,,,,,,,,,,,,,75.0,1.8728573322296143,cybersecurity,unknown,True,"Episode_75: 中間抽象度, 集約的 (dims: [106, 62, 379, 367, 71])",,,,,,,,,,,,
325,robotics,Federated Learning,10,2025-06-18T13:59:12.132291,,,,,,,,,,,,,,,,,,,,,,,,,,,,,,,,,,,,,,,,,,,,,,,,,85.0,1.8728573322296143,cybersecurity,unknown,True,"Episode_85: 中間抽象度, 集約的 (dims: [106, 62, 379, 367, 71])",,,,,,
325,robotics,Federated Learning,10,2025-06-18T13:59:12.132291,,,,,,,,,,,,,,,,,,,,,,,,,,,,,,,,,,,,,,,,,,,,,,,,,,,,,,,95.0,1.8728573322296143,cybersecurity,unknown,True,"Episode_95: 中間抽象度, 集約的 (dims: [106, 62, 379, 367, 71])"
326,cybersecurity,Explainable AI,10,2025-06-18T13:59:12.182469,0.0,1.911033272743225,medical diagnosis,unknown,True,"Episode_0: 中間抽象度, 集約的 (dims: [13, 282, 58, 91, 281])",,,,,,,,,,,,,,,,,,,,,,,,,,,,,,,,,,,,,,,,,,,,,,,,,,,,,,
326,cybersecurity,Explainable AI,10,2025-06-18T13:59:12.182469,,,,,,,10.0,1.911033272743225,medical diagnosis,unknown,True,"Episode_10: 中間抽象度, 集約的 (dims: [13, 282, 58, 91, 281])",,,,,,,,,,,,,,,,,,,,,,,,,,,,,,,,,,,,,,,,,,,,,,,,
326,cybersecurity,Explainable AI,10,2025-06-18T13:59:12.182469,,,,,,,,,,,,,20.0,1.911033272743225,medical diagnosis,unknown,True,"Episode_20: 中間抽象度, 集約的 (dims: [13, 282, 58, 91, 281])",,,,,,,,,,,,,,,,,,,,,,,,,,,,,,,,,,,,,,,,,,
326,cybersecurity,Explainable AI,10,2025-06-18T13:59:12.182469,,,,,,,,,,,,,,,,,,,30.0,1.911033272743225,medical diagnosis,unknown,True,"Episode_30: 中間抽象度, 集約的 (dims: [13, 282, 58, 91, 281])",,,,,,,,,,,,,,,,,,,,,,,,,,,,,,,,,,,,
326,cybersecurity,Explainable AI,10,2025-06-18T13:59:12.182469,,,,,,,,,,,,,,,,,,,,,,,,,40.0,1.911033272743225,medical diagnosis,unknown,True,"Episode_40: 中間抽象度, 集約的 (dims: [13, 282, 58, 91, 281])",,,,,,,,,,,,,,,,,,,,,,,,,,,,,,
326,cybersecurity,Explainable AI,10,2025-06-18T13:59:12.182469,,,,,,,,,,,,,,,,,,,,,,,,,,,,,,,50.0,1.911033272743225,medical diagnosis,unknown,True,"Episode_50: 中間抽象度, 集約的 (dims: [13, 282, 58, 91, 281])",,,,,,,,,,,,,,,,,,,,,,,,
326,cybersecurity,Explainable AI,10,2025-06-18T13:59:12.182469,,,,,,,,,,,,,,,,,,,,,,,,,,,,,,,,,,,,,60.0,1.911033272743225,medical diagnosis,unknown,True,"Episode_60: 中間抽象度, 集約的 (dims: [13, 282, 58, 91, 281])",,,,,,,,,,,,,,,,,,
326,cybersecurity,Explainable AI,10,2025-06-18T13:59:12.182469,,,,,,,,,,,,,,,,,,,,,,,,,,,,,,,,,,,,,,,,,,,70.0,1.911033272743225,medical diagnosis,unknown,True,"Episode_70: 中間抽象度, 集約的 (dims: [13, 282, 58, 91, 281])",,,,,,,,,,,,
326,cybersecurity,Explainable AI,10,2025-06-18T13:59:12.182469,,,,,,,,,,,,,,,,,,,,,,,,,,,,,,,,,,,,,,,,,,,,,,,,,80.0,1.911033272743225,medical diagnosis,unknown,True,"Episode_80: 中間抽象度, 集約的 (dims: [13, 282, 58, 91, 281])",,,,,,
326,cybersecurity,Explainable AI,10,2025-06-18T13:59:12.182469,,,,,,,,,,,,,,,,,,,,,,,,,,,,,,,,,,,,,,,,,,,,,,,,,,,,,,,90.0,1.911033272743225,medical diagnosis,unknown,True,"Episode_90: 中間抽象度, 集約的 (dims: [13, 282, 58, 91, 281])"
327,climate modeling,Multimodal Learning,10,2025-06-18T13:59:12.229597,5.0,1.9013603925704956,cybersecurity,unknown,True,"Episode_5: 中間抽象度, 集約的 (dims: [106, 62, 379, 367, 71])",,,,,,,,,,,,,,,,,,,,,,,,,,,,,,,,,,,,,,,,,,,,,,,,,,,,,,
327,climate modeling,Multimodal Learning,10,2025-06-18T13:59:12.229597,,,,,,,15.0,1.9013603925704956,cybersecurity,unknown,True,"Episode_15: 中間抽象度, 集約的 (dims: [106, 62, 379, 367, 71])",,,,,,,,,,,,,,,,,,,,,,,,,,,,,,,,,,,,,,,,,,,,,,,,
327,climate modeling,Multimodal Learning,10,2025-06-18T13:59:12.229597,,,,,,,,,,,,,25.0,1.9013603925704956,cybersecurity,unknown,True,"Episode_25: 中間抽象度, 集約的 (dims: [106, 62, 379, 367, 71])",,,,,,,,,,,,,,,,,,,,,,,,,,,,,,,,,,,,,,,,,,
327,climate modeling,Multimodal Learning,10,2025-06-18T13:59:12.229597,,,,,,,,,,,,,,,,,,,35.0,1.9013603925704956,cybersecurity,unknown,True,"Episode_35: 中間抽象度, 集約的 (dims: [106, 62, 379, 367, 71])",,,,,,,,,,,,,,,,,,,,,,,,,,,,,,,,,,,,
327,climate modeling,Multimodal Learning,10,2025-06-18T13:59:12.229597,,,,,,,,,,,,,,,,,,,,,,,,,45.0,1.9013603925704956,cybersecurity,unknown,True,"Episode_45: 中間抽象度, 集約的 (dims: [106, 62, 379, 367, 71])",,,,,,,,,,,,,,,,,,,,,,,,,,,,,,
327,climate modeling,Multimodal Learning,10,2025-06-18T13:59:12.229597,,,,,,,,,,,,,,,,,,,,,,,,,,,,,,,55.0,1.9013603925704956,cybersecurity,unknown,True,"Episode_55: 中間抽象度, 集約的 (dims: [106, 62, 379, 367, 71])",,,,,,,,,,,,,,,,,,,,,,,,
327,climate modeling,Multimodal Learning,10,2025-06-18T13:59:12.229597,,,,,,,,,,,,,,,,,,,,,,,,,,,,,,,,,,,,,65.0,1.9013603925704956,cybersecurity,unknown,True,"Episode_65: 中間抽象度, 集約的 (dims: [106, 62, 379, 367, 71])",,,,,,,,,,,,,,,,,,
327,climate modeling,Multimodal Learning,10,2025-06-18T13:59:12.229597,,,,,,,,,,,,,,,,,,,,,,,,,,,,,,,,,,,,,,,,,,,75.0,1.9013603925704956,cybersecurity,unknown,True,"Episode_75: 中間抽象度, 集約的 (dims: [106, 62, 379, 367, 71])",,,,,,,,,,,,
327,climate modeling,Multimodal Learning,10,2025-06-18T13:59:12.229597,,,,,,,,,,,,,,,,,,,,,,,,,,,,,,,,,,,,,,,,,,,,,,,,,85.0,1.9013603925704956,cybersecurity,unknown,True,"Episode_85: 中間抽象度, 集約的 (dims: [106, 62, 379, 367, 71])",,,,,,
327,climate modeling,Multimodal Learning,10,2025-06-18T13:59:12.229597,,,,,,,,,,,,,,,,,,,,,,,,,,,,,,,,,,,,,,,,,,,,,,,,,,,,,,,95.0,1.9013603925704956,cybersecurity,unknown,True,"Episode_95: 中間抽象度, 集約的 (dims: [106, 62, 379, 367, 71])"
328,drug discovery,Few-shot Learning,10,2025-06-18T13:59:12.277147,0.0,1.9221811294555664,medical diagnosis,unknown,True,"Episode_0: 中間抽象度, 集約的 (dims: [13, 282, 58, 91, 281])",,,,,,,,,,,,,,,,,,,,,,,,,,,,,,,,,,,,,,,,,,,,,,,,,,,,,,
328,drug discovery,Few-shot Learning,10,2025-06-18T13:59:12.277147,,,,,,,10.0,1.9221811294555664,medical diagnosis,unknown,True,"Episode_10: 中間抽象度, 集約的 (dims: [13, 282, 58, 91, 281])",,,,,,,,,,,,,,,,,,,,,,,,,,,,,,,,,,,,,,,,,,,,,,,,
328,drug discovery,Few-shot Learning,10,2025-06-18T13:59:12.277147,,,,,,,,,,,,,20.0,1.9221811294555664,medical diagnosis,unknown,True,"Episode_20: 中間抽象度, 集約的 (dims: [13, 282, 58, 91, 281])",,,,,,,,,,,,,,,,,,,,,,,,,,,,,,,,,,,,,,,,,,
328,drug discovery,Few-shot Learning,10,2025-06-18T13:59:12.277147,,,,,,,,,,,,,,,,,,,30.0,1.9221811294555664,medical diagnosis,unknown,True,"Episode_30: 中間抽象度, 集約的 (dims: [13, 282, 58, 91, 281])",,,,,,,,,,,,,,,,,,,,,,,,,,,,,,,,,,,,
328,drug discovery,Few-shot Learning,10,2025-06-18T13:59:12.277147,,,,,,,,,,,,,,,,,,,,,,,,,40.0,1.9221811294555664,medical diagnosis,unknown,True,"Episode_40: 中間抽象度, 集約的 (dims: [13, 282, 58, 91, 281])",,,,,,,,,,,,,,,,,,,,,,,,,,,,,,
328,drug discovery,Few-shot Learning,10,2025-06-18T13:59:12.277147,,,,,,,,,,,,,,,,,,,,,,,,,,,,,,,50.0,1.9221811294555664,medical diagnosis,unknown,True,"Episode_50: 中間抽象度, 集約的 (dims: [13, 282, 58, 91, 281])",,,,,,,,,,,,,,,,,,,,,,,,
328,drug discovery,Few-shot Learning,10,2025-06-18T13:59:12.277147,,,,,,,,,,,,,,,,,,,,,,,,,,,,,,,,,,,,,60.0,1.9221811294555664,medical diagnosis,unknown,True,"Episode_60: 中間抽象度, 集約的 (dims: [13, 282, 58, 91, 281])",,,,,,,,,,,,,,,,,,
328,drug discovery,Few-shot Learning,10,2025-06-18T13:59:12.277147,,,,,,,,,,,,,,,,,,,,,,,,,,,,,,,,,,,,,,,,,,,70.0,1.9221811294555664,medical diagnosis,unknown,True,"Episode_70: 中間抽象度, 集約的 (dims: [13, 282, 58, 91, 281])",,,,,,,,,,,,
328,drug discovery,Few-shot Learning,10,2025-06-18T13:59:12.277147,,,,,,,,,,,,,,,,,,,,,,,,,,,,,,,,,,,,,,,,,,,,,,,,,80.0,1.9221811294555664,medical diagnosis,unknown,True,"Episode_80: 中間抽象度, 集約的 (dims: [13, 282, 58, 91, 281])",,,,,,
328,drug discovery,Few-shot Learning,10,2025-06-18T13:59:12.277147,,,,,,,,,,,,,,,,,,,,,,,,,,,,,,,,,,,,,,,,,,,,,,,,,,,,,,,90.0,1.9221811294555664,medical diagnosis,unknown,True,"Episode_90: 中間抽象度, 集約的 (dims: [13, 282, 58, 91, 281])"
329,financial prediction,Transfer Learning,10,2025-06-18T13:59:12.322917,0.0,1.9256962537765503,medical diagnosis,unknown,True,"Episode_0: 中間抽象度, 集約的 (dims: [13, 282, 58, 91, 281])",,,,,,,,,,,,,,,,,,,,,,,,,,,,,,,,,,,,,,,,,,,,,,,,,,,,,,
329,financial prediction,Transfer Learning,10,2025-06-18T13:59:12.322917,,,,,,,10.0,1.9256962537765503,medical diagnosis,unknown,True,"Episode_10: 中間抽象度, 集約的 (dims: [13, 282, 58, 91, 281])",,,,,,,,,,,,,,,,,,,,,,,,,,,,,,,,,,,,,,,,,,,,,,,,
329,financial prediction,Transfer Learning,10,2025-06-18T13:59:12.322917,,,,,,,,,,,,,20.0,1.9256962537765503,medical diagnosis,unknown,True,"Episode_20: 中間抽象度, 集約的 (dims: [13, 282, 58, 91, 281])",,,,,,,,,,,,,,,,,,,,,,,,,,,,,,,,,,,,,,,,,,
329,financial prediction,Transfer Learning,10,2025-06-18T13:59:12.322917,,,,,,,,,,,,,,,,,,,30.0,1.9256962537765503,medical diagnosis,unknown,True,"Episode_30: 中間抽象度, 集約的 (dims: [13, 282, 58, 91, 281])",,,,,,,,,,,,,,,,,,,,,,,,,,,,,,,,,,,,
329,financial prediction,Transfer Learning,10,2025-06-18T13:59:12.322917,,,,,,,,,,,,,,,,,,,,,,,,,40.0,1.9256962537765503,medical diagnosis,unknown,True,"Episode_40: 中間抽象度, 集約的 (dims: [13, 282, 58, 91, 281])",,,,,,,,,,,,,,,,,,,,,,,,,,,,,,
329,financial prediction,Transfer Learning,10,2025-06-18T13:59:12.322917,,,,,,,,,,,,,,,,,,,,,,,,,,,,,,,50.0,1.9256962537765503,medical diagnosis,unknown,True,"Episode_50: 中間抽象度, 集約的 (dims: [13, 282, 58, 91, 281])",,,,,,,,,,,,,,,,,,,,,,,,
329,financial prediction,Transfer Learning,10,2025-06-18T13:59:12.322917,,,,,,,,,,,,,,,,,,,,,,,,,,,,,,,,,,,,,60.0,1.9256962537765503,medical diagnosis,unknown,True,"Episode_60: 中間抽象度, 集約的 (dims: [13, 282, 58, 91, 281])",,,,,,,,,,,,,,,,,,
329,financial prediction,Transfer Learning,10,2025-06-18T13:59:12.322917,,,,,,,,,,,,,,,,,,,,,,,,,,,,,,,,,,,,,,,,,,,70.0,1.9256962537765503,medical diagnosis,unknown,True,"Episode_70: 中間抽象度, 集約的 (dims: [13, 282, 58, 91, 281])",,,,,,,,,,,,
329,financial prediction,Transfer Learning,10,2025-06-18T13:59:12.322917,,,,,,,,,,,,,,,,,,,,,,,,,,,,,,,,,,,,,,,,,,,,,,,,,80.0,1.9256962537765503,medical diagnosis,unknown,True,"Episode_80: 中間抽象度, 集約的 (dims: [13, 282, 58, 91, 281])",,,,,,
329,financial prediction,Transfer Learning,10,2025-06-18T13:59:12.322917,,,,,,,,,,,,,,,,,,,,,,,,,,,,,,,,,,,,,,,,,,,,,,,,,,,,,,,90.0,1.9256962537765503,medical diagnosis,unknown,True,"Episode_90: 中間抽象度, 集約的 (dims: [13, 282, 58, 91, 281])"
330,educational technology,Adversarial Machine Learning,10,2025-06-18T13:59:12.367698,0.0,1.928670048713684,medical diagnosis,unknown,True,"Episode_0: 中間抽象度, 集約的 (dims: [13, 282, 58, 91, 281])",,,,,,,,,,,,,,,,,,,,,,,,,,,,,,,,,,,,,,,,,,,,,,,,,,,,,,
330,educational technology,Adversarial Machine Learning,10,2025-06-18T13:59:12.367698,,,,,,,10.0,1.928670048713684,medical diagnosis,unknown,True,"Episode_10: 中間抽象度, 集約的 (dims: [13, 282, 58, 91, 281])",,,,,,,,,,,,,,,,,,,,,,,,,,,,,,,,,,,,,,,,,,,,,,,,
330,educational technology,Adversarial Machine Learning,10,2025-06-18T13:59:12.367698,,,,,,,,,,,,,20.0,1.928670048713684,medical diagnosis,unknown,True,"Episode_20: 中間抽象度, 集約的 (dims: [13, 282, 58, 91, 281])",,,,,,,,,,,,,,,,,,,,,,,,,,,,,,,,,,,,,,,,,,
330,educational technology,Adversarial Machine Learning,10,2025-06-18T13:59:12.367698,,,,,,,,,,,,,,,,,,,30.0,1.928670048713684,medical diagnosis,unknown,True,"Episode_30: 中間抽象度, 集約的 (dims: [13, 282, 58, 91, 281])",,,,,,,,,,,,,,,,,,,,,,,,,,,,,,,,,,,,
330,educational technology,Adversarial Machine Learning,10,2025-06-18T13:59:12.367698,,,,,,,,,,,,,,,,,,,,,,,,,40.0,1.928670048713684,medical diagnosis,unknown,True,"Episode_40: 中間抽象度, 集約的 (dims: [13, 282, 58, 91, 281])",,,,,,,,,,,,,,,,,,,,,,,,,,,,,,
330,educational technology,Adversarial Machine Learning,10,2025-06-18T13:59:12.367698,,,,,,,,,,,,,,,,,,,,,,,,,,,,,,,50.0,1.928670048713684,medical diagnosis,unknown,True,"Episode_50: 中間抽象度, 集約的 (dims: [13, 282, 58, 91, 281])",,,,,,,,,,,,,,,,,,,,,,,,
330,educational technology,Adversarial Machine Learning,10,2025-06-18T13:59:12.367698,,,,,,,,,,,,,,,,,,,,,,,,,,,,,,,,,,,,,60.0,1.928670048713684,medical diagnosis,unknown,True,"Episode_60: 中間抽象度, 集約的 (dims: [13, 282, 58, 91, 281])",,,,,,,,,,,,,,,,,,
330,educational technology,Adversarial Machine Learning,10,2025-06-18T13:59:12.367698,,,,,,,,,,,,,,,,,,,,,,,,,,,,,,,,,,,,,,,,,,,70.0,1.928670048713684,medical diagnosis,unknown,True,"Episode_70: 中間抽象度, 集約的 (dims: [13, 282, 58, 91, 281])",,,,,,,,,,,,
330,educational technology,Adversarial Machine Learning,10,2025-06-18T13:59:12.367698,,,,,,,,,,,,,,,,,,,,,,,,,,,,,,,,,,,,,,,,,,,,,,,,,80.0,1.928670048713684,medical diagnosis,unknown,True,"Episode_80: 中間抽象度, 集約的 (dims: [13, 282, 58, 91, 281])",,,,,,
330,educational technology,Adversarial Machine Learning,10,2025-06-18T13:59:12.367698,,,,,,,,,,,,,,,,,,,,,,,,,,,,,,,,,,,,,,,,,,,,,,,,,,,,,,,90.0,1.928670048713684,medical diagnosis,unknown,True,"Episode_90: 中間抽象度, 集約的 (dims: [13, 282, 58, 91, 281])"
331,medical diagnosis,Large Language Models,0,2025-06-18T13:59:12.413758,0.0,1.8874430656433105,medical diagnosis,unknown,False,"Episode_0: 中間抽象度, 集約的 (dims: [13, 282, 58, 91, 281])",,,,,,,,,,,,,,,,,,,,,,,,,,,,,,,,,,,,,,,,,,,,,,,,,,,,,,
331,medical diagnosis,Large Language Models,0,2025-06-18T13:59:12.413758,,,,,,,10.0,1.8874430656433105,medical diagnosis,unknown,False,"Episode_10: 中間抽象度, 集約的 (dims: [13, 282, 58, 91, 281])",,,,,,,,,,,,,,,,,,,,,,,,,,,,,,,,,,,,,,,,,,,,,,,,
331,medical diagnosis,Large Language Models,0,2025-06-18T13:59:12.413758,,,,,,,,,,,,,20.0,1.8874430656433105,medical diagnosis,unknown,False,"Episode_20: 中間抽象度, 集約的 (dims: [13, 282, 58, 91, 281])",,,,,,,,,,,,,,,,,,,,,,,,,,,,,,,,,,,,,,,,,,
331,medical diagnosis,Large Language Models,0,2025-06-18T13:59:12.413758,,,,,,,,,,,,,,,,,,,30.0,1.8874430656433105,medical diagnosis,unknown,False,"Episode_30: 中間抽象度, 集約的 (dims: [13, 282, 58, 91, 281])",,,,,,,,,,,,,,,,,,,,,,,,,,,,,,,,,,,,
331,medical diagnosis,Large Language Models,0,2025-06-18T13:59:12.413758,,,,,,,,,,,,,,,,,,,,,,,,,40.0,1.8874430656433105,medical diagnosis,unknown,False,"Episode_40: 中間抽象度, 集約的 (dims: [13, 282, 58, 91, 281])",,,,,,,,,,,,,,,,,,,,,,,,,,,,,,
331,medical diagnosis,Large Language Models,0,2025-06-18T13:59:12.413758,,,,,,,,,,,,,,,,,,,,,,,,,,,,,,,50.0,1.8874430656433105,medical diagnosis,unknown,False,"Episode_50: 中間抽象度, 集約的 (dims: [13, 282, 58, 91, 281])",,,,,,,,,,,,,,,,,,,,,,,,
331,medical diagnosis,Large Language Models,0,2025-06-18T13:59:12.413758,,,,,,,,,,,,,,,,,,,,,,,,,,,,,,,,,,,,,60.0,1.8874430656433105,medical diagnosis,unknown,False,"Episode_60: 中間抽象度, 集約的 (dims: [13, 282, 58, 91, 281])",,,,,,,,,,,,,,,,,,
331,medical diagnosis,Large Language Models,0,2025-06-18T13:59:12.413758,,,,,,,,,,,,,,,,,,,,,,,,,,,,,,,,,,,,,,,,,,,70.0,1.8874430656433105,medical diagnosis,unknown,False,"Episode_70: 中間抽象度, 集約的 (dims: [13, 282, 58, 91, 281])",,,,,,,,,,,,
331,medical diagnosis,Large Language Models,0,2025-06-18T13:59:12.413758,,,,,,,,,,,,,,,,,,,,,,,,,,,,,,,,,,,,,,,,,,,,,,,,,80.0,1.8874430656433105,medical diagnosis,unknown,False,"Episode_80: 中間抽象度, 集約的 (dims: [13, 282, 58, 91, 281])",,,,,,
331,medical diagnosis,Large Language Models,0,2025-06-18T13:59:12.413758,,,,,,,,,,,,,,,,,,,,,,,,,,,,,,,,,,,,,,,,,,,,,,,,,,,,,,,90.0,1.8874430656433105,medical diagnosis,unknown,False,"Episode_90: 中間抽象度, 集約的 (dims: [13, 282, 58, 91, 281])"
332,autonomous systems,Computer Vision,10,2025-06-18T13:59:12.459507,0.0,1.8768787384033203,medical diagnosis,unknown,True,"Episode_0: 中間抽象度, 集約的 (dims: [13, 282, 58, 91, 281])",,,,,,,,,,,,,,,,,,,,,,,,,,,,,,,,,,,,,,,,,,,,,,,,,,,,,,
332,autonomous systems,Computer Vision,10,2025-06-18T13:59:12.459507,,,,,,,10.0,1.8768787384033203,medical diagnosis,unknown,True,"Episode_10: 中間抽象度, 集約的 (dims: [13, 282, 58, 91, 281])",,,,,,,,,,,,,,,,,,,,,,,,,,,,,,,,,,,,,,,,,,,,,,,,
332,autonomous systems,Computer Vision,10,2025-06-18T13:59:12.459507,,,,,,,,,,,,,20.0,1.8768787384033203,medical diagnosis,unknown,True,"Episode_20: 中間抽象度, 集約的 (dims: [13, 282, 58, 91, 281])",,,,,,,,,,,,,,,,,,,,,,,,,,,,,,,,,,,,,,,,,,
332,autonomous systems,Computer Vision,10,2025-06-18T13:59:12.459507,,,,,,,,,,,,,,,,,,,30.0,1.8768787384033203,medical diagnosis,unknown,True,"Episode_30: 中間抽象度, 集約的 (dims: [13, 282, 58, 91, 281])",,,,,,,,,,,,,,,,,,,,,,,,,,,,,,,,,,,,
332,autonomous systems,Computer Vision,10,2025-06-18T13:59:12.459507,,,,,,,,,,,,,,,,,,,,,,,,,40.0,1.8768787384033203,medical diagnosis,unknown,True,"Episode_40: 中間抽象度, 集約的 (dims: [13, 282, 58, 91, 281])",,,,,,,,,,,,,,,,,,,,,,,,,,,,,,
332,autonomous systems,Computer Vision,10,2025-06-18T13:59:12.459507,,,,,,,,,,,,,,,,,,,,,,,,,,,,,,,50.0,1.8768787384033203,medical diagnosis,unknown,True,"Episode_50: 中間抽象度, 集約的 (dims: [13, 282, 58, 91, 281])",,,,,,,,,,,,,,,,,,,,,,,,
332,autonomous systems,Computer Vision,10,2025-06-18T13:59:12.459507,,,,,,,,,,,,,,,,,,,,,,,,,,,,,,,,,,,,,60.0,1.8768787384033203,medical diagnosis,unknown,True,"Episode_60: 中間抽象度, 集約的 (dims: [13, 282, 58, 91, 281])",,,,,,,,,,,,,,,,,,
332,autonomous systems,Computer Vision,10,2025-06-18T13:59:12.459507,,,,,,,,,,,,,,,,,,,,,,,,,,,,,,,,,,,,,,,,,,,70.0,1.8768787384033203,medical diagnosis,unknown,True,"Episode_70: 中間抽象度, 集約的 (dims: [13, 282, 58, 91, 281])",,,,,,,,,,,,
332,autonomous systems,Computer Vision,10,2025-06-18T13:59:12.459507,,,,,,,,,,,,,,,,,,,,,,,,,,,,,,,,,,,,,,,,,,,,,,,,,80.0,1.8768787384033203,medical diagnosis,unknown,True,"Episode_80: 中間抽象度, 集約的 (dims: [13, 282, 58, 91, 281])",,,,,,
332,autonomous systems,Computer Vision,10,2025-06-18T13:59:12.459507,,,,,,,,,,,,,,,,,,,,,,,,,,,,,,,,,,,,,,,,,,,,,,,,,,,,,,,90.0,1.8768787384033203,medical diagnosis,unknown,True,"Episode_90: 中間抽象度, 集約的 (dims: [13, 282, 58, 91, 281])"
333,natural language processing,Reinforcement Learning,10,2025-06-18T13:59:12.504283,5.0,1.8832250833511353,cybersecurity,unknown,True,"Episode_5: 中間抽象度, 集約的 (dims: [106, 62, 379, 367, 71])",,,,,,,,,,,,,,,,,,,,,,,,,,,,,,,,,,,,,,,,,,,,,,,,,,,,,,
333,natural language processing,Reinforcement Learning,10,2025-06-18T13:59:12.504283,,,,,,,15.0,1.8832250833511353,cybersecurity,unknown,True,"Episode_15: 中間抽象度, 集約的 (dims: [106, 62, 379, 367, 71])",,,,,,,,,,,,,,,,,,,,,,,,,,,,,,,,,,,,,,,,,,,,,,,,
333,natural language processing,Reinforcement Learning,10,2025-06-18T13:59:12.504283,,,,,,,,,,,,,25.0,1.8832250833511353,cybersecurity,unknown,True,"Episode_25: 中間抽象度, 集約的 (dims: [106, 62, 379, 367, 71])",,,,,,,,,,,,,,,,,,,,,,,,,,,,,,,,,,,,,,,,,,
333,natural language processing,Reinforcement Learning,10,2025-06-18T13:59:12.504283,,,,,,,,,,,,,,,,,,,35.0,1.8832250833511353,cybersecurity,unknown,True,"Episode_35: 中間抽象度, 集約的 (dims: [106, 62, 379, 367, 71])",,,,,,,,,,,,,,,,,,,,,,,,,,,,,,,,,,,,
333,natural language processing,Reinforcement Learning,10,2025-06-18T13:59:12.504283,,,,,,,,,,,,,,,,,,,,,,,,,45.0,1.8832250833511353,cybersecurity,unknown,True,"Episode_45: 中間抽象度, 集約的 (dims: [106, 62, 379, 367, 71])",,,,,,,,,,,,,,,,,,,,,,,,,,,,,,
333,natural language processing,Reinforcement Learning,10,2025-06-18T13:59:12.504283,,,,,,,,,,,,,,,,,,,,,,,,,,,,,,,55.0,1.8832250833511353,cybersecurity,unknown,True,"Episode_55: 中間抽象度, 集約的 (dims: [106, 62, 379, 367, 71])",,,,,,,,,,,,,,,,,,,,,,,,
333,natural language processing,Reinforcement Learning,10,2025-06-18T13:59:12.504283,,,,,,,,,,,,,,,,,,,,,,,,,,,,,,,,,,,,,65.0,1.8832250833511353,cybersecurity,unknown,True,"Episode_65: 中間抽象度, 集約的 (dims: [106, 62, 379, 367, 71])",,,,,,,,,,,,,,,,,,
333,natural language processing,Reinforcement Learning,10,2025-06-18T13:59:12.504283,,,,,,,,,,,,,,,,,,,,,,,,,,,,,,,,,,,,,,,,,,,75.0,1.8832250833511353,cybersecurity,unknown,True,"Episode_75: 中間抽象度, 集約的 (dims: [106, 62, 379, 367, 71])",,,,,,,,,,,,
333,natural language processing,Reinforcement Learning,10,2025-06-18T13:59:12.504283,,,,,,,,,,,,,,,,,,,,,,,,,,,,,,,,,,,,,,,,,,,,,,,,,85.0,1.8832250833511353,cybersecurity,unknown,True,"Episode_85: 中間抽象度, 集約的 (dims: [106, 62, 379, 367, 71])",,,,,,
333,natural language processing,Reinforcement Learning,10,2025-06-18T13:59:12.504283,,,,,,,,,,,,,,,,,,,,,,,,,,,,,,,,,,,,,,,,,,,,,,,,,,,,,,,95.0,1.8832250833511353,cybersecurity,unknown,True,"Episode_95: 中間抽象度, 集約的 (dims: [106, 62, 379, 367, 71])"
334,computer vision,Graph Neural Networks,10,2025-06-18T13:59:12.548819,0.0,1.894721269607544,medical diagnosis,unknown,True,"Episode_0: 中間抽象度, 集約的 (dims: [13, 282, 58, 91, 281])",,,,,,,,,,,,,,,,,,,,,,,,,,,,,,,,,,,,,,,,,,,,,,,,,,,,,,
334,computer vision,Graph Neural Networks,10,2025-06-18T13:59:12.548819,,,,,,,10.0,1.894721269607544,medical diagnosis,unknown,True,"Episode_10: 中間抽象度, 集約的 (dims: [13, 282, 58, 91, 281])",,,,,,,,,,,,,,,,,,,,,,,,,,,,,,,,,,,,,,,,,,,,,,,,
334,computer vision,Graph Neural Networks,10,2025-06-18T13:59:12.548819,,,,,,,,,,,,,20.0,1.894721269607544,medical diagnosis,unknown,True,"Episode_20: 中間抽象度, 集約的 (dims: [13, 282, 58, 91, 281])",,,,,,,,,,,,,,,,,,,,,,,,,,,,,,,,,,,,,,,,,,
334,computer vision,Graph Neural Networks,10,2025-06-18T13:59:12.548819,,,,,,,,,,,,,,,,,,,30.0,1.894721269607544,medical diagnosis,unknown,True,"Episode_30: 中間抽象度, 集約的 (dims: [13, 282, 58, 91, 281])",,,,,,,,,,,,,,,,,,,,,,,,,,,,,,,,,,,,
334,computer vision,Graph Neural Networks,10,2025-06-18T13:59:12.548819,,,,,,,,,,,,,,,,,,,,,,,,,40.0,1.894721269607544,medical diagnosis,unknown,True,"Episode_40: 中間抽象度, 集約的 (dims: [13, 282, 58, 91, 281])",,,,,,,,,,,,,,,,,,,,,,,,,,,,,,
334,computer vision,Graph Neural Networks,10,2025-06-18T13:59:12.548819,,,,,,,,,,,,,,,,,,,,,,,,,,,,,,,50.0,1.894721269607544,medical diagnosis,unknown,True,"Episode_50: 中間抽象度, 集約的 (dims: [13, 282, 58, 91, 281])",,,,,,,,,,,,,,,,,,,,,,,,
334,computer vision,Graph Neural Networks,10,2025-06-18T13:59:12.548819,,,,,,,,,,,,,,,,,,,,,,,,,,,,,,,,,,,,,60.0,1.894721269607544,medical diagnosis,unknown,True,"Episode_60: 中間抽象度, 集約的 (dims: [13, 282, 58, 91, 281])",,,,,,,,,,,,,,,,,,
334,computer vision,Graph Neural Networks,10,2025-06-18T13:59:12.548819,,,,,,,,,,,,,,,,,,,,,,,,,,,,,,,,,,,,,,,,,,,70.0,1.894721269607544,medical diagnosis,unknown,True,"Episode_70: 中間抽象度, 集約的 (dims: [13, 282, 58, 91, 281])",,,,,,,,,,,,
334,computer vision,Graph Neural Networks,10,2025-06-18T13:59:12.548819,,,,,,,,,,,,,,,,,,,,,,,,,,,,,,,,,,,,,,,,,,,,,,,,,80.0,1.894721269607544,medical diagnosis,unknown,True,"Episode_80: 中間抽象度, 集約的 (dims: [13, 282, 58, 91, 281])",,,,,,
334,computer vision,Graph Neural Networks,10,2025-06-18T13:59:12.548819,,,,,,,,,,,,,,,,,,,,,,,,,,,,,,,,,,,,,,,,,,,,,,,,,,,,,,,90.0,1.894721269607544,medical diagnosis,unknown,True,"Episode_90: 中間抽象度, 集約的 (dims: [13, 282, 58, 91, 281])"
335,robotics,Federated Learning,10,2025-06-18T13:59:12.594231,5.0,1.8728573322296143,cybersecurity,unknown,True,"Episode_5: 中間抽象度, 集約的 (dims: [106, 62, 379, 367, 71])",,,,,,,,,,,,,,,,,,,,,,,,,,,,,,,,,,,,,,,,,,,,,,,,,,,,,,
335,robotics,Federated Learning,10,2025-06-18T13:59:12.594231,,,,,,,15.0,1.8728573322296143,cybersecurity,unknown,True,"Episode_15: 中間抽象度, 集約的 (dims: [106, 62, 379, 367, 71])",,,,,,,,,,,,,,,,,,,,,,,,,,,,,,,,,,,,,,,,,,,,,,,,
335,robotics,Federated Learning,10,2025-06-18T13:59:12.594231,,,,,,,,,,,,,25.0,1.8728573322296143,cybersecurity,unknown,True,"Episode_25: 中間抽象度, 集約的 (dims: [106, 62, 379, 367, 71])",,,,,,,,,,,,,,,,,,,,,,,,,,,,,,,,,,,,,,,,,,
335,robotics,Federated Learning,10,2025-06-18T13:59:12.594231,,,,,,,,,,,,,,,,,,,35.0,1.8728573322296143,cybersecurity,unknown,True,"Episode_35: 中間抽象度, 集約的 (dims: [106, 62, 379, 367, 71])",,,,,,,,,,,,,,,,,,,,,,,,,,,,,,,,,,,,
335,robotics,Federated Learning,10,2025-06-18T13:59:12.594231,,,,,,,,,,,,,,,,,,,,,,,,,45.0,1.8728573322296143,cybersecurity,unknown,True,"Episode_45: 中間抽象度, 集約的 (dims: [106, 62, 379, 367, 71])",,,,,,,,,,,,,,,,,,,,,,,,,,,,,,
335,robotics,Federated Learning,10,2025-06-18T13:59:12.594231,,,,,,,,,,,,,,,,,,,,,,,,,,,,,,,55.0,1.8728573322296143,cybersecurity,unknown,True,"Episode_55: 中間抽象度, 集約的 (dims: [106, 62, 379, 367, 71])",,,,,,,,,,,,,,,,,,,,,,,,
335,robotics,Federated Learning,10,2025-06-18T13:59:12.594231,,,,,,,,,,,,,,,,,,,,,,,,,,,,,,,,,,,,,65.0,1.8728573322296143,cybersecurity,unknown,True,"Episode_65: 中間抽象度, 集約的 (dims: [106, 62, 379, 367, 71])",,,,,,,,,,,,,,,,,,
335,robotics,Federated Learning,10,2025-06-18T13:59:12.594231,,,,,,,,,,,,,,,,,,,,,,,,,,,,,,,,,,,,,,,,,,,75.0,1.8728573322296143,cybersecurity,unknown,True,"Episode_75: 中間抽象度, 集約的 (dims: [106, 62, 379, 367, 71])",,,,,,,,,,,,
335,robotics,Federated Learning,10,2025-06-18T13:59:12.594231,,,,,,,,,,,,,,,,,,,,,,,,,,,,,,,,,,,,,,,,,,,,,,,,,85.0,1.8728573322296143,cybersecurity,unknown,True,"Episode_85: 中間抽象度, 集約的 (dims: [106, 62, 379, 367, 71])",,,,,,
335,robotics,Federated Learning,10,2025-06-18T13:59:12.594231,,,,,,,,,,,,,,,,,,,,,,,,,,,,,,,,,,,,,,,,,,,,,,,,,,,,,,,95.0,1.8728573322296143,cybersecurity,unknown,True,"Episode_95: 中間抽象度, 集約的 (dims: [106, 62, 379, 367, 71])"
336,cybersecurity,Explainable AI,10,2025-06-18T13:59:12.640139,0.0,1.911033272743225,medical diagnosis,unknown,True,"Episode_0: 中間抽象度, 集約的 (dims: [13, 282, 58, 91, 281])",,,,,,,,,,,,,,,,,,,,,,,,,,,,,,,,,,,,,,,,,,,,,,,,,,,,,,
336,cybersecurity,Explainable AI,10,2025-06-18T13:59:12.640139,,,,,,,10.0,1.911033272743225,medical diagnosis,unknown,True,"Episode_10: 中間抽象度, 集約的 (dims: [13, 282, 58, 91, 281])",,,,,,,,,,,,,,,,,,,,,,,,,,,,,,,,,,,,,,,,,,,,,,,,
336,cybersecurity,Explainable AI,10,2025-06-18T13:59:12.640139,,,,,,,,,,,,,20.0,1.911033272743225,medical diagnosis,unknown,True,"Episode_20: 中間抽象度, 集約的 (dims: [13, 282, 58, 91, 281])",,,,,,,,,,,,,,,,,,,,,,,,,,,,,,,,,,,,,,,,,,
336,cybersecurity,Explainable AI,10,2025-06-18T13:59:12.640139,,,,,,,,,,,,,,,,,,,30.0,1.911033272743225,medical diagnosis,unknown,True,"Episode_30: 中間抽象度, 集約的 (dims: [13, 282, 58, 91, 281])",,,,,,,,,,,,,,,,,,,,,,,,,,,,,,,,,,,,
336,cybersecurity,Explainable AI,10,2025-06-18T13:59:12.640139,,,,,,,,,,,,,,,,,,,,,,,,,40.0,1.911033272743225,medical diagnosis,unknown,True,"Episode_40: 中間抽象度, 集約的 (dims: [13, 282, 58, 91, 281])",,,,,,,,,,,,,,,,,,,,,,,,,,,,,,
336,cybersecurity,Explainable AI,10,2025-06-18T13:59:12.640139,,,,,,,,,,,,,,,,,,,,,,,,,,,,,,,50.0,1.911033272743225,medical diagnosis,unknown,True,"Episode_50: 中間抽象度, 集約的 (dims: [13, 282, 58, 91, 281])",,,,,,,,,,,,,,,,,,,,,,,,
336,cybersecurity,Explainable AI,10,2025-06-18T13:59:12.640139,,,,,,,,,,,,,,,,,,,,,,,,,,,,,,,,,,,,,60.0,1.911033272743225,medical diagnosis,unknown,True,"Episode_60: 中間抽象度, 集約的 (dims: [13, 282, 58, 91, 281])",,,,,,,,,,,,,,,,,,
336,cybersecurity,Explainable AI,10,2025-06-18T13:59:12.640139,,,,,,,,,,,,,,,,,,,,,,,,,,,,,,,,,,,,,,,,,,,70.0,1.911033272743225,medical diagnosis,unknown,True,"Episode_70: 中間抽象度, 集約的 (dims: [13, 282, 58, 91, 281])",,,,,,,,,,,,
336,cybersecurity,Explainable AI,10,2025-06-18T13:59:12.640139,,,,,,,,,,,,,,,,,,,,,,,,,,,,,,,,,,,,,,,,,,,,,,,,,80.0,1.911033272743225,medical diagnosis,unknown,True,"Episode_80: 中間抽象度, 集約的 (dims: [13, 282, 58, 91, 281])",,,,,,
336,cybersecurity,Explainable AI,10,2025-06-18T13:59:12.640139,,,,,,,,,,,,,,,,,,,,,,,,,,,,,,,,,,,,,,,,,,,,,,,,,,,,,,,90.0,1.911033272743225,medical diagnosis,unknown,True,"Episode_90: 中間抽象度, 集約的 (dims: [13, 282, 58, 91, 281])"
337,climate modeling,Multimodal Learning,10,2025-06-18T13:59:12.686626,5.0,1.9013603925704956,cybersecurity,unknown,True,"Episode_5: 中間抽象度, 集約的 (dims: [106, 62, 379, 367, 71])",,,,,,,,,,,,,,,,,,,,,,,,,,,,,,,,,,,,,,,,,,,,,,,,,,,,,,
337,climate modeling,Multimodal Learning,10,2025-06-18T13:59:12.686626,,,,,,,15.0,1.9013603925704956,cybersecurity,unknown,True,"Episode_15: 中間抽象度, 集約的 (dims: [106, 62, 379, 367, 71])",,,,,,,,,,,,,,,,,,,,,,,,,,,,,,,,,,,,,,,,,,,,,,,,
337,climate modeling,Multimodal Learning,10,2025-06-18T13:59:12.686626,,,,,,,,,,,,,25.0,1.9013603925704956,cybersecurity,unknown,True,"Episode_25: 中間抽象度, 集約的 (dims: [106, 62, 379, 367, 71])",,,,,,,,,,,,,,,,,,,,,,,,,,,,,,,,,,,,,,,,,,
337,climate modeling,Multimodal Learning,10,2025-06-18T13:59:12.686626,,,,,,,,,,,,,,,,,,,35.0,1.9013603925704956,cybersecurity,unknown,True,"Episode_35: 中間抽象度, 集約的 (dims: [106, 62, 379, 367, 71])",,,,,,,,,,,,,,,,,,,,,,,,,,,,,,,,,,,,
337,climate modeling,Multimodal Learning,10,2025-06-18T13:59:12.686626,,,,,,,,,,,,,,,,,,,,,,,,,45.0,1.9013603925704956,cybersecurity,unknown,True,"Episode_45: 中間抽象度, 集約的 (dims: [106, 62, 379, 367, 71])",,,,,,,,,,,,,,,,,,,,,,,,,,,,,,
337,climate modeling,Multimodal Learning,10,2025-06-18T13:59:12.686626,,,,,,,,,,,,,,,,,,,,,,,,,,,,,,,55.0,1.9013603925704956,cybersecurity,unknown,True,"Episode_55: 中間抽象度, 集約的 (dims: [106, 62, 379, 367, 71])",,,,,,,,,,,,,,,,,,,,,,,,
337,climate modeling,Multimodal Learning,10,2025-06-18T13:59:12.686626,,,,,,,,,,,,,,,,,,,,,,,,,,,,,,,,,,,,,65.0,1.9013603925704956,cybersecurity,unknown,True,"Episode_65: 中間抽象度, 集約的 (dims: [106, 62, 379, 367, 71])",,,,,,,,,,,,,,,,,,
337,climate modeling,Multimodal Learning,10,2025-06-18T13:59:12.686626,,,,,,,,,,,,,,,,,,,,,,,,,,,,,,,,,,,,,,,,,,,75.0,1.9013603925704956,cybersecurity,unknown,True,"Episode_75: 中間抽象度, 集約的 (dims: [106, 62, 379, 367, 71])",,,,,,,,,,,,
337,climate modeling,Multimodal Learning,10,2025-06-18T13:59:12.686626,,,,,,,,,,,,,,,,,,,,,,,,,,,,,,,,,,,,,,,,,,,,,,,,,85.0,1.9013603925704956,cybersecurity,unknown,True,"Episode_85: 中間抽象度, 集約的 (dims: [106, 62, 379, 367, 71])",,,,,,
337,climate modeling,Multimodal Learning,10,2025-06-18T13:59:12.686626,,,,,,,,,,,,,,,,,,,,,,,,,,,,,,,,,,,,,,,,,,,,,,,,,,,,,,,95.0,1.9013603925704956,cybersecurity,unknown,True,"Episode_95: 中間抽象度, 集約的 (dims: [106, 62, 379, 367, 71])"
338,drug discovery,Few-shot Learning,10,2025-06-18T13:59:12.732630,0.0,1.9221811294555664,medical diagnosis,unknown,True,"Episode_0: 中間抽象度, 集約的 (dims: [13, 282, 58, 91, 281])",,,,,,,,,,,,,,,,,,,,,,,,,,,,,,,,,,,,,,,,,,,,,,,,,,,,,,
338,drug discovery,Few-shot Learning,10,2025-06-18T13:59:12.732630,,,,,,,10.0,1.9221811294555664,medical diagnosis,unknown,True,"Episode_10: 中間抽象度, 集約的 (dims: [13, 282, 58, 91, 281])",,,,,,,,,,,,,,,,,,,,,,,,,,,,,,,,,,,,,,,,,,,,,,,,
338,drug discovery,Few-shot Learning,10,2025-06-18T13:59:12.732630,,,,,,,,,,,,,20.0,1.9221811294555664,medical diagnosis,unknown,True,"Episode_20: 中間抽象度, 集約的 (dims: [13, 282, 58, 91, 281])",,,,,,,,,,,,,,,,,,,,,,,,,,,,,,,,,,,,,,,,,,
338,drug discovery,Few-shot Learning,10,2025-06-18T13:59:12.732630,,,,,,,,,,,,,,,,,,,30.0,1.9221811294555664,medical diagnosis,unknown,True,"Episode_30: 中間抽象度, 集約的 (dims: [13, 282, 58, 91, 281])",,,,,,,,,,,,,,,,,,,,,,,,,,,,,,,,,,,,
338,drug discovery,Few-shot Learning,10,2025-06-18T13:59:12.732630,,,,,,,,,,,,,,,,,,,,,,,,,40.0,1.9221811294555664,medical diagnosis,unknown,True,"Episode_40: 中間抽象度, 集約的 (dims: [13, 282, 58, 91, 281])",,,,,,,,,,,,,,,,,,,,,,,,,,,,,,
338,drug discovery,Few-shot Learning,10,2025-06-18T13:59:12.732630,,,,,,,,,,,,,,,,,,,,,,,,,,,,,,,50.0,1.9221811294555664,medical diagnosis,unknown,True,"Episode_50: 中間抽象度, 集約的 (dims: [13, 282, 58, 91, 281])",,,,,,,,,,,,,,,,,,,,,,,,
338,drug discovery,Few-shot Learning,10,2025-06-18T13:59:12.732630,,,,,,,,,,,,,,,,,,,,,,,,,,,,,,,,,,,,,60.0,1.9221811294555664,medical diagnosis,unknown,True,"Episode_60: 中間抽象度, 集約的 (dims: [13, 282, 58, 91, 281])",,,,,,,,,,,,,,,,,,
338,drug discovery,Few-shot Learning,10,2025-06-18T13:59:12.732630,,,,,,,,,,,,,,,,,,,,,,,,,,,,,,,,,,,,,,,,,,,70.0,1.9221811294555664,medical diagnosis,unknown,True,"Episode_70: 中間抽象度, 集約的 (dims: [13, 282, 58, 91, 281])",,,,,,,,,,,,
338,drug discovery,Few-shot Learning,10,2025-06-18T13:59:12.732630,,,,,,,,,,,,,,,,,,,,,,,,,,,,,,,,,,,,,,,,,,,,,,,,,80.0,1.9221811294555664,medical diagnosis,unknown,True,"Episode_80: 中間抽象度, 集約的 (dims: [13, 282, 58, 91, 281])",,,,,,
338,drug discovery,Few-shot Learning,10,2025-06-18T13:59:12.732630,,,,,,,,,,,,,,,,,,,,,,,,,,,,,,,,,,,,,,,,,,,,,,,,,,,,,,,90.0,1.9221811294555664,medical diagnosis,unknown,True,"Episode_90: 中間抽象度, 集約的 (dims: [13, 282, 58, 91, 281])"
339,financial prediction,Transfer Learning,10,2025-06-18T13:59:12.777098,0.0,1.9256962537765503,medical diagnosis,unknown,True,"Episode_0: 中間抽象度, 集約的 (dims: [13, 282, 58, 91, 281])",,,,,,,,,,,,,,,,,,,,,,,,,,,,,,,,,,,,,,,,,,,,,,,,,,,,,,
339,financial prediction,Transfer Learning,10,2025-06-18T13:59:12.777098,,,,,,,10.0,1.9256962537765503,medical diagnosis,unknown,True,"Episode_10: 中間抽象度, 集約的 (dims: [13, 282, 58, 91, 281])",,,,,,,,,,,,,,,,,,,,,,,,,,,,,,,,,,,,,,,,,,,,,,,,
339,financial prediction,Transfer Learning,10,2025-06-18T13:59:12.777098,,,,,,,,,,,,,20.0,1.9256962537765503,medical diagnosis,unknown,True,"Episode_20: 中間抽象度, 集約的 (dims: [13, 282, 58, 91, 281])",,,,,,,,,,,,,,,,,,,,,,,,,,,,,,,,,,,,,,,,,,
339,financial prediction,Transfer Learning,10,2025-06-18T13:59:12.777098,,,,,,,,,,,,,,,,,,,30.0,1.9256962537765503,medical diagnosis,unknown,True,"Episode_30: 中間抽象度, 集約的 (dims: [13, 282, 58, 91, 281])",,,,,,,,,,,,,,,,,,,,,,,,,,,,,,,,,,,,
339,financial prediction,Transfer Learning,10,2025-06-18T13:59:12.777098,,,,,,,,,,,,,,,,,,,,,,,,,40.0,1.9256962537765503,medical diagnosis,unknown,True,"Episode_40: 中間抽象度, 集約的 (dims: [13, 282, 58, 91, 281])",,,,,,,,,,,,,,,,,,,,,,,,,,,,,,
339,financial prediction,Transfer Learning,10,2025-06-18T13:59:12.777098,,,,,,,,,,,,,,,,,,,,,,,,,,,,,,,50.0,1.9256962537765503,medical diagnosis,unknown,True,"Episode_50: 中間抽象度, 集約的 (dims: [13, 282, 58, 91, 281])",,,,,,,,,,,,,,,,,,,,,,,,
339,financial prediction,Transfer Learning,10,2025-06-18T13:59:12.777098,,,,,,,,,,,,,,,,,,,,,,,,,,,,,,,,,,,,,60.0,1.9256962537765503,medical diagnosis,unknown,True,"Episode_60: 中間抽象度, 集約的 (dims: [13, 282, 58, 91, 281])",,,,,,,,,,,,,,,,,,
339,financial prediction,Transfer Learning,10,2025-06-18T13:59:12.777098,,,,,,,,,,,,,,,,,,,,,,,,,,,,,,,,,,,,,,,,,,,70.0,1.9256962537765503,medical diagnosis,unknown,True,"Episode_70: 中間抽象度, 集約的 (dims: [13, 282, 58, 91, 281])",,,,,,,,,,,,
339,financial prediction,Transfer Learning,10,2025-06-18T13:59:12.777098,,,,,,,,,,,,,,,,,,,,,,,,,,,,,,,,,,,,,,,,,,,,,,,,,80.0,1.9256962537765503,medical diagnosis,unknown,True,"Episode_80: 中間抽象度, 集約的 (dims: [13, 282, 58, 91, 281])",,,,,,
339,financial prediction,Transfer Learning,10,2025-06-18T13:59:12.777098,,,,,,,,,,,,,,,,,,,,,,,,,,,,,,,,,,,,,,,,,,,,,,,,,,,,,,,90.0,1.9256962537765503,medical diagnosis,unknown,True,"Episode_90: 中間抽象度, 集約的 (dims: [13, 282, 58, 91, 281])"
340,educational technology,Adversarial Machine Learning,10,2025-06-18T13:59:12.822639,0.0,1.928670048713684,medical diagnosis,unknown,True,"Episode_0: 中間抽象度, 集約的 (dims: [13, 282, 58, 91, 281])",,,,,,,,,,,,,,,,,,,,,,,,,,,,,,,,,,,,,,,,,,,,,,,,,,,,,,
340,educational technology,Adversarial Machine Learning,10,2025-06-18T13:59:12.822639,,,,,,,10.0,1.928670048713684,medical diagnosis,unknown,True,"Episode_10: 中間抽象度, 集約的 (dims: [13, 282, 58, 91, 281])",,,,,,,,,,,,,,,,,,,,,,,,,,,,,,,,,,,,,,,,,,,,,,,,
340,educational technology,Adversarial Machine Learning,10,2025-06-18T13:59:12.822639,,,,,,,,,,,,,20.0,1.928670048713684,medical diagnosis,unknown,True,"Episode_20: 中間抽象度, 集約的 (dims: [13, 282, 58, 91, 281])",,,,,,,,,,,,,,,,,,,,,,,,,,,,,,,,,,,,,,,,,,
340,educational technology,Adversarial Machine Learning,10,2025-06-18T13:59:12.822639,,,,,,,,,,,,,,,,,,,30.0,1.928670048713684,medical diagnosis,unknown,True,"Episode_30: 中間抽象度, 集約的 (dims: [13, 282, 58, 91, 281])",,,,,,,,,,,,,,,,,,,,,,,,,,,,,,,,,,,,
340,educational technology,Adversarial Machine Learning,10,2025-06-18T13:59:12.822639,,,,,,,,,,,,,,,,,,,,,,,,,40.0,1.928670048713684,medical diagnosis,unknown,True,"Episode_40: 中間抽象度, 集約的 (dims: [13, 282, 58, 91, 281])",,,,,,,,,,,,,,,,,,,,,,,,,,,,,,
340,educational technology,Adversarial Machine Learning,10,2025-06-18T13:59:12.822639,,,,,,,,,,,,,,,,,,,,,,,,,,,,,,,50.0,1.928670048713684,medical diagnosis,unknown,True,"Episode_50: 中間抽象度, 集約的 (dims: [13, 282, 58, 91, 281])",,,,,,,,,,,,,,,,,,,,,,,,
340,educational technology,Adversarial Machine Learning,10,2025-06-18T13:59:12.822639,,,,,,,,,,,,,,,,,,,,,,,,,,,,,,,,,,,,,60.0,1.928670048713684,medical diagnosis,unknown,True,"Episode_60: 中間抽象度, 集約的 (dims: [13, 282, 58, 91, 281])",,,,,,,,,,,,,,,,,,
340,educational technology,Adversarial Machine Learning,10,2025-06-18T13:59:12.822639,,,,,,,,,,,,,,,,,,,,,,,,,,,,,,,,,,,,,,,,,,,70.0,1.928670048713684,medical diagnosis,unknown,True,"Episode_70: 中間抽象度, 集約的 (dims: [13, 282, 58, 91, 281])",,,,,,,,,,,,
340,educational technology,Adversarial Machine Learning,10,2025-06-18T13:59:12.822639,,,,,,,,,,,,,,,,,,,,,,,,,,,,,,,,,,,,,,,,,,,,,,,,,80.0,1.928670048713684,medical diagnosis,unknown,True,"Episode_80: 中間抽象度, 集約的 (dims: [13, 282, 58, 91, 281])",,,,,,
340,educational technology,Adversarial Machine Learning,10,2025-06-18T13:59:12.822639,,,,,,,,,,,,,,,,,,,,,,,,,,,,,,,,,,,,,,,,,,,,,,,,,,,,,,,90.0,1.928670048713684,medical diagnosis,unknown,True,"Episode_90: 中間抽象度, 集約的 (dims: [13, 282, 58, 91, 281])"
341,medical diagnosis,Large Language Models,0,2025-06-18T13:59:12.869380,0.0,1.8874430656433105,medical diagnosis,unknown,False,"Episode_0: 中間抽象度, 集約的 (dims: [13, 282, 58, 91, 281])",,,,,,,,,,,,,,,,,,,,,,,,,,,,,,,,,,,,,,,,,,,,,,,,,,,,,,
341,medical diagnosis,Large Language Models,0,2025-06-18T13:59:12.869380,,,,,,,10.0,1.8874430656433105,medical diagnosis,unknown,False,"Episode_10: 中間抽象度, 集約的 (dims: [13, 282, 58, 91, 281])",,,,,,,,,,,,,,,,,,,,,,,,,,,,,,,,,,,,,,,,,,,,,,,,
341,medical diagnosis,Large Language Models,0,2025-06-18T13:59:12.869380,,,,,,,,,,,,,20.0,1.8874430656433105,medical diagnosis,unknown,False,"Episode_20: 中間抽象度, 集約的 (dims: [13, 282, 58, 91, 281])",,,,,,,,,,,,,,,,,,,,,,,,,,,,,,,,,,,,,,,,,,
341,medical diagnosis,Large Language Models,0,2025-06-18T13:59:12.869380,,,,,,,,,,,,,,,,,,,30.0,1.8874430656433105,medical diagnosis,unknown,False,"Episode_30: 中間抽象度, 集約的 (dims: [13, 282, 58, 91, 281])",,,,,,,,,,,,,,,,,,,,,,,,,,,,,,,,,,,,
341,medical diagnosis,Large Language Models,0,2025-06-18T13:59:12.869380,,,,,,,,,,,,,,,,,,,,,,,,,40.0,1.8874430656433105,medical diagnosis,unknown,False,"Episode_40: 中間抽象度, 集約的 (dims: [13, 282, 58, 91, 281])",,,,,,,,,,,,,,,,,,,,,,,,,,,,,,
341,medical diagnosis,Large Language Models,0,2025-06-18T13:59:12.869380,,,,,,,,,,,,,,,,,,,,,,,,,,,,,,,50.0,1.8874430656433105,medical diagnosis,unknown,False,"Episode_50: 中間抽象度, 集約的 (dims: [13, 282, 58, 91, 281])",,,,,,,,,,,,,,,,,,,,,,,,
341,medical diagnosis,Large Language Models,0,2025-06-18T13:59:12.869380,,,,,,,,,,,,,,,,,,,,,,,,,,,,,,,,,,,,,60.0,1.8874430656433105,medical diagnosis,unknown,False,"Episode_60: 中間抽象度, 集約的 (dims: [13, 282, 58, 91, 281])",,,,,,,,,,,,,,,,,,
341,medical diagnosis,Large Language Models,0,2025-06-18T13:59:12.869380,,,,,,,,,,,,,,,,,,,,,,,,,,,,,,,,,,,,,,,,,,,70.0,1.8874430656433105,medical diagnosis,unknown,False,"Episode_70: 中間抽象度, 集約的 (dims: [13, 282, 58, 91, 281])",,,,,,,,,,,,
341,medical diagnosis,Large Language Models,0,2025-06-18T13:59:12.869380,,,,,,,,,,,,,,,,,,,,,,,,,,,,,,,,,,,,,,,,,,,,,,,,,80.0,1.8874430656433105,medical diagnosis,unknown,False,"Episode_80: 中間抽象度, 集約的 (dims: [13, 282, 58, 91, 281])",,,,,,
341,medical diagnosis,Large Language Models,0,2025-06-18T13:59:12.869380,,,,,,,,,,,,,,,,,,,,,,,,,,,,,,,,,,,,,,,,,,,,,,,,,,,,,,,90.0,1.8874430656433105,medical diagnosis,unknown,False,"Episode_90: 中間抽象度, 集約的 (dims: [13, 282, 58, 91, 281])"
342,autonomous systems,Computer Vision,10,2025-06-18T13:59:12.913630,0.0,1.8768787384033203,medical diagnosis,unknown,True,"Episode_0: 中間抽象度, 集約的 (dims: [13, 282, 58, 91, 281])",,,,,,,,,,,,,,,,,,,,,,,,,,,,,,,,,,,,,,,,,,,,,,,,,,,,,,
342,autonomous systems,Computer Vision,10,2025-06-18T13:59:12.913630,,,,,,,10.0,1.8768787384033203,medical diagnosis,unknown,True,"Episode_10: 中間抽象度, 集約的 (dims: [13, 282, 58, 91, 281])",,,,,,,,,,,,,,,,,,,,,,,,,,,,,,,,,,,,,,,,,,,,,,,,
342,autonomous systems,Computer Vision,10,2025-06-18T13:59:12.913630,,,,,,,,,,,,,20.0,1.8768787384033203,medical diagnosis,unknown,True,"Episode_20: 中間抽象度, 集約的 (dims: [13, 282, 58, 91, 281])",,,,,,,,,,,,,,,,,,,,,,,,,,,,,,,,,,,,,,,,,,
342,autonomous systems,Computer Vision,10,2025-06-18T13:59:12.913630,,,,,,,,,,,,,,,,,,,30.0,1.8768787384033203,medical diagnosis,unknown,True,"Episode_30: 中間抽象度, 集約的 (dims: [13, 282, 58, 91, 281])",,,,,,,,,,,,,,,,,,,,,,,,,,,,,,,,,,,,
342,autonomous systems,Computer Vision,10,2025-06-18T13:59:12.913630,,,,,,,,,,,,,,,,,,,,,,,,,40.0,1.8768787384033203,medical diagnosis,unknown,True,"Episode_40: 中間抽象度, 集約的 (dims: [13, 282, 58, 91, 281])",,,,,,,,,,,,,,,,,,,,,,,,,,,,,,
342,autonomous systems,Computer Vision,10,2025-06-18T13:59:12.913630,,,,,,,,,,,,,,,,,,,,,,,,,,,,,,,50.0,1.8768787384033203,medical diagnosis,unknown,True,"Episode_50: 中間抽象度, 集約的 (dims: [13, 282, 58, 91, 281])",,,,,,,,,,,,,,,,,,,,,,,,
342,autonomous systems,Computer Vision,10,2025-06-18T13:59:12.913630,,,,,,,,,,,,,,,,,,,,,,,,,,,,,,,,,,,,,60.0,1.8768787384033203,medical diagnosis,unknown,True,"Episode_60: 中間抽象度, 集約的 (dims: [13, 282, 58, 91, 281])",,,,,,,,,,,,,,,,,,
342,autonomous systems,Computer Vision,10,2025-06-18T13:59:12.913630,,,,,,,,,,,,,,,,,,,,,,,,,,,,,,,,,,,,,,,,,,,70.0,1.8768787384033203,medical diagnosis,unknown,True,"Episode_70: 中間抽象度, 集約的 (dims: [13, 282, 58, 91, 281])",,,,,,,,,,,,
342,autonomous systems,Computer Vision,10,2025-06-18T13:59:12.913630,,,,,,,,,,,,,,,,,,,,,,,,,,,,,,,,,,,,,,,,,,,,,,,,,80.0,1.8768787384033203,medical diagnosis,unknown,True,"Episode_80: 中間抽象度, 集約的 (dims: [13, 282, 58, 91, 281])",,,,,,
342,autonomous systems,Computer Vision,10,2025-06-18T13:59:12.913630,,,,,,,,,,,,,,,,,,,,,,,,,,,,,,,,,,,,,,,,,,,,,,,,,,,,,,,90.0,1.8768787384033203,medical diagnosis,unknown,True,"Episode_90: 中間抽象度, 集約的 (dims: [13, 282, 58, 91, 281])"
343,natural language processing,Reinforcement Learning,10,2025-06-18T13:59:12.959464,5.0,1.8832250833511353,cybersecurity,unknown,True,"Episode_5: 中間抽象度, 集約的 (dims: [106, 62, 379, 367, 71])",,,,,,,,,,,,,,,,,,,,,,,,,,,,,,,,,,,,,,,,,,,,,,,,,,,,,,
343,natural language processing,Reinforcement Learning,10,2025-06-18T13:59:12.959464,,,,,,,15.0,1.8832250833511353,cybersecurity,unknown,True,"Episode_15: 中間抽象度, 集約的 (dims: [106, 62, 379, 367, 71])",,,,,,,,,,,,,,,,,,,,,,,,,,,,,,,,,,,,,,,,,,,,,,,,
343,natural language processing,Reinforcement Learning,10,2025-06-18T13:59:12.959464,,,,,,,,,,,,,25.0,1.8832250833511353,cybersecurity,unknown,True,"Episode_25: 中間抽象度, 集約的 (dims: [106, 62, 379, 367, 71])",,,,,,,,,,,,,,,,,,,,,,,,,,,,,,,,,,,,,,,,,,
343,natural language processing,Reinforcement Learning,10,2025-06-18T13:59:12.959464,,,,,,,,,,,,,,,,,,,35.0,1.8832250833511353,cybersecurity,unknown,True,"Episode_35: 中間抽象度, 集約的 (dims: [106, 62, 379, 367, 71])",,,,,,,,,,,,,,,,,,,,,,,,,,,,,,,,,,,,
343,natural language processing,Reinforcement Learning,10,2025-06-18T13:59:12.959464,,,,,,,,,,,,,,,,,,,,,,,,,45.0,1.8832250833511353,cybersecurity,unknown,True,"Episode_45: 中間抽象度, 集約的 (dims: [106, 62, 379, 367, 71])",,,,,,,,,,,,,,,,,,,,,,,,,,,,,,
343,natural language processing,Reinforcement Learning,10,2025-06-18T13:59:12.959464,,,,,,,,,,,,,,,,,,,,,,,,,,,,,,,55.0,1.8832250833511353,cybersecurity,unknown,True,"Episode_55: 中間抽象度, 集約的 (dims: [106, 62, 379, 367, 71])",,,,,,,,,,,,,,,,,,,,,,,,
343,natural language processing,Reinforcement Learning,10,2025-06-18T13:59:12.959464,,,,,,,,,,,,,,,,,,,,,,,,,,,,,,,,,,,,,65.0,1.8832250833511353,cybersecurity,unknown,True,"Episode_65: 中間抽象度, 集約的 (dims: [106, 62, 379, 367, 71])",,,,,,,,,,,,,,,,,,
343,natural language processing,Reinforcement Learning,10,2025-06-18T13:59:12.959464,,,,,,,,,,,,,,,,,,,,,,,,,,,,,,,,,,,,,,,,,,,75.0,1.8832250833511353,cybersecurity,unknown,True,"Episode_75: 中間抽象度, 集約的 (dims: [106, 62, 379, 367, 71])",,,,,,,,,,,,
343,natural language processing,Reinforcement Learning,10,2025-06-18T13:59:12.959464,,,,,,,,,,,,,,,,,,,,,,,,,,,,,,,,,,,,,,,,,,,,,,,,,85.0,1.8832250833511353,cybersecurity,unknown,True,"Episode_85: 中間抽象度, 集約的 (dims: [106, 62, 379, 367, 71])",,,,,,
343,natural language processing,Reinforcement Learning,10,2025-06-18T13:59:12.959464,,,,,,,,,,,,,,,,,,,,,,,,,,,,,,,,,,,,,,,,,,,,,,,,,,,,,,,95.0,1.8832250833511353,cybersecurity,unknown,True,"Episode_95: 中間抽象度, 集約的 (dims: [106, 62, 379, 367, 71])"
344,computer vision,Graph Neural Networks,10,2025-06-18T13:59:13.004716,0.0,1.894721269607544,medical diagnosis,unknown,True,"Episode_0: 中間抽象度, 集約的 (dims: [13, 282, 58, 91, 281])",,,,,,,,,,,,,,,,,,,,,,,,,,,,,,,,,,,,,,,,,,,,,,,,,,,,,,
344,computer vision,Graph Neural Networks,10,2025-06-18T13:59:13.004716,,,,,,,10.0,1.894721269607544,medical diagnosis,unknown,True,"Episode_10: 中間抽象度, 集約的 (dims: [13, 282, 58, 91, 281])",,,,,,,,,,,,,,,,,,,,,,,,,,,,,,,,,,,,,,,,,,,,,,,,
344,computer vision,Graph Neural Networks,10,2025-06-18T13:59:13.004716,,,,,,,,,,,,,20.0,1.894721269607544,medical diagnosis,unknown,True,"Episode_20: 中間抽象度, 集約的 (dims: [13, 282, 58, 91, 281])",,,,,,,,,,,,,,,,,,,,,,,,,,,,,,,,,,,,,,,,,,
344,computer vision,Graph Neural Networks,10,2025-06-18T13:59:13.004716,,,,,,,,,,,,,,,,,,,30.0,1.894721269607544,medical diagnosis,unknown,True,"Episode_30: 中間抽象度, 集約的 (dims: [13, 282, 58, 91, 281])",,,,,,,,,,,,,,,,,,,,,,,,,,,,,,,,,,,,
344,computer vision,Graph Neural Networks,10,2025-06-18T13:59:13.004716,,,,,,,,,,,,,,,,,,,,,,,,,40.0,1.894721269607544,medical diagnosis,unknown,True,"Episode_40: 中間抽象度, 集約的 (dims: [13, 282, 58, 91, 281])",,,,,,,,,,,,,,,,,,,,,,,,,,,,,,
344,computer vision,Graph Neural Networks,10,2025-06-18T13:59:13.004716,,,,,,,,,,,,,,,,,,,,,,,,,,,,,,,50.0,1.894721269607544,medical diagnosis,unknown,True,"Episode_50: 中間抽象度, 集約的 (dims: [13, 282, 58, 91, 281])",,,,,,,,,,,,,,,,,,,,,,,,
344,computer vision,Graph Neural Networks,10,2025-06-18T13:59:13.004716,,,,,,,,,,,,,,,,,,,,,,,,,,,,,,,,,,,,,60.0,1.894721269607544,medical diagnosis,unknown,True,"Episode_60: 中間抽象度, 集約的 (dims: [13, 282, 58, 91, 281])",,,,,,,,,,,,,,,,,,
344,computer vision,Graph Neural Networks,10,2025-06-18T13:59:13.004716,,,,,,,,,,,,,,,,,,,,,,,,,,,,,,,,,,,,,,,,,,,70.0,1.894721269607544,medical diagnosis,unknown,True,"Episode_70: 中間抽象度, 集約的 (dims: [13, 282, 58, 91, 281])",,,,,,,,,,,,
344,computer vision,Graph Neural Networks,10,2025-06-18T13:59:13.004716,,,,,,,,,,,,,,,,,,,,,,,,,,,,,,,,,,,,,,,,,,,,,,,,,80.0,1.894721269607544,medical diagnosis,unknown,True,"Episode_80: 中間抽象度, 集約的 (dims: [13, 282, 58, 91, 281])",,,,,,
344,computer vision,Graph Neural Networks,10,2025-06-18T13:59:13.004716,,,,,,,,,,,,,,,,,,,,,,,,,,,,,,,,,,,,,,,,,,,,,,,,,,,,,,,90.0,1.894721269607544,medical diagnosis,unknown,True,"Episode_90: 中間抽象度, 集約的 (dims: [13, 282, 58, 91, 281])"
345,robotics,Federated Learning,10,2025-06-18T13:59:13.049357,5.0,1.8728573322296143,cybersecurity,unknown,True,"Episode_5: 中間抽象度, 集約的 (dims: [106, 62, 379, 367, 71])",,,,,,,,,,,,,,,,,,,,,,,,,,,,,,,,,,,,,,,,,,,,,,,,,,,,,,
345,robotics,Federated Learning,10,2025-06-18T13:59:13.049357,,,,,,,15.0,1.8728573322296143,cybersecurity,unknown,True,"Episode_15: 中間抽象度, 集約的 (dims: [106, 62, 379, 367, 71])",,,,,,,,,,,,,,,,,,,,,,,,,,,,,,,,,,,,,,,,,,,,,,,,
345,robotics,Federated Learning,10,2025-06-18T13:59:13.049357,,,,,,,,,,,,,25.0,1.8728573322296143,cybersecurity,unknown,True,"Episode_25: 中間抽象度, 集約的 (dims: [106, 62, 379, 367, 71])",,,,,,,,,,,,,,,,,,,,,,,,,,,,,,,,,,,,,,,,,,
345,robotics,Federated Learning,10,2025-06-18T13:59:13.049357,,,,,,,,,,,,,,,,,,,35.0,1.8728573322296143,cybersecurity,unknown,True,"Episode_35: 中間抽象度, 集約的 (dims: [106, 62, 379, 367, 71])",,,,,,,,,,,,,,,,,,,,,,,,,,,,,,,,,,,,
345,robotics,Federated Learning,10,2025-06-18T13:59:13.049357,,,,,,,,,,,,,,,,,,,,,,,,,45.0,1.8728573322296143,cybersecurity,unknown,True,"Episode_45: 中間抽象度, 集約的 (dims: [106, 62, 379, 367, 71])",,,,,,,,,,,,,,,,,,,,,,,,,,,,,,
345,robotics,Federated Learning,10,2025-06-18T13:59:13.049357,,,,,,,,,,,,,,,,,,,,,,,,,,,,,,,55.0,1.8728573322296143,cybersecurity,unknown,True,"Episode_55: 中間抽象度, 集約的 (dims: [106, 62, 379, 367, 71])",,,,,,,,,,,,,,,,,,,,,,,,
345,robotics,Federated Learning,10,2025-06-18T13:59:13.049357,,,,,,,,,,,,,,,,,,,,,,,,,,,,,,,,,,,,,65.0,1.8728573322296143,cybersecurity,unknown,True,"Episode_65: 中間抽象度, 集約的 (dims: [106, 62, 379, 367, 71])",,,,,,,,,,,,,,,,,,
345,robotics,Federated Learning,10,2025-06-18T13:59:13.049357,,,,,,,,,,,,,,,,,,,,,,,,,,,,,,,,,,,,,,,,,,,75.0,1.8728573322296143,cybersecurity,unknown,True,"Episode_75: 中間抽象度, 集約的 (dims: [106, 62, 379, 367, 71])",,,,,,,,,,,,
345,robotics,Federated Learning,10,2025-06-18T13:59:13.049357,,,,,,,,,,,,,,,,,,,,,,,,,,,,,,,,,,,,,,,,,,,,,,,,,85.0,1.8728573322296143,cybersecurity,unknown,True,"Episode_85: 中間抽象度, 集約的 (dims: [106, 62, 379, 367, 71])",,,,,,
345,robotics,Federated Learning,10,2025-06-18T13:59:13.049357,,,,,,,,,,,,,,,,,,,,,,,,,,,,,,,,,,,,,,,,,,,,,,,,,,,,,,,95.0,1.8728573322296143,cybersecurity,unknown,True,"Episode_95: 中間抽象度, 集約的 (dims: [106, 62, 379, 367, 71])"
346,cybersecurity,Explainable AI,10,2025-06-18T13:59:13.094598,0.0,1.911033272743225,medical diagnosis,unknown,True,"Episode_0: 中間抽象度, 集約的 (dims: [13, 282, 58, 91, 281])",,,,,,,,,,,,,,,,,,,,,,,,,,,,,,,,,,,,,,,,,,,,,,,,,,,,,,
346,cybersecurity,Explainable AI,10,2025-06-18T13:59:13.094598,,,,,,,10.0,1.911033272743225,medical diagnosis,unknown,True,"Episode_10: 中間抽象度, 集約的 (dims: [13, 282, 58, 91, 281])",,,,,,,,,,,,,,,,,,,,,,,,,,,,,,,,,,,,,,,,,,,,,,,,
346,cybersecurity,Explainable AI,10,2025-06-18T13:59:13.094598,,,,,,,,,,,,,20.0,1.911033272743225,medical diagnosis,unknown,True,"Episode_20: 中間抽象度, 集約的 (dims: [13, 282, 58, 91, 281])",,,,,,,,,,,,,,,,,,,,,,,,,,,,,,,,,,,,,,,,,,
346,cybersecurity,Explainable AI,10,2025-06-18T13:59:13.094598,,,,,,,,,,,,,,,,,,,30.0,1.911033272743225,medical diagnosis,unknown,True,"Episode_30: 中間抽象度, 集約的 (dims: [13, 282, 58, 91, 281])",,,,,,,,,,,,,,,,,,,,,,,,,,,,,,,,,,,,
346,cybersecurity,Explainable AI,10,2025-06-18T13:59:13.094598,,,,,,,,,,,,,,,,,,,,,,,,,40.0,1.911033272743225,medical diagnosis,unknown,True,"Episode_40: 中間抽象度, 集約的 (dims: [13, 282, 58, 91, 281])",,,,,,,,,,,,,,,,,,,,,,,,,,,,,,
346,cybersecurity,Explainable AI,10,2025-06-18T13:59:13.094598,,,,,,,,,,,,,,,,,,,,,,,,,,,,,,,50.0,1.911033272743225,medical diagnosis,unknown,True,"Episode_50: 中間抽象度, 集約的 (dims: [13, 282, 58, 91, 281])",,,,,,,,,,,,,,,,,,,,,,,,
346,cybersecurity,Explainable AI,10,2025-06-18T13:59:13.094598,,,,,,,,,,,,,,,,,,,,,,,,,,,,,,,,,,,,,60.0,1.911033272743225,medical diagnosis,unknown,True,"Episode_60: 中間抽象度, 集約的 (dims: [13, 282, 58, 91, 281])",,,,,,,,,,,,,,,,,,
346,cybersecurity,Explainable AI,10,2025-06-18T13:59:13.094598,,,,,,,,,,,,,,,,,,,,,,,,,,,,,,,,,,,,,,,,,,,70.0,1.911033272743225,medical diagnosis,unknown,True,"Episode_70: 中間抽象度, 集約的 (dims: [13, 282, 58, 91, 281])",,,,,,,,,,,,
346,cybersecurity,Explainable AI,10,2025-06-18T13:59:13.094598,,,,,,,,,,,,,,,,,,,,,,,,,,,,,,,,,,,,,,,,,,,,,,,,,80.0,1.911033272743225,medical diagnosis,unknown,True,"Episode_80: 中間抽象度, 集約的 (dims: [13, 282, 58, 91, 281])",,,,,,
346,cybersecurity,Explainable AI,10,2025-06-18T13:59:13.094598,,,,,,,,,,,,,,,,,,,,,,,,,,,,,,,,,,,,,,,,,,,,,,,,,,,,,,,90.0,1.911033272743225,medical diagnosis,unknown,True,"Episode_90: 中間抽象度, 集約的 (dims: [13, 282, 58, 91, 281])"
347,climate modeling,Multimodal Learning,10,2025-06-18T13:59:13.141013,5.0,1.9013603925704956,cybersecurity,unknown,True,"Episode_5: 中間抽象度, 集約的 (dims: [106, 62, 379, 367, 71])",,,,,,,,,,,,,,,,,,,,,,,,,,,,,,,,,,,,,,,,,,,,,,,,,,,,,,
347,climate modeling,Multimodal Learning,10,2025-06-18T13:59:13.141013,,,,,,,15.0,1.9013603925704956,cybersecurity,unknown,True,"Episode_15: 中間抽象度, 集約的 (dims: [106, 62, 379, 367, 71])",,,,,,,,,,,,,,,,,,,,,,,,,,,,,,,,,,,,,,,,,,,,,,,,
347,climate modeling,Multimodal Learning,10,2025-06-18T13:59:13.141013,,,,,,,,,,,,,25.0,1.9013603925704956,cybersecurity,unknown,True,"Episode_25: 中間抽象度, 集約的 (dims: [106, 62, 379, 367, 71])",,,,,,,,,,,,,,,,,,,,,,,,,,,,,,,,,,,,,,,,,,
347,climate modeling,Multimodal Learning,10,2025-06-18T13:59:13.141013,,,,,,,,,,,,,,,,,,,35.0,1.9013603925704956,cybersecurity,unknown,True,"Episode_35: 中間抽象度, 集約的 (dims: [106, 62, 379, 367, 71])",,,,,,,,,,,,,,,,,,,,,,,,,,,,,,,,,,,,
347,climate modeling,Multimodal Learning,10,2025-06-18T13:59:13.141013,,,,,,,,,,,,,,,,,,,,,,,,,45.0,1.9013603925704956,cybersecurity,unknown,True,"Episode_45: 中間抽象度, 集約的 (dims: [106, 62, 379, 367, 71])",,,,,,,,,,,,,,,,,,,,,,,,,,,,,,
347,climate modeling,Multimodal Learning,10,2025-06-18T13:59:13.141013,,,,,,,,,,,,,,,,,,,,,,,,,,,,,,,55.0,1.9013603925704956,cybersecurity,unknown,True,"Episode_55: 中間抽象度, 集約的 (dims: [106, 62, 379, 367, 71])",,,,,,,,,,,,,,,,,,,,,,,,
347,climate modeling,Multimodal Learning,10,2025-06-18T13:59:13.141013,,,,,,,,,,,,,,,,,,,,,,,,,,,,,,,,,,,,,65.0,1.9013603925704956,cybersecurity,unknown,True,"Episode_65: 中間抽象度, 集約的 (dims: [106, 62, 379, 367, 71])",,,,,,,,,,,,,,,,,,
347,climate modeling,Multimodal Learning,10,2025-06-18T13:59:13.141013,,,,,,,,,,,,,,,,,,,,,,,,,,,,,,,,,,,,,,,,,,,75.0,1.9013603925704956,cybersecurity,unknown,True,"Episode_75: 中間抽象度, 集約的 (dims: [106, 62, 379, 367, 71])",,,,,,,,,,,,
347,climate modeling,Multimodal Learning,10,2025-06-18T13:59:13.141013,,,,,,,,,,,,,,,,,,,,,,,,,,,,,,,,,,,,,,,,,,,,,,,,,85.0,1.9013603925704956,cybersecurity,unknown,True,"Episode_85: 中間抽象度, 集約的 (dims: [106, 62, 379, 367, 71])",,,,,,
347,climate modeling,Multimodal Learning,10,2025-06-18T13:59:13.141013,,,,,,,,,,,,,,,,,,,,,,,,,,,,,,,,,,,,,,,,,,,,,,,,,,,,,,,95.0,1.9013603925704956,cybersecurity,unknown,True,"Episode_95: 中間抽象度, 集約的 (dims: [106, 62, 379, 367, 71])"
348,drug discovery,Few-shot Learning,10,2025-06-18T13:59:13.187562,0.0,1.9221811294555664,medical diagnosis,unknown,True,"Episode_0: 中間抽象度, 集約的 (dims: [13, 282, 58, 91, 281])",,,,,,,,,,,,,,,,,,,,,,,,,,,,,,,,,,,,,,,,,,,,,,,,,,,,,,
348,drug discovery,Few-shot Learning,10,2025-06-18T13:59:13.187562,,,,,,,10.0,1.9221811294555664,medical diagnosis,unknown,True,"Episode_10: 中間抽象度, 集約的 (dims: [13, 282, 58, 91, 281])",,,,,,,,,,,,,,,,,,,,,,,,,,,,,,,,,,,,,,,,,,,,,,,,
348,drug discovery,Few-shot Learning,10,2025-06-18T13:59:13.187562,,,,,,,,,,,,,20.0,1.9221811294555664,medical diagnosis,unknown,True,"Episode_20: 中間抽象度, 集約的 (dims: [13, 282, 58, 91, 281])",,,,,,,,,,,,,,,,,,,,,,,,,,,,,,,,,,,,,,,,,,
348,drug discovery,Few-shot Learning,10,2025-06-18T13:59:13.187562,,,,,,,,,,,,,,,,,,,30.0,1.9221811294555664,medical diagnosis,unknown,True,"Episode_30: 中間抽象度, 集約的 (dims: [13, 282, 58, 91, 281])",,,,,,,,,,,,,,,,,,,,,,,,,,,,,,,,,,,,
348,drug discovery,Few-shot Learning,10,2025-06-18T13:59:13.187562,,,,,,,,,,,,,,,,,,,,,,,,,40.0,1.9221811294555664,medical diagnosis,unknown,True,"Episode_40: 中間抽象度, 集約的 (dims: [13, 282, 58, 91, 281])",,,,,,,,,,,,,,,,,,,,,,,,,,,,,,
348,drug discovery,Few-shot Learning,10,2025-06-18T13:59:13.187562,,,,,,,,,,,,,,,,,,,,,,,,,,,,,,,50.0,1.9221811294555664,medical diagnosis,unknown,True,"Episode_50: 中間抽象度, 集約的 (dims: [13, 282, 58, 91, 281])",,,,,,,,,,,,,,,,,,,,,,,,
348,drug discovery,Few-shot Learning,10,2025-06-18T13:59:13.187562,,,,,,,,,,,,,,,,,,,,,,,,,,,,,,,,,,,,,60.0,1.9221811294555664,medical diagnosis,unknown,True,"Episode_60: 中間抽象度, 集約的 (dims: [13, 282, 58, 91, 281])",,,,,,,,,,,,,,,,,,
348,drug discovery,Few-shot Learning,10,2025-06-18T13:59:13.187562,,,,,,,,,,,,,,,,,,,,,,,,,,,,,,,,,,,,,,,,,,,70.0,1.9221811294555664,medical diagnosis,unknown,True,"Episode_70: 中間抽象度, 集約的 (dims: [13, 282, 58, 91, 281])",,,,,,,,,,,,
348,drug discovery,Few-shot Learning,10,2025-06-18T13:59:13.187562,,,,,,,,,,,,,,,,,,,,,,,,,,,,,,,,,,,,,,,,,,,,,,,,,80.0,1.9221811294555664,medical diagnosis,unknown,True,"Episode_80: 中間抽象度, 集約的 (dims: [13, 282, 58, 91, 281])",,,,,,
348,drug discovery,Few-shot Learning,10,2025-06-18T13:59:13.187562,,,,,,,,,,,,,,,,,,,,,,,,,,,,,,,,,,,,,,,,,,,,,,,,,,,,,,,90.0,1.9221811294555664,medical diagnosis,unknown,True,"Episode_90: 中間抽象度, 集約的 (dims: [13, 282, 58, 91, 281])"
349,financial prediction,Transfer Learning,10,2025-06-18T13:59:13.232153,0.0,1.9256962537765503,medical diagnosis,unknown,True,"Episode_0: 中間抽象度, 集約的 (dims: [13, 282, 58, 91, 281])",,,,,,,,,,,,,,,,,,,,,,,,,,,,,,,,,,,,,,,,,,,,,,,,,,,,,,
349,financial prediction,Transfer Learning,10,2025-06-18T13:59:13.232153,,,,,,,10.0,1.9256962537765503,medical diagnosis,unknown,True,"Episode_10: 中間抽象度, 集約的 (dims: [13, 282, 58, 91, 281])",,,,,,,,,,,,,,,,,,,,,,,,,,,,,,,,,,,,,,,,,,,,,,,,
349,financial prediction,Transfer Learning,10,2025-06-18T13:59:13.232153,,,,,,,,,,,,,20.0,1.9256962537765503,medical diagnosis,unknown,True,"Episode_20: 中間抽象度, 集約的 (dims: [13, 282, 58, 91, 281])",,,,,,,,,,,,,,,,,,,,,,,,,,,,,,,,,,,,,,,,,,
349,financial prediction,Transfer Learning,10,2025-06-18T13:59:13.232153,,,,,,,,,,,,,,,,,,,30.0,1.9256962537765503,medical diagnosis,unknown,True,"Episode_30: 中間抽象度, 集約的 (dims: [13, 282, 58, 91, 281])",,,,,,,,,,,,,,,,,,,,,,,,,,,,,,,,,,,,
349,financial prediction,Transfer Learning,10,2025-06-18T13:59:13.232153,,,,,,,,,,,,,,,,,,,,,,,,,40.0,1.9256962537765503,medical diagnosis,unknown,True,"Episode_40: 中間抽象度, 集約的 (dims: [13, 282, 58, 91, 281])",,,,,,,,,,,,,,,,,,,,,,,,,,,,,,
349,financial prediction,Transfer Learning,10,2025-06-18T13:59:13.232153,,,,,,,,,,,,,,,,,,,,,,,,,,,,,,,50.0,1.9256962537765503,medical diagnosis,unknown,True,"Episode_50: 中間抽象度, 集約的 (dims: [13, 282, 58, 91, 281])",,,,,,,,,,,,,,,,,,,,,,,,
349,financial prediction,Transfer Learning,10,2025-06-18T13:59:13.232153,,,,,,,,,,,,,,,,,,,,,,,,,,,,,,,,,,,,,60.0,1.9256962537765503,medical diagnosis,unknown,True,"Episode_60: 中間抽象度, 集約的 (dims: [13, 282, 58, 91, 281])",,,,,,,,,,,,,,,,,,
349,financial prediction,Transfer Learning,10,2025-06-18T13:59:13.232153,,,,,,,,,,,,,,,,,,,,,,,,,,,,,,,,,,,,,,,,,,,70.0,1.9256962537765503,medical diagnosis,unknown,True,"Episode_70: 中間抽象度, 集約的 (dims: [13, 282, 58, 91, 281])",,,,,,,,,,,,
349,financial prediction,Transfer Learning,10,2025-06-18T13:59:13.232153,,,,,,,,,,,,,,,,,,,,,,,,,,,,,,,,,,,,,,,,,,,,,,,,,80.0,1.9256962537765503,medical diagnosis,unknown,True,"Episode_80: 中間抽象度, 集約的 (dims: [13, 282, 58, 91, 281])",,,,,,
349,financial prediction,Transfer Learning,10,2025-06-18T13:59:13.232153,,,,,,,,,,,,,,,,,,,,,,,,,,,,,,,,,,,,,,,,,,,,,,,,,,,,,,,90.0,1.9256962537765503,medical diagnosis,unknown,True,"Episode_90: 中間抽象度, 集約的 (dims: [13, 282, 58, 91, 281])"
350,educational technology,Adversarial Machine Learning,10,2025-06-18T13:59:13.277466,0.0,1.928670048713684,medical diagnosis,unknown,True,"Episode_0: 中間抽象度, 集約的 (dims: [13, 282, 58, 91, 281])",,,,,,,,,,,,,,,,,,,,,,,,,,,,,,,,,,,,,,,,,,,,,,,,,,,,,,
350,educational technology,Adversarial Machine Learning,10,2025-06-18T13:59:13.277466,,,,,,,10.0,1.928670048713684,medical diagnosis,unknown,True,"Episode_10: 中間抽象度, 集約的 (dims: [13, 282, 58, 91, 281])",,,,,,,,,,,,,,,,,,,,,,,,,,,,,,,,,,,,,,,,,,,,,,,,
350,educational technology,Adversarial Machine Learning,10,2025-06-18T13:59:13.277466,,,,,,,,,,,,,20.0,1.928670048713684,medical diagnosis,unknown,True,"Episode_20: 中間抽象度, 集約的 (dims: [13, 282, 58, 91, 281])",,,,,,,,,,,,,,,,,,,,,,,,,,,,,,,,,,,,,,,,,,
350,educational technology,Adversarial Machine Learning,10,2025-06-18T13:59:13.277466,,,,,,,,,,,,,,,,,,,30.0,1.928670048713684,medical diagnosis,unknown,True,"Episode_30: 中間抽象度, 集約的 (dims: [13, 282, 58, 91, 281])",,,,,,,,,,,,,,,,,,,,,,,,,,,,,,,,,,,,
350,educational technology,Adversarial Machine Learning,10,2025-06-18T13:59:13.277466,,,,,,,,,,,,,,,,,,,,,,,,,40.0,1.928670048713684,medical diagnosis,unknown,True,"Episode_40: 中間抽象度, 集約的 (dims: [13, 282, 58, 91, 281])",,,,,,,,,,,,,,,,,,,,,,,,,,,,,,
350,educational technology,Adversarial Machine Learning,10,2025-06-18T13:59:13.277466,,,,,,,,,,,,,,,,,,,,,,,,,,,,,,,50.0,1.928670048713684,medical diagnosis,unknown,True,"Episode_50: 中間抽象度, 集約的 (dims: [13, 282, 58, 91, 281])",,,,,,,,,,,,,,,,,,,,,,,,
350,educational technology,Adversarial Machine Learning,10,2025-06-18T13:59:13.277466,,,,,,,,,,,,,,,,,,,,,,,,,,,,,,,,,,,,,60.0,1.928670048713684,medical diagnosis,unknown,True,"Episode_60: 中間抽象度, 集約的 (dims: [13, 282, 58, 91, 281])",,,,,,,,,,,,,,,,,,
350,educational technology,Adversarial Machine Learning,10,2025-06-18T13:59:13.277466,,,,,,,,,,,,,,,,,,,,,,,,,,,,,,,,,,,,,,,,,,,70.0,1.928670048713684,medical diagnosis,unknown,True,"Episode_70: 中間抽象度, 集約的 (dims: [13, 282, 58, 91, 281])",,,,,,,,,,,,
350,educational technology,Adversarial Machine Learning,10,2025-06-18T13:59:13.277466,,,,,,,,,,,,,,,,,,,,,,,,,,,,,,,,,,,,,,,,,,,,,,,,,80.0,1.928670048713684,medical diagnosis,unknown,True,"Episode_80: 中間抽象度, 集約的 (dims: [13, 282, 58, 91, 281])",,,,,,
350,educational technology,Adversarial Machine Learning,10,2025-06-18T13:59:13.277466,,,,,,,,,,,,,,,,,,,,,,,,,,,,,,,,,,,,,,,,,,,,,,,,,,,,,,,90.0,1.928670048713684,medical diagnosis,unknown,True,"Episode_90: 中間抽象度, 集約的 (dims: [13, 282, 58, 91, 281])"
351,medical diagnosis,Large Language Models,0,2025-06-18T13:59:13.323979,0.0,1.8874430656433105,medical diagnosis,unknown,False,"Episode_0: 中間抽象度, 集約的 (dims: [13, 282, 58, 91, 281])",,,,,,,,,,,,,,,,,,,,,,,,,,,,,,,,,,,,,,,,,,,,,,,,,,,,,,
351,medical diagnosis,Large Language Models,0,2025-06-18T13:59:13.323979,,,,,,,10.0,1.8874430656433105,medical diagnosis,unknown,False,"Episode_10: 中間抽象度, 集約的 (dims: [13, 282, 58, 91, 281])",,,,,,,,,,,,,,,,,,,,,,,,,,,,,,,,,,,,,,,,,,,,,,,,
351,medical diagnosis,Large Language Models,0,2025-06-18T13:59:13.323979,,,,,,,,,,,,,20.0,1.8874430656433105,medical diagnosis,unknown,False,"Episode_20: 中間抽象度, 集約的 (dims: [13, 282, 58, 91, 281])",,,,,,,,,,,,,,,,,,,,,,,,,,,,,,,,,,,,,,,,,,
351,medical diagnosis,Large Language Models,0,2025-06-18T13:59:13.323979,,,,,,,,,,,,,,,,,,,30.0,1.8874430656433105,medical diagnosis,unknown,False,"Episode_30: 中間抽象度, 集約的 (dims: [13, 282, 58, 91, 281])",,,,,,,,,,,,,,,,,,,,,,,,,,,,,,,,,,,,
351,medical diagnosis,Large Language Models,0,2025-06-18T13:59:13.323979,,,,,,,,,,,,,,,,,,,,,,,,,40.0,1.8874430656433105,medical diagnosis,unknown,False,"Episode_40: 中間抽象度, 集約的 (dims: [13, 282, 58, 91, 281])",,,,,,,,,,,,,,,,,,,,,,,,,,,,,,
351,medical diagnosis,Large Language Models,0,2025-06-18T13:59:13.323979,,,,,,,,,,,,,,,,,,,,,,,,,,,,,,,50.0,1.8874430656433105,medical diagnosis,unknown,False,"Episode_50: 中間抽象度, 集約的 (dims: [13, 282, 58, 91, 281])",,,,,,,,,,,,,,,,,,,,,,,,
351,medical diagnosis,Large Language Models,0,2025-06-18T13:59:13.323979,,,,,,,,,,,,,,,,,,,,,,,,,,,,,,,,,,,,,60.0,1.8874430656433105,medical diagnosis,unknown,False,"Episode_60: 中間抽象度, 集約的 (dims: [13, 282, 58, 91, 281])",,,,,,,,,,,,,,,,,,
351,medical diagnosis,Large Language Models,0,2025-06-18T13:59:13.323979,,,,,,,,,,,,,,,,,,,,,,,,,,,,,,,,,,,,,,,,,,,70.0,1.8874430656433105,medical diagnosis,unknown,False,"Episode_70: 中間抽象度, 集約的 (dims: [13, 282, 58, 91, 281])",,,,,,,,,,,,
351,medical diagnosis,Large Language Models,0,2025-06-18T13:59:13.323979,,,,,,,,,,,,,,,,,,,,,,,,,,,,,,,,,,,,,,,,,,,,,,,,,80.0,1.8874430656433105,medical diagnosis,unknown,False,"Episode_80: 中間抽象度, 集約的 (dims: [13, 282, 58, 91, 281])",,,,,,
351,medical diagnosis,Large Language Models,0,2025-06-18T13:59:13.323979,,,,,,,,,,,,,,,,,,,,,,,,,,,,,,,,,,,,,,,,,,,,,,,,,,,,,,,90.0,1.8874430656433105,medical diagnosis,unknown,False,"Episode_90: 中間抽象度, 集約的 (dims: [13, 282, 58, 91, 281])"
352,autonomous systems,Computer Vision,10,2025-06-18T13:59:13.368293,0.0,1.8768787384033203,medical diagnosis,unknown,True,"Episode_0: 中間抽象度, 集約的 (dims: [13, 282, 58, 91, 281])",,,,,,,,,,,,,,,,,,,,,,,,,,,,,,,,,,,,,,,,,,,,,,,,,,,,,,
352,autonomous systems,Computer Vision,10,2025-06-18T13:59:13.368293,,,,,,,10.0,1.8768787384033203,medical diagnosis,unknown,True,"Episode_10: 中間抽象度, 集約的 (dims: [13, 282, 58, 91, 281])",,,,,,,,,,,,,,,,,,,,,,,,,,,,,,,,,,,,,,,,,,,,,,,,
352,autonomous systems,Computer Vision,10,2025-06-18T13:59:13.368293,,,,,,,,,,,,,20.0,1.8768787384033203,medical diagnosis,unknown,True,"Episode_20: 中間抽象度, 集約的 (dims: [13, 282, 58, 91, 281])",,,,,,,,,,,,,,,,,,,,,,,,,,,,,,,,,,,,,,,,,,
352,autonomous systems,Computer Vision,10,2025-06-18T13:59:13.368293,,,,,,,,,,,,,,,,,,,30.0,1.8768787384033203,medical diagnosis,unknown,True,"Episode_30: 中間抽象度, 集約的 (dims: [13, 282, 58, 91, 281])",,,,,,,,,,,,,,,,,,,,,,,,,,,,,,,,,,,,
352,autonomous systems,Computer Vision,10,2025-06-18T13:59:13.368293,,,,,,,,,,,,,,,,,,,,,,,,,40.0,1.8768787384033203,medical diagnosis,unknown,True,"Episode_40: 中間抽象度, 集約的 (dims: [13, 282, 58, 91, 281])",,,,,,,,,,,,,,,,,,,,,,,,,,,,,,
352,autonomous systems,Computer Vision,10,2025-06-18T13:59:13.368293,,,,,,,,,,,,,,,,,,,,,,,,,,,,,,,50.0,1.8768787384033203,medical diagnosis,unknown,True,"Episode_50: 中間抽象度, 集約的 (dims: [13, 282, 58, 91, 281])",,,,,,,,,,,,,,,,,,,,,,,,
352,autonomous systems,Computer Vision,10,2025-06-18T13:59:13.368293,,,,,,,,,,,,,,,,,,,,,,,,,,,,,,,,,,,,,60.0,1.8768787384033203,medical diagnosis,unknown,True,"Episode_60: 中間抽象度, 集約的 (dims: [13, 282, 58, 91, 281])",,,,,,,,,,,,,,,,,,
352,autonomous systems,Computer Vision,10,2025-06-18T13:59:13.368293,,,,,,,,,,,,,,,,,,,,,,,,,,,,,,,,,,,,,,,,,,,70.0,1.8768787384033203,medical diagnosis,unknown,True,"Episode_70: 中間抽象度, 集約的 (dims: [13, 282, 58, 91, 281])",,,,,,,,,,,,
352,autonomous systems,Computer Vision,10,2025-06-18T13:59:13.368293,,,,,,,,,,,,,,,,,,,,,,,,,,,,,,,,,,,,,,,,,,,,,,,,,80.0,1.8768787384033203,medical diagnosis,unknown,True,"Episode_80: 中間抽象度, 集約的 (dims: [13, 282, 58, 91, 281])",,,,,,
352,autonomous systems,Computer Vision,10,2025-06-18T13:59:13.368293,,,,,,,,,,,,,,,,,,,,,,,,,,,,,,,,,,,,,,,,,,,,,,,,,,,,,,,90.0,1.8768787384033203,medical diagnosis,unknown,True,"Episode_90: 中間抽象度, 集約的 (dims: [13, 282, 58, 91, 281])"
353,natural language processing,Reinforcement Learning,10,2025-06-18T13:59:13.413535,5.0,1.8832250833511353,cybersecurity,unknown,True,"Episode_5: 中間抽象度, 集約的 (dims: [106, 62, 379, 367, 71])",,,,,,,,,,,,,,,,,,,,,,,,,,,,,,,,,,,,,,,,,,,,,,,,,,,,,,
353,natural language processing,Reinforcement Learning,10,2025-06-18T13:59:13.413535,,,,,,,15.0,1.8832250833511353,cybersecurity,unknown,True,"Episode_15: 中間抽象度, 集約的 (dims: [106, 62, 379, 367, 71])",,,,,,,,,,,,,,,,,,,,,,,,,,,,,,,,,,,,,,,,,,,,,,,,
353,natural language processing,Reinforcement Learning,10,2025-06-18T13:59:13.413535,,,,,,,,,,,,,25.0,1.8832250833511353,cybersecurity,unknown,True,"Episode_25: 中間抽象度, 集約的 (dims: [106, 62, 379, 367, 71])",,,,,,,,,,,,,,,,,,,,,,,,,,,,,,,,,,,,,,,,,,
353,natural language processing,Reinforcement Learning,10,2025-06-18T13:59:13.413535,,,,,,,,,,,,,,,,,,,35.0,1.8832250833511353,cybersecurity,unknown,True,"Episode_35: 中間抽象度, 集約的 (dims: [106, 62, 379, 367, 71])",,,,,,,,,,,,,,,,,,,,,,,,,,,,,,,,,,,,
353,natural language processing,Reinforcement Learning,10,2025-06-18T13:59:13.413535,,,,,,,,,,,,,,,,,,,,,,,,,45.0,1.8832250833511353,cybersecurity,unknown,True,"Episode_45: 中間抽象度, 集約的 (dims: [106, 62, 379, 367, 71])",,,,,,,,,,,,,,,,,,,,,,,,,,,,,,
353,natural language processing,Reinforcement Learning,10,2025-06-18T13:59:13.413535,,,,,,,,,,,,,,,,,,,,,,,,,,,,,,,55.0,1.8832250833511353,cybersecurity,unknown,True,"Episode_55: 中間抽象度, 集約的 (dims: [106, 62, 379, 367, 71])",,,,,,,,,,,,,,,,,,,,,,,,
353,natural language processing,Reinforcement Learning,10,2025-06-18T13:59:13.413535,,,,,,,,,,,,,,,,,,,,,,,,,,,,,,,,,,,,,65.0,1.8832250833511353,cybersecurity,unknown,True,"Episode_65: 中間抽象度, 集約的 (dims: [106, 62, 379, 367, 71])",,,,,,,,,,,,,,,,,,
353,natural language processing,Reinforcement Learning,10,2025-06-18T13:59:13.413535,,,,,,,,,,,,,,,,,,,,,,,,,,,,,,,,,,,,,,,,,,,75.0,1.8832250833511353,cybersecurity,unknown,True,"Episode_75: 中間抽象度, 集約的 (dims: [106, 62, 379, 367, 71])",,,,,,,,,,,,
353,natural language processing,Reinforcement Learning,10,2025-06-18T13:59:13.413535,,,,,,,,,,,,,,,,,,,,,,,,,,,,,,,,,,,,,,,,,,,,,,,,,85.0,1.8832250833511353,cybersecurity,unknown,True,"Episode_85: 中間抽象度, 集約的 (dims: [106, 62, 379, 367, 71])",,,,,,
353,natural language processing,Reinforcement Learning,10,2025-06-18T13:59:13.413535,,,,,,,,,,,,,,,,,,,,,,,,,,,,,,,,,,,,,,,,,,,,,,,,,,,,,,,95.0,1.8832250833511353,cybersecurity,unknown,True,"Episode_95: 中間抽象度, 集約的 (dims: [106, 62, 379, 367, 71])"
354,computer vision,Graph Neural Networks,10,2025-06-18T13:59:13.458546,0.0,1.894721269607544,medical diagnosis,unknown,True,"Episode_0: 中間抽象度, 集約的 (dims: [13, 282, 58, 91, 281])",,,,,,,,,,,,,,,,,,,,,,,,,,,,,,,,,,,,,,,,,,,,,,,,,,,,,,
354,computer vision,Graph Neural Networks,10,2025-06-18T13:59:13.458546,,,,,,,10.0,1.894721269607544,medical diagnosis,unknown,True,"Episode_10: 中間抽象度, 集約的 (dims: [13, 282, 58, 91, 281])",,,,,,,,,,,,,,,,,,,,,,,,,,,,,,,,,,,,,,,,,,,,,,,,
354,computer vision,Graph Neural Networks,10,2025-06-18T13:59:13.458546,,,,,,,,,,,,,20.0,1.894721269607544,medical diagnosis,unknown,True,"Episode_20: 中間抽象度, 集約的 (dims: [13, 282, 58, 91, 281])",,,,,,,,,,,,,,,,,,,,,,,,,,,,,,,,,,,,,,,,,,
354,computer vision,Graph Neural Networks,10,2025-06-18T13:59:13.458546,,,,,,,,,,,,,,,,,,,30.0,1.894721269607544,medical diagnosis,unknown,True,"Episode_30: 中間抽象度, 集約的 (dims: [13, 282, 58, 91, 281])",,,,,,,,,,,,,,,,,,,,,,,,,,,,,,,,,,,,
354,computer vision,Graph Neural Networks,10,2025-06-18T13:59:13.458546,,,,,,,,,,,,,,,,,,,,,,,,,40.0,1.894721269607544,medical diagnosis,unknown,True,"Episode_40: 中間抽象度, 集約的 (dims: [13, 282, 58, 91, 281])",,,,,,,,,,,,,,,,,,,,,,,,,,,,,,
354,computer vision,Graph Neural Networks,10,2025-06-18T13:59:13.458546,,,,,,,,,,,,,,,,,,,,,,,,,,,,,,,50.0,1.894721269607544,medical diagnosis,unknown,True,"Episode_50: 中間抽象度, 集約的 (dims: [13, 282, 58, 91, 281])",,,,,,,,,,,,,,,,,,,,,,,,
354,computer vision,Graph Neural Networks,10,2025-06-18T13:59:13.458546,,,,,,,,,,,,,,,,,,,,,,,,,,,,,,,,,,,,,60.0,1.894721269607544,medical diagnosis,unknown,True,"Episode_60: 中間抽象度, 集約的 (dims: [13, 282, 58, 91, 281])",,,,,,,,,,,,,,,,,,
354,computer vision,Graph Neural Networks,10,2025-06-18T13:59:13.458546,,,,,,,,,,,,,,,,,,,,,,,,,,,,,,,,,,,,,,,,,,,70.0,1.894721269607544,medical diagnosis,unknown,True,"Episode_70: 中間抽象度, 集約的 (dims: [13, 282, 58, 91, 281])",,,,,,,,,,,,
354,computer vision,Graph Neural Networks,10,2025-06-18T13:59:13.458546,,,,,,,,,,,,,,,,,,,,,,,,,,,,,,,,,,,,,,,,,,,,,,,,,80.0,1.894721269607544,medical diagnosis,unknown,True,"Episode_80: 中間抽象度, 集約的 (dims: [13, 282, 58, 91, 281])",,,,,,
354,computer vision,Graph Neural Networks,10,2025-06-18T13:59:13.458546,,,,,,,,,,,,,,,,,,,,,,,,,,,,,,,,,,,,,,,,,,,,,,,,,,,,,,,90.0,1.894721269607544,medical diagnosis,unknown,True,"Episode_90: 中間抽象度, 集約的 (dims: [13, 282, 58, 91, 281])"
355,robotics,Federated Learning,10,2025-06-18T13:59:13.504170,5.0,1.8728573322296143,cybersecurity,unknown,True,"Episode_5: 中間抽象度, 集約的 (dims: [106, 62, 379, 367, 71])",,,,,,,,,,,,,,,,,,,,,,,,,,,,,,,,,,,,,,,,,,,,,,,,,,,,,,
355,robotics,Federated Learning,10,2025-06-18T13:59:13.504170,,,,,,,15.0,1.8728573322296143,cybersecurity,unknown,True,"Episode_15: 中間抽象度, 集約的 (dims: [106, 62, 379, 367, 71])",,,,,,,,,,,,,,,,,,,,,,,,,,,,,,,,,,,,,,,,,,,,,,,,
355,robotics,Federated Learning,10,2025-06-18T13:59:13.504170,,,,,,,,,,,,,25.0,1.8728573322296143,cybersecurity,unknown,True,"Episode_25: 中間抽象度, 集約的 (dims: [106, 62, 379, 367, 71])",,,,,,,,,,,,,,,,,,,,,,,,,,,,,,,,,,,,,,,,,,
355,robotics,Federated Learning,10,2025-06-18T13:59:13.504170,,,,,,,,,,,,,,,,,,,35.0,1.8728573322296143,cybersecurity,unknown,True,"Episode_35: 中間抽象度, 集約的 (dims: [106, 62, 379, 367, 71])",,,,,,,,,,,,,,,,,,,,,,,,,,,,,,,,,,,,
355,robotics,Federated Learning,10,2025-06-18T13:59:13.504170,,,,,,,,,,,,,,,,,,,,,,,,,45.0,1.8728573322296143,cybersecurity,unknown,True,"Episode_45: 中間抽象度, 集約的 (dims: [106, 62, 379, 367, 71])",,,,,,,,,,,,,,,,,,,,,,,,,,,,,,
355,robotics,Federated Learning,10,2025-06-18T13:59:13.504170,,,,,,,,,,,,,,,,,,,,,,,,,,,,,,,55.0,1.8728573322296143,cybersecurity,unknown,True,"Episode_55: 中間抽象度, 集約的 (dims: [106, 62, 379, 367, 71])",,,,,,,,,,,,,,,,,,,,,,,,
355,robotics,Federated Learning,10,2025-06-18T13:59:13.504170,,,,,,,,,,,,,,,,,,,,,,,,,,,,,,,,,,,,,65.0,1.8728573322296143,cybersecurity,unknown,True,"Episode_65: 中間抽象度, 集約的 (dims: [106, 62, 379, 367, 71])",,,,,,,,,,,,,,,,,,
355,robotics,Federated Learning,10,2025-06-18T13:59:13.504170,,,,,,,,,,,,,,,,,,,,,,,,,,,,,,,,,,,,,,,,,,,75.0,1.8728573322296143,cybersecurity,unknown,True,"Episode_75: 中間抽象度, 集約的 (dims: [106, 62, 379, 367, 71])",,,,,,,,,,,,
355,robotics,Federated Learning,10,2025-06-18T13:59:13.504170,,,,,,,,,,,,,,,,,,,,,,,,,,,,,,,,,,,,,,,,,,,,,,,,,85.0,1.8728573322296143,cybersecurity,unknown,True,"Episode_85: 中間抽象度, 集約的 (dims: [106, 62, 379, 367, 71])",,,,,,
355,robotics,Federated Learning,10,2025-06-18T13:59:13.504170,,,,,,,,,,,,,,,,,,,,,,,,,,,,,,,,,,,,,,,,,,,,,,,,,,,,,,,95.0,1.8728573322296143,cybersecurity,unknown,True,"Episode_95: 中間抽象度, 集約的 (dims: [106, 62, 379, 367, 71])"
356,cybersecurity,Explainable AI,10,2025-06-18T13:59:13.549933,0.0,1.911033272743225,medical diagnosis,unknown,True,"Episode_0: 中間抽象度, 集約的 (dims: [13, 282, 58, 91, 281])",,,,,,,,,,,,,,,,,,,,,,,,,,,,,,,,,,,,,,,,,,,,,,,,,,,,,,
356,cybersecurity,Explainable AI,10,2025-06-18T13:59:13.549933,,,,,,,10.0,1.911033272743225,medical diagnosis,unknown,True,"Episode_10: 中間抽象度, 集約的 (dims: [13, 282, 58, 91, 281])",,,,,,,,,,,,,,,,,,,,,,,,,,,,,,,,,,,,,,,,,,,,,,,,
356,cybersecurity,Explainable AI,10,2025-06-18T13:59:13.549933,,,,,,,,,,,,,20.0,1.911033272743225,medical diagnosis,unknown,True,"Episode_20: 中間抽象度, 集約的 (dims: [13, 282, 58, 91, 281])",,,,,,,,,,,,,,,,,,,,,,,,,,,,,,,,,,,,,,,,,,
356,cybersecurity,Explainable AI,10,2025-06-18T13:59:13.549933,,,,,,,,,,,,,,,,,,,30.0,1.911033272743225,medical diagnosis,unknown,True,"Episode_30: 中間抽象度, 集約的 (dims: [13, 282, 58, 91, 281])",,,,,,,,,,,,,,,,,,,,,,,,,,,,,,,,,,,,
356,cybersecurity,Explainable AI,10,2025-06-18T13:59:13.549933,,,,,,,,,,,,,,,,,,,,,,,,,40.0,1.911033272743225,medical diagnosis,unknown,True,"Episode_40: 中間抽象度, 集約的 (dims: [13, 282, 58, 91, 281])",,,,,,,,,,,,,,,,,,,,,,,,,,,,,,
356,cybersecurity,Explainable AI,10,2025-06-18T13:59:13.549933,,,,,,,,,,,,,,,,,,,,,,,,,,,,,,,50.0,1.911033272743225,medical diagnosis,unknown,True,"Episode_50: 中間抽象度, 集約的 (dims: [13, 282, 58, 91, 281])",,,,,,,,,,,,,,,,,,,,,,,,
356,cybersecurity,Explainable AI,10,2025-06-18T13:59:13.549933,,,,,,,,,,,,,,,,,,,,,,,,,,,,,,,,,,,,,60.0,1.911033272743225,medical diagnosis,unknown,True,"Episode_60: 中間抽象度, 集約的 (dims: [13, 282, 58, 91, 281])",,,,,,,,,,,,,,,,,,
356,cybersecurity,Explainable AI,10,2025-06-18T13:59:13.549933,,,,,,,,,,,,,,,,,,,,,,,,,,,,,,,,,,,,,,,,,,,70.0,1.911033272743225,medical diagnosis,unknown,True,"Episode_70: 中間抽象度, 集約的 (dims: [13, 282, 58, 91, 281])",,,,,,,,,,,,
356,cybersecurity,Explainable AI,10,2025-06-18T13:59:13.549933,,,,,,,,,,,,,,,,,,,,,,,,,,,,,,,,,,,,,,,,,,,,,,,,,80.0,1.911033272743225,medical diagnosis,unknown,True,"Episode_80: 中間抽象度, 集約的 (dims: [13, 282, 58, 91, 281])",,,,,,
356,cybersecurity,Explainable AI,10,2025-06-18T13:59:13.549933,,,,,,,,,,,,,,,,,,,,,,,,,,,,,,,,,,,,,,,,,,,,,,,,,,,,,,,90.0,1.911033272743225,medical diagnosis,unknown,True,"Episode_90: 中間抽象度, 集約的 (dims: [13, 282, 58, 91, 281])"
357,climate modeling,Multimodal Learning,10,2025-06-18T13:59:13.595745,5.0,1.9013603925704956,cybersecurity,unknown,True,"Episode_5: 中間抽象度, 集約的 (dims: [106, 62, 379, 367, 71])",,,,,,,,,,,,,,,,,,,,,,,,,,,,,,,,,,,,,,,,,,,,,,,,,,,,,,
357,climate modeling,Multimodal Learning,10,2025-06-18T13:59:13.595745,,,,,,,15.0,1.9013603925704956,cybersecurity,unknown,True,"Episode_15: 中間抽象度, 集約的 (dims: [106, 62, 379, 367, 71])",,,,,,,,,,,,,,,,,,,,,,,,,,,,,,,,,,,,,,,,,,,,,,,,
357,climate modeling,Multimodal Learning,10,2025-06-18T13:59:13.595745,,,,,,,,,,,,,25.0,1.9013603925704956,cybersecurity,unknown,True,"Episode_25: 中間抽象度, 集約的 (dims: [106, 62, 379, 367, 71])",,,,,,,,,,,,,,,,,,,,,,,,,,,,,,,,,,,,,,,,,,
357,climate modeling,Multimodal Learning,10,2025-06-18T13:59:13.595745,,,,,,,,,,,,,,,,,,,35.0,1.9013603925704956,cybersecurity,unknown,True,"Episode_35: 中間抽象度, 集約的 (dims: [106, 62, 379, 367, 71])",,,,,,,,,,,,,,,,,,,,,,,,,,,,,,,,,,,,
357,climate modeling,Multimodal Learning,10,2025-06-18T13:59:13.595745,,,,,,,,,,,,,,,,,,,,,,,,,45.0,1.9013603925704956,cybersecurity,unknown,True,"Episode_45: 中間抽象度, 集約的 (dims: [106, 62, 379, 367, 71])",,,,,,,,,,,,,,,,,,,,,,,,,,,,,,
357,climate modeling,Multimodal Learning,10,2025-06-18T13:59:13.595745,,,,,,,,,,,,,,,,,,,,,,,,,,,,,,,55.0,1.9013603925704956,cybersecurity,unknown,True,"Episode_55: 中間抽象度, 集約的 (dims: [106, 62, 379, 367, 71])",,,,,,,,,,,,,,,,,,,,,,,,
357,climate modeling,Multimodal Learning,10,2025-06-18T13:59:13.595745,,,,,,,,,,,,,,,,,,,,,,,,,,,,,,,,,,,,,65.0,1.9013603925704956,cybersecurity,unknown,True,"Episode_65: 中間抽象度, 集約的 (dims: [106, 62, 379, 367, 71])",,,,,,,,,,,,,,,,,,
357,climate modeling,Multimodal Learning,10,2025-06-18T13:59:13.595745,,,,,,,,,,,,,,,,,,,,,,,,,,,,,,,,,,,,,,,,,,,75.0,1.9013603925704956,cybersecurity,unknown,True,"Episode_75: 中間抽象度, 集約的 (dims: [106, 62, 379, 367, 71])",,,,,,,,,,,,
357,climate modeling,Multimodal Learning,10,2025-06-18T13:59:13.595745,,,,,,,,,,,,,,,,,,,,,,,,,,,,,,,,,,,,,,,,,,,,,,,,,85.0,1.9013603925704956,cybersecurity,unknown,True,"Episode_85: 中間抽象度, 集約的 (dims: [106, 62, 379, 367, 71])",,,,,,
357,climate modeling,Multimodal Learning,10,2025-06-18T13:59:13.595745,,,,,,,,,,,,,,,,,,,,,,,,,,,,,,,,,,,,,,,,,,,,,,,,,,,,,,,95.0,1.9013603925704956,cybersecurity,unknown,True,"Episode_95: 中間抽象度, 集約的 (dims: [106, 62, 379, 367, 71])"
358,drug discovery,Few-shot Learning,10,2025-06-18T13:59:13.642502,0.0,1.9221811294555664,medical diagnosis,unknown,True,"Episode_0: 中間抽象度, 集約的 (dims: [13, 282, 58, 91, 281])",,,,,,,,,,,,,,,,,,,,,,,,,,,,,,,,,,,,,,,,,,,,,,,,,,,,,,
358,drug discovery,Few-shot Learning,10,2025-06-18T13:59:13.642502,,,,,,,10.0,1.9221811294555664,medical diagnosis,unknown,True,"Episode_10: 中間抽象度, 集約的 (dims: [13, 282, 58, 91, 281])",,,,,,,,,,,,,,,,,,,,,,,,,,,,,,,,,,,,,,,,,,,,,,,,
358,drug discovery,Few-shot Learning,10,2025-06-18T13:59:13.642502,,,,,,,,,,,,,20.0,1.9221811294555664,medical diagnosis,unknown,True,"Episode_20: 中間抽象度, 集約的 (dims: [13, 282, 58, 91, 281])",,,,,,,,,,,,,,,,,,,,,,,,,,,,,,,,,,,,,,,,,,
358,drug discovery,Few-shot Learning,10,2025-06-18T13:59:13.642502,,,,,,,,,,,,,,,,,,,30.0,1.9221811294555664,medical diagnosis,unknown,True,"Episode_30: 中間抽象度, 集約的 (dims: [13, 282, 58, 91, 281])",,,,,,,,,,,,,,,,,,,,,,,,,,,,,,,,,,,,
358,drug discovery,Few-shot Learning,10,2025-06-18T13:59:13.642502,,,,,,,,,,,,,,,,,,,,,,,,,40.0,1.9221811294555664,medical diagnosis,unknown,True,"Episode_40: 中間抽象度, 集約的 (dims: [13, 282, 58, 91, 281])",,,,,,,,,,,,,,,,,,,,,,,,,,,,,,
358,drug discovery,Few-shot Learning,10,2025-06-18T13:59:13.642502,,,,,,,,,,,,,,,,,,,,,,,,,,,,,,,50.0,1.9221811294555664,medical diagnosis,unknown,True,"Episode_50: 中間抽象度, 集約的 (dims: [13, 282, 58, 91, 281])",,,,,,,,,,,,,,,,,,,,,,,,
358,drug discovery,Few-shot Learning,10,2025-06-18T13:59:13.642502,,,,,,,,,,,,,,,,,,,,,,,,,,,,,,,,,,,,,60.0,1.9221811294555664,medical diagnosis,unknown,True,"Episode_60: 中間抽象度, 集約的 (dims: [13, 282, 58, 91, 281])",,,,,,,,,,,,,,,,,,
358,drug discovery,Few-shot Learning,10,2025-06-18T13:59:13.642502,,,,,,,,,,,,,,,,,,,,,,,,,,,,,,,,,,,,,,,,,,,70.0,1.9221811294555664,medical diagnosis,unknown,True,"Episode_70: 中間抽象度, 集約的 (dims: [13, 282, 58, 91, 281])",,,,,,,,,,,,
358,drug discovery,Few-shot Learning,10,2025-06-18T13:59:13.642502,,,,,,,,,,,,,,,,,,,,,,,,,,,,,,,,,,,,,,,,,,,,,,,,,80.0,1.9221811294555664,medical diagnosis,unknown,True,"Episode_80: 中間抽象度, 集約的 (dims: [13, 282, 58, 91, 281])",,,,,,
358,drug discovery,Few-shot Learning,10,2025-06-18T13:59:13.642502,,,,,,,,,,,,,,,,,,,,,,,,,,,,,,,,,,,,,,,,,,,,,,,,,,,,,,,90.0,1.9221811294555664,medical diagnosis,unknown,True,"Episode_90: 中間抽象度, 集約的 (dims: [13, 282, 58, 91, 281])"
359,financial prediction,Transfer Learning,10,2025-06-18T13:59:13.687854,0.0,1.9256962537765503,medical diagnosis,unknown,True,"Episode_0: 中間抽象度, 集約的 (dims: [13, 282, 58, 91, 281])",,,,,,,,,,,,,,,,,,,,,,,,,,,,,,,,,,,,,,,,,,,,,,,,,,,,,,
359,financial prediction,Transfer Learning,10,2025-06-18T13:59:13.687854,,,,,,,10.0,1.9256962537765503,medical diagnosis,unknown,True,"Episode_10: 中間抽象度, 集約的 (dims: [13, 282, 58, 91, 281])",,,,,,,,,,,,,,,,,,,,,,,,,,,,,,,,,,,,,,,,,,,,,,,,
359,financial prediction,Transfer Learning,10,2025-06-18T13:59:13.687854,,,,,,,,,,,,,20.0,1.9256962537765503,medical diagnosis,unknown,True,"Episode_20: 中間抽象度, 集約的 (dims: [13, 282, 58, 91, 281])",,,,,,,,,,,,,,,,,,,,,,,,,,,,,,,,,,,,,,,,,,
359,financial prediction,Transfer Learning,10,2025-06-18T13:59:13.687854,,,,,,,,,,,,,,,,,,,30.0,1.9256962537765503,medical diagnosis,unknown,True,"Episode_30: 中間抽象度, 集約的 (dims: [13, 282, 58, 91, 281])",,,,,,,,,,,,,,,,,,,,,,,,,,,,,,,,,,,,
359,financial prediction,Transfer Learning,10,2025-06-18T13:59:13.687854,,,,,,,,,,,,,,,,,,,,,,,,,40.0,1.9256962537765503,medical diagnosis,unknown,True,"Episode_40: 中間抽象度, 集約的 (dims: [13, 282, 58, 91, 281])",,,,,,,,,,,,,,,,,,,,,,,,,,,,,,
359,financial prediction,Transfer Learning,10,2025-06-18T13:59:13.687854,,,,,,,,,,,,,,,,,,,,,,,,,,,,,,,50.0,1.9256962537765503,medical diagnosis,unknown,True,"Episode_50: 中間抽象度, 集約的 (dims: [13, 282, 58, 91, 281])",,,,,,,,,,,,,,,,,,,,,,,,
359,financial prediction,Transfer Learning,10,2025-06-18T13:59:13.687854,,,,,,,,,,,,,,,,,,,,,,,,,,,,,,,,,,,,,60.0,1.9256962537765503,medical diagnosis,unknown,True,"Episode_60: 中間抽象度, 集約的 (dims: [13, 282, 58, 91, 281])",,,,,,,,,,,,,,,,,,
359,financial prediction,Transfer Learning,10,2025-06-18T13:59:13.687854,,,,,,,,,,,,,,,,,,,,,,,,,,,,,,,,,,,,,,,,,,,70.0,1.9256962537765503,medical diagnosis,unknown,True,"Episode_70: 中間抽象度, 集約的 (dims: [13, 282, 58, 91, 281])",,,,,,,,,,,,
359,financial prediction,Transfer Learning,10,2025-06-18T13:59:13.687854,,,,,,,,,,,,,,,,,,,,,,,,,,,,,,,,,,,,,,,,,,,,,,,,,80.0,1.9256962537765503,medical diagnosis,unknown,True,"Episode_80: 中間抽象度, 集約的 (dims: [13, 282, 58, 91, 281])",,,,,,
359,financial prediction,Transfer Learning,10,2025-06-18T13:59:13.687854,,,,,,,,,,,,,,,,,,,,,,,,,,,,,,,,,,,,,,,,,,,,,,,,,,,,,,,90.0,1.9256962537765503,medical diagnosis,unknown,True,"Episode_90: 中間抽象度, 集約的 (dims: [13, 282, 58, 91, 281])"
360,educational technology,Adversarial Machine Learning,10,2025-06-18T13:59:13.733768,0.0,1.928670048713684,medical diagnosis,unknown,True,"Episode_0: 中間抽象度, 集約的 (dims: [13, 282, 58, 91, 281])",,,,,,,,,,,,,,,,,,,,,,,,,,,,,,,,,,,,,,,,,,,,,,,,,,,,,,
360,educational technology,Adversarial Machine Learning,10,2025-06-18T13:59:13.733768,,,,,,,10.0,1.928670048713684,medical diagnosis,unknown,True,"Episode_10: 中間抽象度, 集約的 (dims: [13, 282, 58, 91, 281])",,,,,,,,,,,,,,,,,,,,,,,,,,,,,,,,,,,,,,,,,,,,,,,,
360,educational technology,Adversarial Machine Learning,10,2025-06-18T13:59:13.733768,,,,,,,,,,,,,20.0,1.928670048713684,medical diagnosis,unknown,True,"Episode_20: 中間抽象度, 集約的 (dims: [13, 282, 58, 91, 281])",,,,,,,,,,,,,,,,,,,,,,,,,,,,,,,,,,,,,,,,,,
360,educational technology,Adversarial Machine Learning,10,2025-06-18T13:59:13.733768,,,,,,,,,,,,,,,,,,,30.0,1.928670048713684,medical diagnosis,unknown,True,"Episode_30: 中間抽象度, 集約的 (dims: [13, 282, 58, 91, 281])",,,,,,,,,,,,,,,,,,,,,,,,,,,,,,,,,,,,
360,educational technology,Adversarial Machine Learning,10,2025-06-18T13:59:13.733768,,,,,,,,,,,,,,,,,,,,,,,,,40.0,1.928670048713684,medical diagnosis,unknown,True,"Episode_40: 中間抽象度, 集約的 (dims: [13, 282, 58, 91, 281])",,,,,,,,,,,,,,,,,,,,,,,,,,,,,,
360,educational technology,Adversarial Machine Learning,10,2025-06-18T13:59:13.733768,,,,,,,,,,,,,,,,,,,,,,,,,,,,,,,50.0,1.928670048713684,medical diagnosis,unknown,True,"Episode_50: 中間抽象度, 集約的 (dims: [13, 282, 58, 91, 281])",,,,,,,,,,,,,,,,,,,,,,,,
360,educational technology,Adversarial Machine Learning,10,2025-06-18T13:59:13.733768,,,,,,,,,,,,,,,,,,,,,,,,,,,,,,,,,,,,,60.0,1.928670048713684,medical diagnosis,unknown,True,"Episode_60: 中間抽象度, 集約的 (dims: [13, 282, 58, 91, 281])",,,,,,,,,,,,,,,,,,
360,educational technology,Adversarial Machine Learning,10,2025-06-18T13:59:13.733768,,,,,,,,,,,,,,,,,,,,,,,,,,,,,,,,,,,,,,,,,,,70.0,1.928670048713684,medical diagnosis,unknown,True,"Episode_70: 中間抽象度, 集約的 (dims: [13, 282, 58, 91, 281])",,,,,,,,,,,,
360,educational technology,Adversarial Machine Learning,10,2025-06-18T13:59:13.733768,,,,,,,,,,,,,,,,,,,,,,,,,,,,,,,,,,,,,,,,,,,,,,,,,80.0,1.928670048713684,medical diagnosis,unknown,True,"Episode_80: 中間抽象度, 集約的 (dims: [13, 282, 58, 91, 281])",,,,,,
360,educational technology,Adversarial Machine Learning,10,2025-06-18T13:59:13.733768,,,,,,,,,,,,,,,,,,,,,,,,,,,,,,,,,,,,,,,,,,,,,,,,,,,,,,,90.0,1.928670048713684,medical diagnosis,unknown,True,"Episode_90: 中間抽象度, 集約的 (dims: [13, 282, 58, 91, 281])"
361,medical diagnosis,Large Language Models,0,2025-06-18T13:59:13.780606,0.0,1.8874430656433105,medical diagnosis,unknown,False,"Episode_0: 中間抽象度, 集約的 (dims: [13, 282, 58, 91, 281])",,,,,,,,,,,,,,,,,,,,,,,,,,,,,,,,,,,,,,,,,,,,,,,,,,,,,,
361,medical diagnosis,Large Language Models,0,2025-06-18T13:59:13.780606,,,,,,,10.0,1.8874430656433105,medical diagnosis,unknown,False,"Episode_10: 中間抽象度, 集約的 (dims: [13, 282, 58, 91, 281])",,,,,,,,,,,,,,,,,,,,,,,,,,,,,,,,,,,,,,,,,,,,,,,,
361,medical diagnosis,Large Language Models,0,2025-06-18T13:59:13.780606,,,,,,,,,,,,,20.0,1.8874430656433105,medical diagnosis,unknown,False,"Episode_20: 中間抽象度, 集約的 (dims: [13, 282, 58, 91, 281])",,,,,,,,,,,,,,,,,,,,,,,,,,,,,,,,,,,,,,,,,,
361,medical diagnosis,Large Language Models,0,2025-06-18T13:59:13.780606,,,,,,,,,,,,,,,,,,,30.0,1.8874430656433105,medical diagnosis,unknown,False,"Episode_30: 中間抽象度, 集約的 (dims: [13, 282, 58, 91, 281])",,,,,,,,,,,,,,,,,,,,,,,,,,,,,,,,,,,,
361,medical diagnosis,Large Language Models,0,2025-06-18T13:59:13.780606,,,,,,,,,,,,,,,,,,,,,,,,,40.0,1.8874430656433105,medical diagnosis,unknown,False,"Episode_40: 中間抽象度, 集約的 (dims: [13, 282, 58, 91, 281])",,,,,,,,,,,,,,,,,,,,,,,,,,,,,,
361,medical diagnosis,Large Language Models,0,2025-06-18T13:59:13.780606,,,,,,,,,,,,,,,,,,,,,,,,,,,,,,,50.0,1.8874430656433105,medical diagnosis,unknown,False,"Episode_50: 中間抽象度, 集約的 (dims: [13, 282, 58, 91, 281])",,,,,,,,,,,,,,,,,,,,,,,,
361,medical diagnosis,Large Language Models,0,2025-06-18T13:59:13.780606,,,,,,,,,,,,,,,,,,,,,,,,,,,,,,,,,,,,,60.0,1.8874430656433105,medical diagnosis,unknown,False,"Episode_60: 中間抽象度, 集約的 (dims: [13, 282, 58, 91, 281])",,,,,,,,,,,,,,,,,,
361,medical diagnosis,Large Language Models,0,2025-06-18T13:59:13.780606,,,,,,,,,,,,,,,,,,,,,,,,,,,,,,,,,,,,,,,,,,,70.0,1.8874430656433105,medical diagnosis,unknown,False,"Episode_70: 中間抽象度, 集約的 (dims: [13, 282, 58, 91, 281])",,,,,,,,,,,,
361,medical diagnosis,Large Language Models,0,2025-06-18T13:59:13.780606,,,,,,,,,,,,,,,,,,,,,,,,,,,,,,,,,,,,,,,,,,,,,,,,,80.0,1.8874430656433105,medical diagnosis,unknown,False,"Episode_80: 中間抽象度, 集約的 (dims: [13, 282, 58, 91, 281])",,,,,,
361,medical diagnosis,Large Language Models,0,2025-06-18T13:59:13.780606,,,,,,,,,,,,,,,,,,,,,,,,,,,,,,,,,,,,,,,,,,,,,,,,,,,,,,,90.0,1.8874430656433105,medical diagnosis,unknown,False,"Episode_90: 中間抽象度, 集約的 (dims: [13, 282, 58, 91, 281])"
362,autonomous systems,Computer Vision,10,2025-06-18T13:59:13.825420,0.0,1.8768787384033203,medical diagnosis,unknown,True,"Episode_0: 中間抽象度, 集約的 (dims: [13, 282, 58, 91, 281])",,,,,,,,,,,,,,,,,,,,,,,,,,,,,,,,,,,,,,,,,,,,,,,,,,,,,,
362,autonomous systems,Computer Vision,10,2025-06-18T13:59:13.825420,,,,,,,10.0,1.8768787384033203,medical diagnosis,unknown,True,"Episode_10: 中間抽象度, 集約的 (dims: [13, 282, 58, 91, 281])",,,,,,,,,,,,,,,,,,,,,,,,,,,,,,,,,,,,,,,,,,,,,,,,
362,autonomous systems,Computer Vision,10,2025-06-18T13:59:13.825420,,,,,,,,,,,,,20.0,1.8768787384033203,medical diagnosis,unknown,True,"Episode_20: 中間抽象度, 集約的 (dims: [13, 282, 58, 91, 281])",,,,,,,,,,,,,,,,,,,,,,,,,,,,,,,,,,,,,,,,,,
362,autonomous systems,Computer Vision,10,2025-06-18T13:59:13.825420,,,,,,,,,,,,,,,,,,,30.0,1.8768787384033203,medical diagnosis,unknown,True,"Episode_30: 中間抽象度, 集約的 (dims: [13, 282, 58, 91, 281])",,,,,,,,,,,,,,,,,,,,,,,,,,,,,,,,,,,,
362,autonomous systems,Computer Vision,10,2025-06-18T13:59:13.825420,,,,,,,,,,,,,,,,,,,,,,,,,40.0,1.8768787384033203,medical diagnosis,unknown,True,"Episode_40: 中間抽象度, 集約的 (dims: [13, 282, 58, 91, 281])",,,,,,,,,,,,,,,,,,,,,,,,,,,,,,
362,autonomous systems,Computer Vision,10,2025-06-18T13:59:13.825420,,,,,,,,,,,,,,,,,,,,,,,,,,,,,,,50.0,1.8768787384033203,medical diagnosis,unknown,True,"Episode_50: 中間抽象度, 集約的 (dims: [13, 282, 58, 91, 281])",,,,,,,,,,,,,,,,,,,,,,,,
362,autonomous systems,Computer Vision,10,2025-06-18T13:59:13.825420,,,,,,,,,,,,,,,,,,,,,,,,,,,,,,,,,,,,,60.0,1.8768787384033203,medical diagnosis,unknown,True,"Episode_60: 中間抽象度, 集約的 (dims: [13, 282, 58, 91, 281])",,,,,,,,,,,,,,,,,,
362,autonomous systems,Computer Vision,10,2025-06-18T13:59:13.825420,,,,,,,,,,,,,,,,,,,,,,,,,,,,,,,,,,,,,,,,,,,70.0,1.8768787384033203,medical diagnosis,unknown,True,"Episode_70: 中間抽象度, 集約的 (dims: [13, 282, 58, 91, 281])",,,,,,,,,,,,
362,autonomous systems,Computer Vision,10,2025-06-18T13:59:13.825420,,,,,,,,,,,,,,,,,,,,,,,,,,,,,,,,,,,,,,,,,,,,,,,,,80.0,1.8768787384033203,medical diagnosis,unknown,True,"Episode_80: 中間抽象度, 集約的 (dims: [13, 282, 58, 91, 281])",,,,,,
362,autonomous systems,Computer Vision,10,2025-06-18T13:59:13.825420,,,,,,,,,,,,,,,,,,,,,,,,,,,,,,,,,,,,,,,,,,,,,,,,,,,,,,,90.0,1.8768787384033203,medical diagnosis,unknown,True,"Episode_90: 中間抽象度, 集約的 (dims: [13, 282, 58, 91, 281])"
363,natural language processing,Reinforcement Learning,10,2025-06-18T13:59:13.870639,5.0,1.8832250833511353,cybersecurity,unknown,True,"Episode_5: 中間抽象度, 集約的 (dims: [106, 62, 379, 367, 71])",,,,,,,,,,,,,,,,,,,,,,,,,,,,,,,,,,,,,,,,,,,,,,,,,,,,,,
363,natural language processing,Reinforcement Learning,10,2025-06-18T13:59:13.870639,,,,,,,15.0,1.8832250833511353,cybersecurity,unknown,True,"Episode_15: 中間抽象度, 集約的 (dims: [106, 62, 379, 367, 71])",,,,,,,,,,,,,,,,,,,,,,,,,,,,,,,,,,,,,,,,,,,,,,,,
363,natural language processing,Reinforcement Learning,10,2025-06-18T13:59:13.870639,,,,,,,,,,,,,25.0,1.8832250833511353,cybersecurity,unknown,True,"Episode_25: 中間抽象度, 集約的 (dims: [106, 62, 379, 367, 71])",,,,,,,,,,,,,,,,,,,,,,,,,,,,,,,,,,,,,,,,,,
363,natural language processing,Reinforcement Learning,10,2025-06-18T13:59:13.870639,,,,,,,,,,,,,,,,,,,35.0,1.8832250833511353,cybersecurity,unknown,True,"Episode_35: 中間抽象度, 集約的 (dims: [106, 62, 379, 367, 71])",,,,,,,,,,,,,,,,,,,,,,,,,,,,,,,,,,,,
363,natural language processing,Reinforcement Learning,10,2025-06-18T13:59:13.870639,,,,,,,,,,,,,,,,,,,,,,,,,45.0,1.8832250833511353,cybersecurity,unknown,True,"Episode_45: 中間抽象度, 集約的 (dims: [106, 62, 379, 367, 71])",,,,,,,,,,,,,,,,,,,,,,,,,,,,,,
363,natural language processing,Reinforcement Learning,10,2025-06-18T13:59:13.870639,,,,,,,,,,,,,,,,,,,,,,,,,,,,,,,55.0,1.8832250833511353,cybersecurity,unknown,True,"Episode_55: 中間抽象度, 集約的 (dims: [106, 62, 379, 367, 71])",,,,,,,,,,,,,,,,,,,,,,,,
363,natural language processing,Reinforcement Learning,10,2025-06-18T13:59:13.870639,,,,,,,,,,,,,,,,,,,,,,,,,,,,,,,,,,,,,65.0,1.8832250833511353,cybersecurity,unknown,True,"Episode_65: 中間抽象度, 集約的 (dims: [106, 62, 379, 367, 71])",,,,,,,,,,,,,,,,,,
363,natural language processing,Reinforcement Learning,10,2025-06-18T13:59:13.870639,,,,,,,,,,,,,,,,,,,,,,,,,,,,,,,,,,,,,,,,,,,75.0,1.8832250833511353,cybersecurity,unknown,True,"Episode_75: 中間抽象度, 集約的 (dims: [106, 62, 379, 367, 71])",,,,,,,,,,,,
363,natural language processing,Reinforcement Learning,10,2025-06-18T13:59:13.870639,,,,,,,,,,,,,,,,,,,,,,,,,,,,,,,,,,,,,,,,,,,,,,,,,85.0,1.8832250833511353,cybersecurity,unknown,True,"Episode_85: 中間抽象度, 集約的 (dims: [106, 62, 379, 367, 71])",,,,,,
363,natural language processing,Reinforcement Learning,10,2025-06-18T13:59:13.870639,,,,,,,,,,,,,,,,,,,,,,,,,,,,,,,,,,,,,,,,,,,,,,,,,,,,,,,95.0,1.8832250833511353,cybersecurity,unknown,True,"Episode_95: 中間抽象度, 集約的 (dims: [106, 62, 379, 367, 71])"
364,computer vision,Graph Neural Networks,10,2025-06-18T13:59:13.915221,0.0,1.894721269607544,medical diagnosis,unknown,True,"Episode_0: 中間抽象度, 集約的 (dims: [13, 282, 58, 91, 281])",,,,,,,,,,,,,,,,,,,,,,,,,,,,,,,,,,,,,,,,,,,,,,,,,,,,,,
364,computer vision,Graph Neural Networks,10,2025-06-18T13:59:13.915221,,,,,,,10.0,1.894721269607544,medical diagnosis,unknown,True,"Episode_10: 中間抽象度, 集約的 (dims: [13, 282, 58, 91, 281])",,,,,,,,,,,,,,,,,,,,,,,,,,,,,,,,,,,,,,,,,,,,,,,,
364,computer vision,Graph Neural Networks,10,2025-06-18T13:59:13.915221,,,,,,,,,,,,,20.0,1.894721269607544,medical diagnosis,unknown,True,"Episode_20: 中間抽象度, 集約的 (dims: [13, 282, 58, 91, 281])",,,,,,,,,,,,,,,,,,,,,,,,,,,,,,,,,,,,,,,,,,
364,computer vision,Graph Neural Networks,10,2025-06-18T13:59:13.915221,,,,,,,,,,,,,,,,,,,30.0,1.894721269607544,medical diagnosis,unknown,True,"Episode_30: 中間抽象度, 集約的 (dims: [13, 282, 58, 91, 281])",,,,,,,,,,,,,,,,,,,,,,,,,,,,,,,,,,,,
364,computer vision,Graph Neural Networks,10,2025-06-18T13:59:13.915221,,,,,,,,,,,,,,,,,,,,,,,,,40.0,1.894721269607544,medical diagnosis,unknown,True,"Episode_40: 中間抽象度, 集約的 (dims: [13, 282, 58, 91, 281])",,,,,,,,,,,,,,,,,,,,,,,,,,,,,,
364,computer vision,Graph Neural Networks,10,2025-06-18T13:59:13.915221,,,,,,,,,,,,,,,,,,,,,,,,,,,,,,,50.0,1.894721269607544,medical diagnosis,unknown,True,"Episode_50: 中間抽象度, 集約的 (dims: [13, 282, 58, 91, 281])",,,,,,,,,,,,,,,,,,,,,,,,
364,computer vision,Graph Neural Networks,10,2025-06-18T13:59:13.915221,,,,,,,,,,,,,,,,,,,,,,,,,,,,,,,,,,,,,60.0,1.894721269607544,medical diagnosis,unknown,True,"Episode_60: 中間抽象度, 集約的 (dims: [13, 282, 58, 91, 281])",,,,,,,,,,,,,,,,,,
364,computer vision,Graph Neural Networks,10,2025-06-18T13:59:13.915221,,,,,,,,,,,,,,,,,,,,,,,,,,,,,,,,,,,,,,,,,,,70.0,1.894721269607544,medical diagnosis,unknown,True,"Episode_70: 中間抽象度, 集約的 (dims: [13, 282, 58, 91, 281])",,,,,,,,,,,,
364,computer vision,Graph Neural Networks,10,2025-06-18T13:59:13.915221,,,,,,,,,,,,,,,,,,,,,,,,,,,,,,,,,,,,,,,,,,,,,,,,,80.0,1.894721269607544,medical diagnosis,unknown,True,"Episode_80: 中間抽象度, 集約的 (dims: [13, 282, 58, 91, 281])",,,,,,
364,computer vision,Graph Neural Networks,10,2025-06-18T13:59:13.915221,,,,,,,,,,,,,,,,,,,,,,,,,,,,,,,,,,,,,,,,,,,,,,,,,,,,,,,90.0,1.894721269607544,medical diagnosis,unknown,True,"Episode_90: 中間抽象度, 集約的 (dims: [13, 282, 58, 91, 281])"
365,robotics,Federated Learning,10,2025-06-18T13:59:13.960052,5.0,1.8728573322296143,cybersecurity,unknown,True,"Episode_5: 中間抽象度, 集約的 (dims: [106, 62, 379, 367, 71])",,,,,,,,,,,,,,,,,,,,,,,,,,,,,,,,,,,,,,,,,,,,,,,,,,,,,,
365,robotics,Federated Learning,10,2025-06-18T13:59:13.960052,,,,,,,15.0,1.8728573322296143,cybersecurity,unknown,True,"Episode_15: 中間抽象度, 集約的 (dims: [106, 62, 379, 367, 71])",,,,,,,,,,,,,,,,,,,,,,,,,,,,,,,,,,,,,,,,,,,,,,,,
365,robotics,Federated Learning,10,2025-06-18T13:59:13.960052,,,,,,,,,,,,,25.0,1.8728573322296143,cybersecurity,unknown,True,"Episode_25: 中間抽象度, 集約的 (dims: [106, 62, 379, 367, 71])",,,,,,,,,,,,,,,,,,,,,,,,,,,,,,,,,,,,,,,,,,
365,robotics,Federated Learning,10,2025-06-18T13:59:13.960052,,,,,,,,,,,,,,,,,,,35.0,1.8728573322296143,cybersecurity,unknown,True,"Episode_35: 中間抽象度, 集約的 (dims: [106, 62, 379, 367, 71])",,,,,,,,,,,,,,,,,,,,,,,,,,,,,,,,,,,,
365,robotics,Federated Learning,10,2025-06-18T13:59:13.960052,,,,,,,,,,,,,,,,,,,,,,,,,45.0,1.8728573322296143,cybersecurity,unknown,True,"Episode_45: 中間抽象度, 集約的 (dims: [106, 62, 379, 367, 71])",,,,,,,,,,,,,,,,,,,,,,,,,,,,,,
365,robotics,Federated Learning,10,2025-06-18T13:59:13.960052,,,,,,,,,,,,,,,,,,,,,,,,,,,,,,,55.0,1.8728573322296143,cybersecurity,unknown,True,"Episode_55: 中間抽象度, 集約的 (dims: [106, 62, 379, 367, 71])",,,,,,,,,,,,,,,,,,,,,,,,
365,robotics,Federated Learning,10,2025-06-18T13:59:13.960052,,,,,,,,,,,,,,,,,,,,,,,,,,,,,,,,,,,,,65.0,1.8728573322296143,cybersecurity,unknown,True,"Episode_65: 中間抽象度, 集約的 (dims: [106, 62, 379, 367, 71])",,,,,,,,,,,,,,,,,,
365,robotics,Federated Learning,10,2025-06-18T13:59:13.960052,,,,,,,,,,,,,,,,,,,,,,,,,,,,,,,,,,,,,,,,,,,75.0,1.8728573322296143,cybersecurity,unknown,True,"Episode_75: 中間抽象度, 集約的 (dims: [106, 62, 379, 367, 71])",,,,,,,,,,,,
365,robotics,Federated Learning,10,2025-06-18T13:59:13.960052,,,,,,,,,,,,,,,,,,,,,,,,,,,,,,,,,,,,,,,,,,,,,,,,,85.0,1.8728573322296143,cybersecurity,unknown,True,"Episode_85: 中間抽象度, 集約的 (dims: [106, 62, 379, 367, 71])",,,,,,
365,robotics,Federated Learning,10,2025-06-18T13:59:13.960052,,,,,,,,,,,,,,,,,,,,,,,,,,,,,,,,,,,,,,,,,,,,,,,,,,,,,,,95.0,1.8728573322296143,cybersecurity,unknown,True,"Episode_95: 中間抽象度, 集約的 (dims: [106, 62, 379, 367, 71])"
366,cybersecurity,Explainable AI,10,2025-06-18T13:59:14.006385,0.0,1.911033272743225,medical diagnosis,unknown,True,"Episode_0: 中間抽象度, 集約的 (dims: [13, 282, 58, 91, 281])",,,,,,,,,,,,,,,,,,,,,,,,,,,,,,,,,,,,,,,,,,,,,,,,,,,,,,
366,cybersecurity,Explainable AI,10,2025-06-18T13:59:14.006385,,,,,,,10.0,1.911033272743225,medical diagnosis,unknown,True,"Episode_10: 中間抽象度, 集約的 (dims: [13, 282, 58, 91, 281])",,,,,,,,,,,,,,,,,,,,,,,,,,,,,,,,,,,,,,,,,,,,,,,,
366,cybersecurity,Explainable AI,10,2025-06-18T13:59:14.006385,,,,,,,,,,,,,20.0,1.911033272743225,medical diagnosis,unknown,True,"Episode_20: 中間抽象度, 集約的 (dims: [13, 282, 58, 91, 281])",,,,,,,,,,,,,,,,,,,,,,,,,,,,,,,,,,,,,,,,,,
366,cybersecurity,Explainable AI,10,2025-06-18T13:59:14.006385,,,,,,,,,,,,,,,,,,,30.0,1.911033272743225,medical diagnosis,unknown,True,"Episode_30: 中間抽象度, 集約的 (dims: [13, 282, 58, 91, 281])",,,,,,,,,,,,,,,,,,,,,,,,,,,,,,,,,,,,
366,cybersecurity,Explainable AI,10,2025-06-18T13:59:14.006385,,,,,,,,,,,,,,,,,,,,,,,,,40.0,1.911033272743225,medical diagnosis,unknown,True,"Episode_40: 中間抽象度, 集約的 (dims: [13, 282, 58, 91, 281])",,,,,,,,,,,,,,,,,,,,,,,,,,,,,,
366,cybersecurity,Explainable AI,10,2025-06-18T13:59:14.006385,,,,,,,,,,,,,,,,,,,,,,,,,,,,,,,50.0,1.911033272743225,medical diagnosis,unknown,True,"Episode_50: 中間抽象度, 集約的 (dims: [13, 282, 58, 91, 281])",,,,,,,,,,,,,,,,,,,,,,,,
366,cybersecurity,Explainable AI,10,2025-06-18T13:59:14.006385,,,,,,,,,,,,,,,,,,,,,,,,,,,,,,,,,,,,,60.0,1.911033272743225,medical diagnosis,unknown,True,"Episode_60: 中間抽象度, 集約的 (dims: [13, 282, 58, 91, 281])",,,,,,,,,,,,,,,,,,
366,cybersecurity,Explainable AI,10,2025-06-18T13:59:14.006385,,,,,,,,,,,,,,,,,,,,,,,,,,,,,,,,,,,,,,,,,,,70.0,1.911033272743225,medical diagnosis,unknown,True,"Episode_70: 中間抽象度, 集約的 (dims: [13, 282, 58, 91, 281])",,,,,,,,,,,,
366,cybersecurity,Explainable AI,10,2025-06-18T13:59:14.006385,,,,,,,,,,,,,,,,,,,,,,,,,,,,,,,,,,,,,,,,,,,,,,,,,80.0,1.911033272743225,medical diagnosis,unknown,True,"Episode_80: 中間抽象度, 集約的 (dims: [13, 282, 58, 91, 281])",,,,,,
366,cybersecurity,Explainable AI,10,2025-06-18T13:59:14.006385,,,,,,,,,,,,,,,,,,,,,,,,,,,,,,,,,,,,,,,,,,,,,,,,,,,,,,,90.0,1.911033272743225,medical diagnosis,unknown,True,"Episode_90: 中間抽象度, 集約的 (dims: [13, 282, 58, 91, 281])"
367,climate modeling,Multimodal Learning,10,2025-06-18T13:59:14.052317,5.0,1.9013603925704956,cybersecurity,unknown,True,"Episode_5: 中間抽象度, 集約的 (dims: [106, 62, 379, 367, 71])",,,,,,,,,,,,,,,,,,,,,,,,,,,,,,,,,,,,,,,,,,,,,,,,,,,,,,
367,climate modeling,Multimodal Learning,10,2025-06-18T13:59:14.052317,,,,,,,15.0,1.9013603925704956,cybersecurity,unknown,True,"Episode_15: 中間抽象度, 集約的 (dims: [106, 62, 379, 367, 71])",,,,,,,,,,,,,,,,,,,,,,,,,,,,,,,,,,,,,,,,,,,,,,,,
367,climate modeling,Multimodal Learning,10,2025-06-18T13:59:14.052317,,,,,,,,,,,,,25.0,1.9013603925704956,cybersecurity,unknown,True,"Episode_25: 中間抽象度, 集約的 (dims: [106, 62, 379, 367, 71])",,,,,,,,,,,,,,,,,,,,,,,,,,,,,,,,,,,,,,,,,,
367,climate modeling,Multimodal Learning,10,2025-06-18T13:59:14.052317,,,,,,,,,,,,,,,,,,,35.0,1.9013603925704956,cybersecurity,unknown,True,"Episode_35: 中間抽象度, 集約的 (dims: [106, 62, 379, 367, 71])",,,,,,,,,,,,,,,,,,,,,,,,,,,,,,,,,,,,
367,climate modeling,Multimodal Learning,10,2025-06-18T13:59:14.052317,,,,,,,,,,,,,,,,,,,,,,,,,45.0,1.9013603925704956,cybersecurity,unknown,True,"Episode_45: 中間抽象度, 集約的 (dims: [106, 62, 379, 367, 71])",,,,,,,,,,,,,,,,,,,,,,,,,,,,,,
367,climate modeling,Multimodal Learning,10,2025-06-18T13:59:14.052317,,,,,,,,,,,,,,,,,,,,,,,,,,,,,,,55.0,1.9013603925704956,cybersecurity,unknown,True,"Episode_55: 中間抽象度, 集約的 (dims: [106, 62, 379, 367, 71])",,,,,,,,,,,,,,,,,,,,,,,,
367,climate modeling,Multimodal Learning,10,2025-06-18T13:59:14.052317,,,,,,,,,,,,,,,,,,,,,,,,,,,,,,,,,,,,,65.0,1.9013603925704956,cybersecurity,unknown,True,"Episode_65: 中間抽象度, 集約的 (dims: [106, 62, 379, 367, 71])",,,,,,,,,,,,,,,,,,
367,climate modeling,Multimodal Learning,10,2025-06-18T13:59:14.052317,,,,,,,,,,,,,,,,,,,,,,,,,,,,,,,,,,,,,,,,,,,75.0,1.9013603925704956,cybersecurity,unknown,True,"Episode_75: 中間抽象度, 集約的 (dims: [106, 62, 379, 367, 71])",,,,,,,,,,,,
367,climate modeling,Multimodal Learning,10,2025-06-18T13:59:14.052317,,,,,,,,,,,,,,,,,,,,,,,,,,,,,,,,,,,,,,,,,,,,,,,,,85.0,1.9013603925704956,cybersecurity,unknown,True,"Episode_85: 中間抽象度, 集約的 (dims: [106, 62, 379, 367, 71])",,,,,,
367,climate modeling,Multimodal Learning,10,2025-06-18T13:59:14.052317,,,,,,,,,,,,,,,,,,,,,,,,,,,,,,,,,,,,,,,,,,,,,,,,,,,,,,,95.0,1.9013603925704956,cybersecurity,unknown,True,"Episode_95: 中間抽象度, 集約的 (dims: [106, 62, 379, 367, 71])"
368,drug discovery,Few-shot Learning,10,2025-06-18T13:59:14.098641,0.0,1.9221811294555664,medical diagnosis,unknown,True,"Episode_0: 中間抽象度, 集約的 (dims: [13, 282, 58, 91, 281])",,,,,,,,,,,,,,,,,,,,,,,,,,,,,,,,,,,,,,,,,,,,,,,,,,,,,,
368,drug discovery,Few-shot Learning,10,2025-06-18T13:59:14.098641,,,,,,,10.0,1.9221811294555664,medical diagnosis,unknown,True,"Episode_10: 中間抽象度, 集約的 (dims: [13, 282, 58, 91, 281])",,,,,,,,,,,,,,,,,,,,,,,,,,,,,,,,,,,,,,,,,,,,,,,,
368,drug discovery,Few-shot Learning,10,2025-06-18T13:59:14.098641,,,,,,,,,,,,,20.0,1.9221811294555664,medical diagnosis,unknown,True,"Episode_20: 中間抽象度, 集約的 (dims: [13, 282, 58, 91, 281])",,,,,,,,,,,,,,,,,,,,,,,,,,,,,,,,,,,,,,,,,,
368,drug discovery,Few-shot Learning,10,2025-06-18T13:59:14.098641,,,,,,,,,,,,,,,,,,,30.0,1.9221811294555664,medical diagnosis,unknown,True,"Episode_30: 中間抽象度, 集約的 (dims: [13, 282, 58, 91, 281])",,,,,,,,,,,,,,,,,,,,,,,,,,,,,,,,,,,,
368,drug discovery,Few-shot Learning,10,2025-06-18T13:59:14.098641,,,,,,,,,,,,,,,,,,,,,,,,,40.0,1.9221811294555664,medical diagnosis,unknown,True,"Episode_40: 中間抽象度, 集約的 (dims: [13, 282, 58, 91, 281])",,,,,,,,,,,,,,,,,,,,,,,,,,,,,,
368,drug discovery,Few-shot Learning,10,2025-06-18T13:59:14.098641,,,,,,,,,,,,,,,,,,,,,,,,,,,,,,,50.0,1.9221811294555664,medical diagnosis,unknown,True,"Episode_50: 中間抽象度, 集約的 (dims: [13, 282, 58, 91, 281])",,,,,,,,,,,,,,,,,,,,,,,,
368,drug discovery,Few-shot Learning,10,2025-06-18T13:59:14.098641,,,,,,,,,,,,,,,,,,,,,,,,,,,,,,,,,,,,,60.0,1.9221811294555664,medical diagnosis,unknown,True,"Episode_60: 中間抽象度, 集約的 (dims: [13, 282, 58, 91, 281])",,,,,,,,,,,,,,,,,,
368,drug discovery,Few-shot Learning,10,2025-06-18T13:59:14.098641,,,,,,,,,,,,,,,,,,,,,,,,,,,,,,,,,,,,,,,,,,,70.0,1.9221811294555664,medical diagnosis,unknown,True,"Episode_70: 中間抽象度, 集約的 (dims: [13, 282, 58, 91, 281])",,,,,,,,,,,,
368,drug discovery,Few-shot Learning,10,2025-06-18T13:59:14.098641,,,,,,,,,,,,,,,,,,,,,,,,,,,,,,,,,,,,,,,,,,,,,,,,,80.0,1.9221811294555664,medical diagnosis,unknown,True,"Episode_80: 中間抽象度, 集約的 (dims: [13, 282, 58, 91, 281])",,,,,,
368,drug discovery,Few-shot Learning,10,2025-06-18T13:59:14.098641,,,,,,,,,,,,,,,,,,,,,,,,,,,,,,,,,,,,,,,,,,,,,,,,,,,,,,,90.0,1.9221811294555664,medical diagnosis,unknown,True,"Episode_90: 中間抽象度, 集約的 (dims: [13, 282, 58, 91, 281])"
369,financial prediction,Transfer Learning,10,2025-06-18T13:59:14.143748,0.0,1.9256962537765503,medical diagnosis,unknown,True,"Episode_0: 中間抽象度, 集約的 (dims: [13, 282, 58, 91, 281])",,,,,,,,,,,,,,,,,,,,,,,,,,,,,,,,,,,,,,,,,,,,,,,,,,,,,,
369,financial prediction,Transfer Learning,10,2025-06-18T13:59:14.143748,,,,,,,10.0,1.9256962537765503,medical diagnosis,unknown,True,"Episode_10: 中間抽象度, 集約的 (dims: [13, 282, 58, 91, 281])",,,,,,,,,,,,,,,,,,,,,,,,,,,,,,,,,,,,,,,,,,,,,,,,
369,financial prediction,Transfer Learning,10,2025-06-18T13:59:14.143748,,,,,,,,,,,,,20.0,1.9256962537765503,medical diagnosis,unknown,True,"Episode_20: 中間抽象度, 集約的 (dims: [13, 282, 58, 91, 281])",,,,,,,,,,,,,,,,,,,,,,,,,,,,,,,,,,,,,,,,,,
369,financial prediction,Transfer Learning,10,2025-06-18T13:59:14.143748,,,,,,,,,,,,,,,,,,,30.0,1.9256962537765503,medical diagnosis,unknown,True,"Episode_30: 中間抽象度, 集約的 (dims: [13, 282, 58, 91, 281])",,,,,,,,,,,,,,,,,,,,,,,,,,,,,,,,,,,,
369,financial prediction,Transfer Learning,10,2025-06-18T13:59:14.143748,,,,,,,,,,,,,,,,,,,,,,,,,40.0,1.9256962537765503,medical diagnosis,unknown,True,"Episode_40: 中間抽象度, 集約的 (dims: [13, 282, 58, 91, 281])",,,,,,,,,,,,,,,,,,,,,,,,,,,,,,
369,financial prediction,Transfer Learning,10,2025-06-18T13:59:14.143748,,,,,,,,,,,,,,,,,,,,,,,,,,,,,,,50.0,1.9256962537765503,medical diagnosis,unknown,True,"Episode_50: 中間抽象度, 集約的 (dims: [13, 282, 58, 91, 281])",,,,,,,,,,,,,,,,,,,,,,,,
369,financial prediction,Transfer Learning,10,2025-06-18T13:59:14.143748,,,,,,,,,,,,,,,,,,,,,,,,,,,,,,,,,,,,,60.0,1.9256962537765503,medical diagnosis,unknown,True,"Episode_60: 中間抽象度, 集約的 (dims: [13, 282, 58, 91, 281])",,,,,,,,,,,,,,,,,,
369,financial prediction,Transfer Learning,10,2025-06-18T13:59:14.143748,,,,,,,,,,,,,,,,,,,,,,,,,,,,,,,,,,,,,,,,,,,70.0,1.9256962537765503,medical diagnosis,unknown,True,"Episode_70: 中間抽象度, 集約的 (dims: [13, 282, 58, 91, 281])",,,,,,,,,,,,
369,financial prediction,Transfer Learning,10,2025-06-18T13:59:14.143748,,,,,,,,,,,,,,,,,,,,,,,,,,,,,,,,,,,,,,,,,,,,,,,,,80.0,1.9256962537765503,medical diagnosis,unknown,True,"Episode_80: 中間抽象度, 集約的 (dims: [13, 282, 58, 91, 281])",,,,,,
369,financial prediction,Transfer Learning,10,2025-06-18T13:59:14.143748,,,,,,,,,,,,,,,,,,,,,,,,,,,,,,,,,,,,,,,,,,,,,,,,,,,,,,,90.0,1.9256962537765503,medical diagnosis,unknown,True,"Episode_90: 中間抽象度, 集約的 (dims: [13, 282, 58, 91, 281])"
370,educational technology,Adversarial Machine Learning,10,2025-06-18T13:59:14.190984,0.0,1.928670048713684,medical diagnosis,unknown,True,"Episode_0: 中間抽象度, 集約的 (dims: [13, 282, 58, 91, 281])",,,,,,,,,,,,,,,,,,,,,,,,,,,,,,,,,,,,,,,,,,,,,,,,,,,,,,
370,educational technology,Adversarial Machine Learning,10,2025-06-18T13:59:14.190984,,,,,,,10.0,1.928670048713684,medical diagnosis,unknown,True,"Episode_10: 中間抽象度, 集約的 (dims: [13, 282, 58, 91, 281])",,,,,,,,,,,,,,,,,,,,,,,,,,,,,,,,,,,,,,,,,,,,,,,,
370,educational technology,Adversarial Machine Learning,10,2025-06-18T13:59:14.190984,,,,,,,,,,,,,20.0,1.928670048713684,medical diagnosis,unknown,True,"Episode_20: 中間抽象度, 集約的 (dims: [13, 282, 58, 91, 281])",,,,,,,,,,,,,,,,,,,,,,,,,,,,,,,,,,,,,,,,,,
370,educational technology,Adversarial Machine Learning,10,2025-06-18T13:59:14.190984,,,,,,,,,,,,,,,,,,,30.0,1.928670048713684,medical diagnosis,unknown,True,"Episode_30: 中間抽象度, 集約的 (dims: [13, 282, 58, 91, 281])",,,,,,,,,,,,,,,,,,,,,,,,,,,,,,,,,,,,
370,educational technology,Adversarial Machine Learning,10,2025-06-18T13:59:14.190984,,,,,,,,,,,,,,,,,,,,,,,,,40.0,1.928670048713684,medical diagnosis,unknown,True,"Episode_40: 中間抽象度, 集約的 (dims: [13, 282, 58, 91, 281])",,,,,,,,,,,,,,,,,,,,,,,,,,,,,,
370,educational technology,Adversarial Machine Learning,10,2025-06-18T13:59:14.190984,,,,,,,,,,,,,,,,,,,,,,,,,,,,,,,50.0,1.928670048713684,medical diagnosis,unknown,True,"Episode_50: 中間抽象度, 集約的 (dims: [13, 282, 58, 91, 281])",,,,,,,,,,,,,,,,,,,,,,,,
370,educational technology,Adversarial Machine Learning,10,2025-06-18T13:59:14.190984,,,,,,,,,,,,,,,,,,,,,,,,,,,,,,,,,,,,,60.0,1.928670048713684,medical diagnosis,unknown,True,"Episode_60: 中間抽象度, 集約的 (dims: [13, 282, 58, 91, 281])",,,,,,,,,,,,,,,,,,
370,educational technology,Adversarial Machine Learning,10,2025-06-18T13:59:14.190984,,,,,,,,,,,,,,,,,,,,,,,,,,,,,,,,,,,,,,,,,,,70.0,1.928670048713684,medical diagnosis,unknown,True,"Episode_70: 中間抽象度, 集約的 (dims: [13, 282, 58, 91, 281])",,,,,,,,,,,,
370,educational technology,Adversarial Machine Learning,10,2025-06-18T13:59:14.190984,,,,,,,,,,,,,,,,,,,,,,,,,,,,,,,,,,,,,,,,,,,,,,,,,80.0,1.928670048713684,medical diagnosis,unknown,True,"Episode_80: 中間抽象度, 集約的 (dims: [13, 282, 58, 91, 281])",,,,,,
370,educational technology,Adversarial Machine Learning,10,2025-06-18T13:59:14.190984,,,,,,,,,,,,,,,,,,,,,,,,,,,,,,,,,,,,,,,,,,,,,,,,,,,,,,,90.0,1.928670048713684,medical diagnosis,unknown,True,"Episode_90: 中間抽象度, 集約的 (dims: [13, 282, 58, 91, 281])"
371,medical diagnosis,Large Language Models,0,2025-06-18T13:59:14.236673,0.0,1.8874430656433105,medical diagnosis,unknown,False,"Episode_0: 中間抽象度, 集約的 (dims: [13, 282, 58, 91, 281])",,,,,,,,,,,,,,,,,,,,,,,,,,,,,,,,,,,,,,,,,,,,,,,,,,,,,,
371,medical diagnosis,Large Language Models,0,2025-06-18T13:59:14.236673,,,,,,,10.0,1.8874430656433105,medical diagnosis,unknown,False,"Episode_10: 中間抽象度, 集約的 (dims: [13, 282, 58, 91, 281])",,,,,,,,,,,,,,,,,,,,,,,,,,,,,,,,,,,,,,,,,,,,,,,,
371,medical diagnosis,Large Language Models,0,2025-06-18T13:59:14.236673,,,,,,,,,,,,,20.0,1.8874430656433105,medical diagnosis,unknown,False,"Episode_20: 中間抽象度, 集約的 (dims: [13, 282, 58, 91, 281])",,,,,,,,,,,,,,,,,,,,,,,,,,,,,,,,,,,,,,,,,,
371,medical diagnosis,Large Language Models,0,2025-06-18T13:59:14.236673,,,,,,,,,,,,,,,,,,,30.0,1.8874430656433105,medical diagnosis,unknown,False,"Episode_30: 中間抽象度, 集約的 (dims: [13, 282, 58, 91, 281])",,,,,,,,,,,,,,,,,,,,,,,,,,,,,,,,,,,,
371,medical diagnosis,Large Language Models,0,2025-06-18T13:59:14.236673,,,,,,,,,,,,,,,,,,,,,,,,,40.0,1.8874430656433105,medical diagnosis,unknown,False,"Episode_40: 中間抽象度, 集約的 (dims: [13, 282, 58, 91, 281])",,,,,,,,,,,,,,,,,,,,,,,,,,,,,,
371,medical diagnosis,Large Language Models,0,2025-06-18T13:59:14.236673,,,,,,,,,,,,,,,,,,,,,,,,,,,,,,,50.0,1.8874430656433105,medical diagnosis,unknown,False,"Episode_50: 中間抽象度, 集約的 (dims: [13, 282, 58, 91, 281])",,,,,,,,,,,,,,,,,,,,,,,,
371,medical diagnosis,Large Language Models,0,2025-06-18T13:59:14.236673,,,,,,,,,,,,,,,,,,,,,,,,,,,,,,,,,,,,,60.0,1.8874430656433105,medical diagnosis,unknown,False,"Episode_60: 中間抽象度, 集約的 (dims: [13, 282, 58, 91, 281])",,,,,,,,,,,,,,,,,,
371,medical diagnosis,Large Language Models,0,2025-06-18T13:59:14.236673,,,,,,,,,,,,,,,,,,,,,,,,,,,,,,,,,,,,,,,,,,,70.0,1.8874430656433105,medical diagnosis,unknown,False,"Episode_70: 中間抽象度, 集約的 (dims: [13, 282, 58, 91, 281])",,,,,,,,,,,,
371,medical diagnosis,Large Language Models,0,2025-06-18T13:59:14.236673,,,,,,,,,,,,,,,,,,,,,,,,,,,,,,,,,,,,,,,,,,,,,,,,,80.0,1.8874430656433105,medical diagnosis,unknown,False,"Episode_80: 中間抽象度, 集約的 (dims: [13, 282, 58, 91, 281])",,,,,,
371,medical diagnosis,Large Language Models,0,2025-06-18T13:59:14.236673,,,,,,,,,,,,,,,,,,,,,,,,,,,,,,,,,,,,,,,,,,,,,,,,,,,,,,,90.0,1.8874430656433105,medical diagnosis,unknown,False,"Episode_90: 中間抽象度, 集約的 (dims: [13, 282, 58, 91, 281])"
372,autonomous systems,Computer Vision,10,2025-06-18T13:59:14.280130,0.0,1.8768787384033203,medical diagnosis,unknown,True,"Episode_0: 中間抽象度, 集約的 (dims: [13, 282, 58, 91, 281])",,,,,,,,,,,,,,,,,,,,,,,,,,,,,,,,,,,,,,,,,,,,,,,,,,,,,,
372,autonomous systems,Computer Vision,10,2025-06-18T13:59:14.280130,,,,,,,10.0,1.8768787384033203,medical diagnosis,unknown,True,"Episode_10: 中間抽象度, 集約的 (dims: [13, 282, 58, 91, 281])",,,,,,,,,,,,,,,,,,,,,,,,,,,,,,,,,,,,,,,,,,,,,,,,
372,autonomous systems,Computer Vision,10,2025-06-18T13:59:14.280130,,,,,,,,,,,,,20.0,1.8768787384033203,medical diagnosis,unknown,True,"Episode_20: 中間抽象度, 集約的 (dims: [13, 282, 58, 91, 281])",,,,,,,,,,,,,,,,,,,,,,,,,,,,,,,,,,,,,,,,,,
372,autonomous systems,Computer Vision,10,2025-06-18T13:59:14.280130,,,,,,,,,,,,,,,,,,,30.0,1.8768787384033203,medical diagnosis,unknown,True,"Episode_30: 中間抽象度, 集約的 (dims: [13, 282, 58, 91, 281])",,,,,,,,,,,,,,,,,,,,,,,,,,,,,,,,,,,,
372,autonomous systems,Computer Vision,10,2025-06-18T13:59:14.280130,,,,,,,,,,,,,,,,,,,,,,,,,40.0,1.8768787384033203,medical diagnosis,unknown,True,"Episode_40: 中間抽象度, 集約的 (dims: [13, 282, 58, 91, 281])",,,,,,,,,,,,,,,,,,,,,,,,,,,,,,
372,autonomous systems,Computer Vision,10,2025-06-18T13:59:14.280130,,,,,,,,,,,,,,,,,,,,,,,,,,,,,,,50.0,1.8768787384033203,medical diagnosis,unknown,True,"Episode_50: 中間抽象度, 集約的 (dims: [13, 282, 58, 91, 281])",,,,,,,,,,,,,,,,,,,,,,,,
372,autonomous systems,Computer Vision,10,2025-06-18T13:59:14.280130,,,,,,,,,,,,,,,,,,,,,,,,,,,,,,,,,,,,,60.0,1.8768787384033203,medical diagnosis,unknown,True,"Episode_60: 中間抽象度, 集約的 (dims: [13, 282, 58, 91, 281])",,,,,,,,,,,,,,,,,,
372,autonomous systems,Computer Vision,10,2025-06-18T13:59:14.280130,,,,,,,,,,,,,,,,,,,,,,,,,,,,,,,,,,,,,,,,,,,70.0,1.8768787384033203,medical diagnosis,unknown,True,"Episode_70: 中間抽象度, 集約的 (dims: [13, 282, 58, 91, 281])",,,,,,,,,,,,
372,autonomous systems,Computer Vision,10,2025-06-18T13:59:14.280130,,,,,,,,,,,,,,,,,,,,,,,,,,,,,,,,,,,,,,,,,,,,,,,,,80.0,1.8768787384033203,medical diagnosis,unknown,True,"Episode_80: 中間抽象度, 集約的 (dims: [13, 282, 58, 91, 281])",,,,,,
372,autonomous systems,Computer Vision,10,2025-06-18T13:59:14.280130,,,,,,,,,,,,,,,,,,,,,,,,,,,,,,,,,,,,,,,,,,,,,,,,,,,,,,,90.0,1.8768787384033203,medical diagnosis,unknown,True,"Episode_90: 中間抽象度, 集約的 (dims: [13, 282, 58, 91, 281])"
373,natural language processing,Reinforcement Learning,10,2025-06-18T13:59:14.324710,5.0,1.8832250833511353,cybersecurity,unknown,True,"Episode_5: 中間抽象度, 集約的 (dims: [106, 62, 379, 367, 71])",,,,,,,,,,,,,,,,,,,,,,,,,,,,,,,,,,,,,,,,,,,,,,,,,,,,,,
373,natural language processing,Reinforcement Learning,10,2025-06-18T13:59:14.324710,,,,,,,15.0,1.8832250833511353,cybersecurity,unknown,True,"Episode_15: 中間抽象度, 集約的 (dims: [106, 62, 379, 367, 71])",,,,,,,,,,,,,,,,,,,,,,,,,,,,,,,,,,,,,,,,,,,,,,,,
373,natural language processing,Reinforcement Learning,10,2025-06-18T13:59:14.324710,,,,,,,,,,,,,25.0,1.8832250833511353,cybersecurity,unknown,True,"Episode_25: 中間抽象度, 集約的 (dims: [106, 62, 379, 367, 71])",,,,,,,,,,,,,,,,,,,,,,,,,,,,,,,,,,,,,,,,,,
373,natural language processing,Reinforcement Learning,10,2025-06-18T13:59:14.324710,,,,,,,,,,,,,,,,,,,35.0,1.8832250833511353,cybersecurity,unknown,True,"Episode_35: 中間抽象度, 集約的 (dims: [106, 62, 379, 367, 71])",,,,,,,,,,,,,,,,,,,,,,,,,,,,,,,,,,,,
373,natural language processing,Reinforcement Learning,10,2025-06-18T13:59:14.324710,,,,,,,,,,,,,,,,,,,,,,,,,45.0,1.8832250833511353,cybersecurity,unknown,True,"Episode_45: 中間抽象度, 集約的 (dims: [106, 62, 379, 367, 71])",,,,,,,,,,,,,,,,,,,,,,,,,,,,,,
373,natural language processing,Reinforcement Learning,10,2025-06-18T13:59:14.324710,,,,,,,,,,,,,,,,,,,,,,,,,,,,,,,55.0,1.8832250833511353,cybersecurity,unknown,True,"Episode_55: 中間抽象度, 集約的 (dims: [106, 62, 379, 367, 71])",,,,,,,,,,,,,,,,,,,,,,,,
373,natural language processing,Reinforcement Learning,10,2025-06-18T13:59:14.324710,,,,,,,,,,,,,,,,,,,,,,,,,,,,,,,,,,,,,65.0,1.8832250833511353,cybersecurity,unknown,True,"Episode_65: 中間抽象度, 集約的 (dims: [106, 62, 379, 367, 71])",,,,,,,,,,,,,,,,,,
373,natural language processing,Reinforcement Learning,10,2025-06-18T13:59:14.324710,,,,,,,,,,,,,,,,,,,,,,,,,,,,,,,,,,,,,,,,,,,75.0,1.8832250833511353,cybersecurity,unknown,True,"Episode_75: 中間抽象度, 集約的 (dims: [106, 62, 379, 367, 71])",,,,,,,,,,,,
373,natural language processing,Reinforcement Learning,10,2025-06-18T13:59:14.324710,,,,,,,,,,,,,,,,,,,,,,,,,,,,,,,,,,,,,,,,,,,,,,,,,85.0,1.8832250833511353,cybersecurity,unknown,True,"Episode_85: 中間抽象度, 集約的 (dims: [106, 62, 379, 367, 71])",,,,,,
373,natural language processing,Reinforcement Learning,10,2025-06-18T13:59:14.324710,,,,,,,,,,,,,,,,,,,,,,,,,,,,,,,,,,,,,,,,,,,,,,,,,,,,,,,95.0,1.8832250833511353,cybersecurity,unknown,True,"Episode_95: 中間抽象度, 集約的 (dims: [106, 62, 379, 367, 71])"
374,computer vision,Graph Neural Networks,10,2025-06-18T13:59:14.370831,0.0,1.894721269607544,medical diagnosis,unknown,True,"Episode_0: 中間抽象度, 集約的 (dims: [13, 282, 58, 91, 281])",,,,,,,,,,,,,,,,,,,,,,,,,,,,,,,,,,,,,,,,,,,,,,,,,,,,,,
374,computer vision,Graph Neural Networks,10,2025-06-18T13:59:14.370831,,,,,,,10.0,1.894721269607544,medical diagnosis,unknown,True,"Episode_10: 中間抽象度, 集約的 (dims: [13, 282, 58, 91, 281])",,,,,,,,,,,,,,,,,,,,,,,,,,,,,,,,,,,,,,,,,,,,,,,,
374,computer vision,Graph Neural Networks,10,2025-06-18T13:59:14.370831,,,,,,,,,,,,,20.0,1.894721269607544,medical diagnosis,unknown,True,"Episode_20: 中間抽象度, 集約的 (dims: [13, 282, 58, 91, 281])",,,,,,,,,,,,,,,,,,,,,,,,,,,,,,,,,,,,,,,,,,
374,computer vision,Graph Neural Networks,10,2025-06-18T13:59:14.370831,,,,,,,,,,,,,,,,,,,30.0,1.894721269607544,medical diagnosis,unknown,True,"Episode_30: 中間抽象度, 集約的 (dims: [13, 282, 58, 91, 281])",,,,,,,,,,,,,,,,,,,,,,,,,,,,,,,,,,,,
374,computer vision,Graph Neural Networks,10,2025-06-18T13:59:14.370831,,,,,,,,,,,,,,,,,,,,,,,,,40.0,1.894721269607544,medical diagnosis,unknown,True,"Episode_40: 中間抽象度, 集約的 (dims: [13, 282, 58, 91, 281])",,,,,,,,,,,,,,,,,,,,,,,,,,,,,,
374,computer vision,Graph Neural Networks,10,2025-06-18T13:59:14.370831,,,,,,,,,,,,,,,,,,,,,,,,,,,,,,,50.0,1.894721269607544,medical diagnosis,unknown,True,"Episode_50: 中間抽象度, 集約的 (dims: [13, 282, 58, 91, 281])",,,,,,,,,,,,,,,,,,,,,,,,
374,computer vision,Graph Neural Networks,10,2025-06-18T13:59:14.370831,,,,,,,,,,,,,,,,,,,,,,,,,,,,,,,,,,,,,60.0,1.894721269607544,medical diagnosis,unknown,True,"Episode_60: 中間抽象度, 集約的 (dims: [13, 282, 58, 91, 281])",,,,,,,,,,,,,,,,,,
374,computer vision,Graph Neural Networks,10,2025-06-18T13:59:14.370831,,,,,,,,,,,,,,,,,,,,,,,,,,,,,,,,,,,,,,,,,,,70.0,1.894721269607544,medical diagnosis,unknown,True,"Episode_70: 中間抽象度, 集約的 (dims: [13, 282, 58, 91, 281])",,,,,,,,,,,,
374,computer vision,Graph Neural Networks,10,2025-06-18T13:59:14.370831,,,,,,,,,,,,,,,,,,,,,,,,,,,,,,,,,,,,,,,,,,,,,,,,,80.0,1.894721269607544,medical diagnosis,unknown,True,"Episode_80: 中間抽象度, 集約的 (dims: [13, 282, 58, 91, 281])",,,,,,
374,computer vision,Graph Neural Networks,10,2025-06-18T13:59:14.370831,,,,,,,,,,,,,,,,,,,,,,,,,,,,,,,,,,,,,,,,,,,,,,,,,,,,,,,90.0,1.894721269607544,medical diagnosis,unknown,True,"Episode_90: 中間抽象度, 集約的 (dims: [13, 282, 58, 91, 281])"
375,robotics,Federated Learning,10,2025-06-18T13:59:14.415164,5.0,1.8728573322296143,cybersecurity,unknown,True,"Episode_5: 中間抽象度, 集約的 (dims: [106, 62, 379, 367, 71])",,,,,,,,,,,,,,,,,,,,,,,,,,,,,,,,,,,,,,,,,,,,,,,,,,,,,,
375,robotics,Federated Learning,10,2025-06-18T13:59:14.415164,,,,,,,15.0,1.8728573322296143,cybersecurity,unknown,True,"Episode_15: 中間抽象度, 集約的 (dims: [106, 62, 379, 367, 71])",,,,,,,,,,,,,,,,,,,,,,,,,,,,,,,,,,,,,,,,,,,,,,,,
375,robotics,Federated Learning,10,2025-06-18T13:59:14.415164,,,,,,,,,,,,,25.0,1.8728573322296143,cybersecurity,unknown,True,"Episode_25: 中間抽象度, 集約的 (dims: [106, 62, 379, 367, 71])",,,,,,,,,,,,,,,,,,,,,,,,,,,,,,,,,,,,,,,,,,
375,robotics,Federated Learning,10,2025-06-18T13:59:14.415164,,,,,,,,,,,,,,,,,,,35.0,1.8728573322296143,cybersecurity,unknown,True,"Episode_35: 中間抽象度, 集約的 (dims: [106, 62, 379, 367, 71])",,,,,,,,,,,,,,,,,,,,,,,,,,,,,,,,,,,,
375,robotics,Federated Learning,10,2025-06-18T13:59:14.415164,,,,,,,,,,,,,,,,,,,,,,,,,45.0,1.8728573322296143,cybersecurity,unknown,True,"Episode_45: 中間抽象度, 集約的 (dims: [106, 62, 379, 367, 71])",,,,,,,,,,,,,,,,,,,,,,,,,,,,,,
375,robotics,Federated Learning,10,2025-06-18T13:59:14.415164,,,,,,,,,,,,,,,,,,,,,,,,,,,,,,,55.0,1.8728573322296143,cybersecurity,unknown,True,"Episode_55: 中間抽象度, 集約的 (dims: [106, 62, 379, 367, 71])",,,,,,,,,,,,,,,,,,,,,,,,
375,robotics,Federated Learning,10,2025-06-18T13:59:14.415164,,,,,,,,,,,,,,,,,,,,,,,,,,,,,,,,,,,,,65.0,1.8728573322296143,cybersecurity,unknown,True,"Episode_65: 中間抽象度, 集約的 (dims: [106, 62, 379, 367, 71])",,,,,,,,,,,,,,,,,,
375,robotics,Federated Learning,10,2025-06-18T13:59:14.415164,,,,,,,,,,,,,,,,,,,,,,,,,,,,,,,,,,,,,,,,,,,75.0,1.8728573322296143,cybersecurity,unknown,True,"Episode_75: 中間抽象度, 集約的 (dims: [106, 62, 379, 367, 71])",,,,,,,,,,,,
375,robotics,Federated Learning,10,2025-06-18T13:59:14.415164,,,,,,,,,,,,,,,,,,,,,,,,,,,,,,,,,,,,,,,,,,,,,,,,,85.0,1.8728573322296143,cybersecurity,unknown,True,"Episode_85: 中間抽象度, 集約的 (dims: [106, 62, 379, 367, 71])",,,,,,
375,robotics,Federated Learning,10,2025-06-18T13:59:14.415164,,,,,,,,,,,,,,,,,,,,,,,,,,,,,,,,,,,,,,,,,,,,,,,,,,,,,,,95.0,1.8728573322296143,cybersecurity,unknown,True,"Episode_95: 中間抽象度, 集約的 (dims: [106, 62, 379, 367, 71])"
376,cybersecurity,Explainable AI,10,2025-06-18T13:59:14.460639,0.0,1.911033272743225,medical diagnosis,unknown,True,"Episode_0: 中間抽象度, 集約的 (dims: [13, 282, 58, 91, 281])",,,,,,,,,,,,,,,,,,,,,,,,,,,,,,,,,,,,,,,,,,,,,,,,,,,,,,
376,cybersecurity,Explainable AI,10,2025-06-18T13:59:14.460639,,,,,,,10.0,1.911033272743225,medical diagnosis,unknown,True,"Episode_10: 中間抽象度, 集約的 (dims: [13, 282, 58, 91, 281])",,,,,,,,,,,,,,,,,,,,,,,,,,,,,,,,,,,,,,,,,,,,,,,,
376,cybersecurity,Explainable AI,10,2025-06-18T13:59:14.460639,,,,,,,,,,,,,20.0,1.911033272743225,medical diagnosis,unknown,True,"Episode_20: 中間抽象度, 集約的 (dims: [13, 282, 58, 91, 281])",,,,,,,,,,,,,,,,,,,,,,,,,,,,,,,,,,,,,,,,,,
376,cybersecurity,Explainable AI,10,2025-06-18T13:59:14.460639,,,,,,,,,,,,,,,,,,,30.0,1.911033272743225,medical diagnosis,unknown,True,"Episode_30: 中間抽象度, 集約的 (dims: [13, 282, 58, 91, 281])",,,,,,,,,,,,,,,,,,,,,,,,,,,,,,,,,,,,
376,cybersecurity,Explainable AI,10,2025-06-18T13:59:14.460639,,,,,,,,,,,,,,,,,,,,,,,,,40.0,1.911033272743225,medical diagnosis,unknown,True,"Episode_40: 中間抽象度, 集約的 (dims: [13, 282, 58, 91, 281])",,,,,,,,,,,,,,,,,,,,,,,,,,,,,,
376,cybersecurity,Explainable AI,10,2025-06-18T13:59:14.460639,,,,,,,,,,,,,,,,,,,,,,,,,,,,,,,50.0,1.911033272743225,medical diagnosis,unknown,True,"Episode_50: 中間抽象度, 集約的 (dims: [13, 282, 58, 91, 281])",,,,,,,,,,,,,,,,,,,,,,,,
376,cybersecurity,Explainable AI,10,2025-06-18T13:59:14.460639,,,,,,,,,,,,,,,,,,,,,,,,,,,,,,,,,,,,,60.0,1.911033272743225,medical diagnosis,unknown,True,"Episode_60: 中間抽象度, 集約的 (dims: [13, 282, 58, 91, 281])",,,,,,,,,,,,,,,,,,
376,cybersecurity,Explainable AI,10,2025-06-18T13:59:14.460639,,,,,,,,,,,,,,,,,,,,,,,,,,,,,,,,,,,,,,,,,,,70.0,1.911033272743225,medical diagnosis,unknown,True,"Episode_70: 中間抽象度, 集約的 (dims: [13, 282, 58, 91, 281])",,,,,,,,,,,,
376,cybersecurity,Explainable AI,10,2025-06-18T13:59:14.460639,,,,,,,,,,,,,,,,,,,,,,,,,,,,,,,,,,,,,,,,,,,,,,,,,80.0,1.911033272743225,medical diagnosis,unknown,True,"Episode_80: 中間抽象度, 集約的 (dims: [13, 282, 58, 91, 281])",,,,,,
376,cybersecurity,Explainable AI,10,2025-06-18T13:59:14.460639,,,,,,,,,,,,,,,,,,,,,,,,,,,,,,,,,,,,,,,,,,,,,,,,,,,,,,,90.0,1.911033272743225,medical diagnosis,unknown,True,"Episode_90: 中間抽象度, 集約的 (dims: [13, 282, 58, 91, 281])"
377,climate modeling,Multimodal Learning,10,2025-06-18T13:59:14.506443,5.0,1.9013603925704956,cybersecurity,unknown,True,"Episode_5: 中間抽象度, 集約的 (dims: [106, 62, 379, 367, 71])",,,,,,,,,,,,,,,,,,,,,,,,,,,,,,,,,,,,,,,,,,,,,,,,,,,,,,
377,climate modeling,Multimodal Learning,10,2025-06-18T13:59:14.506443,,,,,,,15.0,1.9013603925704956,cybersecurity,unknown,True,"Episode_15: 中間抽象度, 集約的 (dims: [106, 62, 379, 367, 71])",,,,,,,,,,,,,,,,,,,,,,,,,,,,,,,,,,,,,,,,,,,,,,,,
377,climate modeling,Multimodal Learning,10,2025-06-18T13:59:14.506443,,,,,,,,,,,,,25.0,1.9013603925704956,cybersecurity,unknown,True,"Episode_25: 中間抽象度, 集約的 (dims: [106, 62, 379, 367, 71])",,,,,,,,,,,,,,,,,,,,,,,,,,,,,,,,,,,,,,,,,,
377,climate modeling,Multimodal Learning,10,2025-06-18T13:59:14.506443,,,,,,,,,,,,,,,,,,,35.0,1.9013603925704956,cybersecurity,unknown,True,"Episode_35: 中間抽象度, 集約的 (dims: [106, 62, 379, 367, 71])",,,,,,,,,,,,,,,,,,,,,,,,,,,,,,,,,,,,
377,climate modeling,Multimodal Learning,10,2025-06-18T13:59:14.506443,,,,,,,,,,,,,,,,,,,,,,,,,45.0,1.9013603925704956,cybersecurity,unknown,True,"Episode_45: 中間抽象度, 集約的 (dims: [106, 62, 379, 367, 71])",,,,,,,,,,,,,,,,,,,,,,,,,,,,,,
377,climate modeling,Multimodal Learning,10,2025-06-18T13:59:14.506443,,,,,,,,,,,,,,,,,,,,,,,,,,,,,,,55.0,1.9013603925704956,cybersecurity,unknown,True,"Episode_55: 中間抽象度, 集約的 (dims: [106, 62, 379, 367, 71])",,,,,,,,,,,,,,,,,,,,,,,,
377,climate modeling,Multimodal Learning,10,2025-06-18T13:59:14.506443,,,,,,,,,,,,,,,,,,,,,,,,,,,,,,,,,,,,,65.0,1.9013603925704956,cybersecurity,unknown,True,"Episode_65: 中間抽象度, 集約的 (dims: [106, 62, 379, 367, 71])",,,,,,,,,,,,,,,,,,
377,climate modeling,Multimodal Learning,10,2025-06-18T13:59:14.506443,,,,,,,,,,,,,,,,,,,,,,,,,,,,,,,,,,,,,,,,,,,75.0,1.9013603925704956,cybersecurity,unknown,True,"Episode_75: 中間抽象度, 集約的 (dims: [106, 62, 379, 367, 71])",,,,,,,,,,,,
377,climate modeling,Multimodal Learning,10,2025-06-18T13:59:14.506443,,,,,,,,,,,,,,,,,,,,,,,,,,,,,,,,,,,,,,,,,,,,,,,,,85.0,1.9013603925704956,cybersecurity,unknown,True,"Episode_85: 中間抽象度, 集約的 (dims: [106, 62, 379, 367, 71])",,,,,,
377,climate modeling,Multimodal Learning,10,2025-06-18T13:59:14.506443,,,,,,,,,,,,,,,,,,,,,,,,,,,,,,,,,,,,,,,,,,,,,,,,,,,,,,,95.0,1.9013603925704956,cybersecurity,unknown,True,"Episode_95: 中間抽象度, 集約的 (dims: [106, 62, 379, 367, 71])"
378,drug discovery,Few-shot Learning,10,2025-06-18T13:59:14.552432,0.0,1.9221811294555664,medical diagnosis,unknown,True,"Episode_0: 中間抽象度, 集約的 (dims: [13, 282, 58, 91, 281])",,,,,,,,,,,,,,,,,,,,,,,,,,,,,,,,,,,,,,,,,,,,,,,,,,,,,,
378,drug discovery,Few-shot Learning,10,2025-06-18T13:59:14.552432,,,,,,,10.0,1.9221811294555664,medical diagnosis,unknown,True,"Episode_10: 中間抽象度, 集約的 (dims: [13, 282, 58, 91, 281])",,,,,,,,,,,,,,,,,,,,,,,,,,,,,,,,,,,,,,,,,,,,,,,,
378,drug discovery,Few-shot Learning,10,2025-06-18T13:59:14.552432,,,,,,,,,,,,,20.0,1.9221811294555664,medical diagnosis,unknown,True,"Episode_20: 中間抽象度, 集約的 (dims: [13, 282, 58, 91, 281])",,,,,,,,,,,,,,,,,,,,,,,,,,,,,,,,,,,,,,,,,,
378,drug discovery,Few-shot Learning,10,2025-06-18T13:59:14.552432,,,,,,,,,,,,,,,,,,,30.0,1.9221811294555664,medical diagnosis,unknown,True,"Episode_30: 中間抽象度, 集約的 (dims: [13, 282, 58, 91, 281])",,,,,,,,,,,,,,,,,,,,,,,,,,,,,,,,,,,,
378,drug discovery,Few-shot Learning,10,2025-06-18T13:59:14.552432,,,,,,,,,,,,,,,,,,,,,,,,,40.0,1.9221811294555664,medical diagnosis,unknown,True,"Episode_40: 中間抽象度, 集約的 (dims: [13, 282, 58, 91, 281])",,,,,,,,,,,,,,,,,,,,,,,,,,,,,,
378,drug discovery,Few-shot Learning,10,2025-06-18T13:59:14.552432,,,,,,,,,,,,,,,,,,,,,,,,,,,,,,,50.0,1.9221811294555664,medical diagnosis,unknown,True,"Episode_50: 中間抽象度, 集約的 (dims: [13, 282, 58, 91, 281])",,,,,,,,,,,,,,,,,,,,,,,,
378,drug discovery,Few-shot Learning,10,2025-06-18T13:59:14.552432,,,,,,,,,,,,,,,,,,,,,,,,,,,,,,,,,,,,,60.0,1.9221811294555664,medical diagnosis,unknown,True,"Episode_60: 中間抽象度, 集約的 (dims: [13, 282, 58, 91, 281])",,,,,,,,,,,,,,,,,,
378,drug discovery,Few-shot Learning,10,2025-06-18T13:59:14.552432,,,,,,,,,,,,,,,,,,,,,,,,,,,,,,,,,,,,,,,,,,,70.0,1.9221811294555664,medical diagnosis,unknown,True,"Episode_70: 中間抽象度, 集約的 (dims: [13, 282, 58, 91, 281])",,,,,,,,,,,,
378,drug discovery,Few-shot Learning,10,2025-06-18T13:59:14.552432,,,,,,,,,,,,,,,,,,,,,,,,,,,,,,,,,,,,,,,,,,,,,,,,,80.0,1.9221811294555664,medical diagnosis,unknown,True,"Episode_80: 中間抽象度, 集約的 (dims: [13, 282, 58, 91, 281])",,,,,,
378,drug discovery,Few-shot Learning,10,2025-06-18T13:59:14.552432,,,,,,,,,,,,,,,,,,,,,,,,,,,,,,,,,,,,,,,,,,,,,,,,,,,,,,,90.0,1.9221811294555664,medical diagnosis,unknown,True,"Episode_90: 中間抽象度, 集約的 (dims: [13, 282, 58, 91, 281])"
379,financial prediction,Transfer Learning,10,2025-06-18T13:59:14.597482,0.0,1.9256962537765503,medical diagnosis,unknown,True,"Episode_0: 中間抽象度, 集約的 (dims: [13, 282, 58, 91, 281])",,,,,,,,,,,,,,,,,,,,,,,,,,,,,,,,,,,,,,,,,,,,,,,,,,,,,,
379,financial prediction,Transfer Learning,10,2025-06-18T13:59:14.597482,,,,,,,10.0,1.9256962537765503,medical diagnosis,unknown,True,"Episode_10: 中間抽象度, 集約的 (dims: [13, 282, 58, 91, 281])",,,,,,,,,,,,,,,,,,,,,,,,,,,,,,,,,,,,,,,,,,,,,,,,
379,financial prediction,Transfer Learning,10,2025-06-18T13:59:14.597482,,,,,,,,,,,,,20.0,1.9256962537765503,medical diagnosis,unknown,True,"Episode_20: 中間抽象度, 集約的 (dims: [13, 282, 58, 91, 281])",,,,,,,,,,,,,,,,,,,,,,,,,,,,,,,,,,,,,,,,,,
379,financial prediction,Transfer Learning,10,2025-06-18T13:59:14.597482,,,,,,,,,,,,,,,,,,,30.0,1.9256962537765503,medical diagnosis,unknown,True,"Episode_30: 中間抽象度, 集約的 (dims: [13, 282, 58, 91, 281])",,,,,,,,,,,,,,,,,,,,,,,,,,,,,,,,,,,,
379,financial prediction,Transfer Learning,10,2025-06-18T13:59:14.597482,,,,,,,,,,,,,,,,,,,,,,,,,40.0,1.9256962537765503,medical diagnosis,unknown,True,"Episode_40: 中間抽象度, 集約的 (dims: [13, 282, 58, 91, 281])",,,,,,,,,,,,,,,,,,,,,,,,,,,,,,
379,financial prediction,Transfer Learning,10,2025-06-18T13:59:14.597482,,,,,,,,,,,,,,,,,,,,,,,,,,,,,,,50.0,1.9256962537765503,medical diagnosis,unknown,True,"Episode_50: 中間抽象度, 集約的 (dims: [13, 282, 58, 91, 281])",,,,,,,,,,,,,,,,,,,,,,,,
379,financial prediction,Transfer Learning,10,2025-06-18T13:59:14.597482,,,,,,,,,,,,,,,,,,,,,,,,,,,,,,,,,,,,,60.0,1.9256962537765503,medical diagnosis,unknown,True,"Episode_60: 中間抽象度, 集約的 (dims: [13, 282, 58, 91, 281])",,,,,,,,,,,,,,,,,,
379,financial prediction,Transfer Learning,10,2025-06-18T13:59:14.597482,,,,,,,,,,,,,,,,,,,,,,,,,,,,,,,,,,,,,,,,,,,70.0,1.9256962537765503,medical diagnosis,unknown,True,"Episode_70: 中間抽象度, 集約的 (dims: [13, 282, 58, 91, 281])",,,,,,,,,,,,
379,financial prediction,Transfer Learning,10,2025-06-18T13:59:14.597482,,,,,,,,,,,,,,,,,,,,,,,,,,,,,,,,,,,,,,,,,,,,,,,,,80.0,1.9256962537765503,medical diagnosis,unknown,True,"Episode_80: 中間抽象度, 集約的 (dims: [13, 282, 58, 91, 281])",,,,,,
379,financial prediction,Transfer Learning,10,2025-06-18T13:59:14.597482,,,,,,,,,,,,,,,,,,,,,,,,,,,,,,,,,,,,,,,,,,,,,,,,,,,,,,,90.0,1.9256962537765503,medical diagnosis,unknown,True,"Episode_90: 中間抽象度, 集約的 (dims: [13, 282, 58, 91, 281])"
380,educational technology,Adversarial Machine Learning,10,2025-06-18T13:59:14.643379,0.0,1.928670048713684,medical diagnosis,unknown,True,"Episode_0: 中間抽象度, 集約的 (dims: [13, 282, 58, 91, 281])",,,,,,,,,,,,,,,,,,,,,,,,,,,,,,,,,,,,,,,,,,,,,,,,,,,,,,
380,educational technology,Adversarial Machine Learning,10,2025-06-18T13:59:14.643379,,,,,,,10.0,1.928670048713684,medical diagnosis,unknown,True,"Episode_10: 中間抽象度, 集約的 (dims: [13, 282, 58, 91, 281])",,,,,,,,,,,,,,,,,,,,,,,,,,,,,,,,,,,,,,,,,,,,,,,,
380,educational technology,Adversarial Machine Learning,10,2025-06-18T13:59:14.643379,,,,,,,,,,,,,20.0,1.928670048713684,medical diagnosis,unknown,True,"Episode_20: 中間抽象度, 集約的 (dims: [13, 282, 58, 91, 281])",,,,,,,,,,,,,,,,,,,,,,,,,,,,,,,,,,,,,,,,,,
380,educational technology,Adversarial Machine Learning,10,2025-06-18T13:59:14.643379,,,,,,,,,,,,,,,,,,,30.0,1.928670048713684,medical diagnosis,unknown,True,"Episode_30: 中間抽象度, 集約的 (dims: [13, 282, 58, 91, 281])",,,,,,,,,,,,,,,,,,,,,,,,,,,,,,,,,,,,
380,educational technology,Adversarial Machine Learning,10,2025-06-18T13:59:14.643379,,,,,,,,,,,,,,,,,,,,,,,,,40.0,1.928670048713684,medical diagnosis,unknown,True,"Episode_40: 中間抽象度, 集約的 (dims: [13, 282, 58, 91, 281])",,,,,,,,,,,,,,,,,,,,,,,,,,,,,,
380,educational technology,Adversarial Machine Learning,10,2025-06-18T13:59:14.643379,,,,,,,,,,,,,,,,,,,,,,,,,,,,,,,50.0,1.928670048713684,medical diagnosis,unknown,True,"Episode_50: 中間抽象度, 集約的 (dims: [13, 282, 58, 91, 281])",,,,,,,,,,,,,,,,,,,,,,,,
380,educational technology,Adversarial Machine Learning,10,2025-06-18T13:59:14.643379,,,,,,,,,,,,,,,,,,,,,,,,,,,,,,,,,,,,,60.0,1.928670048713684,medical diagnosis,unknown,True,"Episode_60: 中間抽象度, 集約的 (dims: [13, 282, 58, 91, 281])",,,,,,,,,,,,,,,,,,
380,educational technology,Adversarial Machine Learning,10,2025-06-18T13:59:14.643379,,,,,,,,,,,,,,,,,,,,,,,,,,,,,,,,,,,,,,,,,,,70.0,1.928670048713684,medical diagnosis,unknown,True,"Episode_70: 中間抽象度, 集約的 (dims: [13, 282, 58, 91, 281])",,,,,,,,,,,,
380,educational technology,Adversarial Machine Learning,10,2025-06-18T13:59:14.643379,,,,,,,,,,,,,,,,,,,,,,,,,,,,,,,,,,,,,,,,,,,,,,,,,80.0,1.928670048713684,medical diagnosis,unknown,True,"Episode_80: 中間抽象度, 集約的 (dims: [13, 282, 58, 91, 281])",,,,,,
380,educational technology,Adversarial Machine Learning,10,2025-06-18T13:59:14.643379,,,,,,,,,,,,,,,,,,,,,,,,,,,,,,,,,,,,,,,,,,,,,,,,,,,,,,,90.0,1.928670048713684,medical diagnosis,unknown,True,"Episode_90: 中間抽象度, 集約的 (dims: [13, 282, 58, 91, 281])"
381,medical diagnosis,Large Language Models,0,2025-06-18T13:59:14.691371,0.0,1.8874430656433105,medical diagnosis,unknown,False,"Episode_0: 中間抽象度, 集約的 (dims: [13, 282, 58, 91, 281])",,,,,,,,,,,,,,,,,,,,,,,,,,,,,,,,,,,,,,,,,,,,,,,,,,,,,,
381,medical diagnosis,Large Language Models,0,2025-06-18T13:59:14.691371,,,,,,,10.0,1.8874430656433105,medical diagnosis,unknown,False,"Episode_10: 中間抽象度, 集約的 (dims: [13, 282, 58, 91, 281])",,,,,,,,,,,,,,,,,,,,,,,,,,,,,,,,,,,,,,,,,,,,,,,,
381,medical diagnosis,Large Language Models,0,2025-06-18T13:59:14.691371,,,,,,,,,,,,,20.0,1.8874430656433105,medical diagnosis,unknown,False,"Episode_20: 中間抽象度, 集約的 (dims: [13, 282, 58, 91, 281])",,,,,,,,,,,,,,,,,,,,,,,,,,,,,,,,,,,,,,,,,,
381,medical diagnosis,Large Language Models,0,2025-06-18T13:59:14.691371,,,,,,,,,,,,,,,,,,,30.0,1.8874430656433105,medical diagnosis,unknown,False,"Episode_30: 中間抽象度, 集約的 (dims: [13, 282, 58, 91, 281])",,,,,,,,,,,,,,,,,,,,,,,,,,,,,,,,,,,,
381,medical diagnosis,Large Language Models,0,2025-06-18T13:59:14.691371,,,,,,,,,,,,,,,,,,,,,,,,,40.0,1.8874430656433105,medical diagnosis,unknown,False,"Episode_40: 中間抽象度, 集約的 (dims: [13, 282, 58, 91, 281])",,,,,,,,,,,,,,,,,,,,,,,,,,,,,,
381,medical diagnosis,Large Language Models,0,2025-06-18T13:59:14.691371,,,,,,,,,,,,,,,,,,,,,,,,,,,,,,,50.0,1.8874430656433105,medical diagnosis,unknown,False,"Episode_50: 中間抽象度, 集約的 (dims: [13, 282, 58, 91, 281])",,,,,,,,,,,,,,,,,,,,,,,,
381,medical diagnosis,Large Language Models,0,2025-06-18T13:59:14.691371,,,,,,,,,,,,,,,,,,,,,,,,,,,,,,,,,,,,,60.0,1.8874430656433105,medical diagnosis,unknown,False,"Episode_60: 中間抽象度, 集約的 (dims: [13, 282, 58, 91, 281])",,,,,,,,,,,,,,,,,,
381,medical diagnosis,Large Language Models,0,2025-06-18T13:59:14.691371,,,,,,,,,,,,,,,,,,,,,,,,,,,,,,,,,,,,,,,,,,,70.0,1.8874430656433105,medical diagnosis,unknown,False,"Episode_70: 中間抽象度, 集約的 (dims: [13, 282, 58, 91, 281])",,,,,,,,,,,,
381,medical diagnosis,Large Language Models,0,2025-06-18T13:59:14.691371,,,,,,,,,,,,,,,,,,,,,,,,,,,,,,,,,,,,,,,,,,,,,,,,,80.0,1.8874430656433105,medical diagnosis,unknown,False,"Episode_80: 中間抽象度, 集約的 (dims: [13, 282, 58, 91, 281])",,,,,,
381,medical diagnosis,Large Language Models,0,2025-06-18T13:59:14.691371,,,,,,,,,,,,,,,,,,,,,,,,,,,,,,,,,,,,,,,,,,,,,,,,,,,,,,,90.0,1.8874430656433105,medical diagnosis,unknown,False,"Episode_90: 中間抽象度, 集約的 (dims: [13, 282, 58, 91, 281])"
382,autonomous systems,Computer Vision,10,2025-06-18T13:59:14.735907,0.0,1.8768787384033203,medical diagnosis,unknown,True,"Episode_0: 中間抽象度, 集約的 (dims: [13, 282, 58, 91, 281])",,,,,,,,,,,,,,,,,,,,,,,,,,,,,,,,,,,,,,,,,,,,,,,,,,,,,,
382,autonomous systems,Computer Vision,10,2025-06-18T13:59:14.735907,,,,,,,10.0,1.8768787384033203,medical diagnosis,unknown,True,"Episode_10: 中間抽象度, 集約的 (dims: [13, 282, 58, 91, 281])",,,,,,,,,,,,,,,,,,,,,,,,,,,,,,,,,,,,,,,,,,,,,,,,
382,autonomous systems,Computer Vision,10,2025-06-18T13:59:14.735907,,,,,,,,,,,,,20.0,1.8768787384033203,medical diagnosis,unknown,True,"Episode_20: 中間抽象度, 集約的 (dims: [13, 282, 58, 91, 281])",,,,,,,,,,,,,,,,,,,,,,,,,,,,,,,,,,,,,,,,,,
382,autonomous systems,Computer Vision,10,2025-06-18T13:59:14.735907,,,,,,,,,,,,,,,,,,,30.0,1.8768787384033203,medical diagnosis,unknown,True,"Episode_30: 中間抽象度, 集約的 (dims: [13, 282, 58, 91, 281])",,,,,,,,,,,,,,,,,,,,,,,,,,,,,,,,,,,,
382,autonomous systems,Computer Vision,10,2025-06-18T13:59:14.735907,,,,,,,,,,,,,,,,,,,,,,,,,40.0,1.8768787384033203,medical diagnosis,unknown,True,"Episode_40: 中間抽象度, 集約的 (dims: [13, 282, 58, 91, 281])",,,,,,,,,,,,,,,,,,,,,,,,,,,,,,
382,autonomous systems,Computer Vision,10,2025-06-18T13:59:14.735907,,,,,,,,,,,,,,,,,,,,,,,,,,,,,,,50.0,1.8768787384033203,medical diagnosis,unknown,True,"Episode_50: 中間抽象度, 集約的 (dims: [13, 282, 58, 91, 281])",,,,,,,,,,,,,,,,,,,,,,,,
382,autonomous systems,Computer Vision,10,2025-06-18T13:59:14.735907,,,,,,,,,,,,,,,,,,,,,,,,,,,,,,,,,,,,,60.0,1.8768787384033203,medical diagnosis,unknown,True,"Episode_60: 中間抽象度, 集約的 (dims: [13, 282, 58, 91, 281])",,,,,,,,,,,,,,,,,,
382,autonomous systems,Computer Vision,10,2025-06-18T13:59:14.735907,,,,,,,,,,,,,,,,,,,,,,,,,,,,,,,,,,,,,,,,,,,70.0,1.8768787384033203,medical diagnosis,unknown,True,"Episode_70: 中間抽象度, 集約的 (dims: [13, 282, 58, 91, 281])",,,,,,,,,,,,
382,autonomous systems,Computer Vision,10,2025-06-18T13:59:14.735907,,,,,,,,,,,,,,,,,,,,,,,,,,,,,,,,,,,,,,,,,,,,,,,,,80.0,1.8768787384033203,medical diagnosis,unknown,True,"Episode_80: 中間抽象度, 集約的 (dims: [13, 282, 58, 91, 281])",,,,,,
382,autonomous systems,Computer Vision,10,2025-06-18T13:59:14.735907,,,,,,,,,,,,,,,,,,,,,,,,,,,,,,,,,,,,,,,,,,,,,,,,,,,,,,,90.0,1.8768787384033203,medical diagnosis,unknown,True,"Episode_90: 中間抽象度, 集約的 (dims: [13, 282, 58, 91, 281])"
383,natural language processing,Reinforcement Learning,10,2025-06-18T13:59:14.780093,5.0,1.8832250833511353,cybersecurity,unknown,True,"Episode_5: 中間抽象度, 集約的 (dims: [106, 62, 379, 367, 71])",,,,,,,,,,,,,,,,,,,,,,,,,,,,,,,,,,,,,,,,,,,,,,,,,,,,,,
383,natural language processing,Reinforcement Learning,10,2025-06-18T13:59:14.780093,,,,,,,15.0,1.8832250833511353,cybersecurity,unknown,True,"Episode_15: 中間抽象度, 集約的 (dims: [106, 62, 379, 367, 71])",,,,,,,,,,,,,,,,,,,,,,,,,,,,,,,,,,,,,,,,,,,,,,,,
383,natural language processing,Reinforcement Learning,10,2025-06-18T13:59:14.780093,,,,,,,,,,,,,25.0,1.8832250833511353,cybersecurity,unknown,True,"Episode_25: 中間抽象度, 集約的 (dims: [106, 62, 379, 367, 71])",,,,,,,,,,,,,,,,,,,,,,,,,,,,,,,,,,,,,,,,,,
383,natural language processing,Reinforcement Learning,10,2025-06-18T13:59:14.780093,,,,,,,,,,,,,,,,,,,35.0,1.8832250833511353,cybersecurity,unknown,True,"Episode_35: 中間抽象度, 集約的 (dims: [106, 62, 379, 367, 71])",,,,,,,,,,,,,,,,,,,,,,,,,,,,,,,,,,,,
383,natural language processing,Reinforcement Learning,10,2025-06-18T13:59:14.780093,,,,,,,,,,,,,,,,,,,,,,,,,45.0,1.8832250833511353,cybersecurity,unknown,True,"Episode_45: 中間抽象度, 集約的 (dims: [106, 62, 379, 367, 71])",,,,,,,,,,,,,,,,,,,,,,,,,,,,,,
383,natural language processing,Reinforcement Learning,10,2025-06-18T13:59:14.780093,,,,,,,,,,,,,,,,,,,,,,,,,,,,,,,55.0,1.8832250833511353,cybersecurity,unknown,True,"Episode_55: 中間抽象度, 集約的 (dims: [106, 62, 379, 367, 71])",,,,,,,,,,,,,,,,,,,,,,,,
383,natural language processing,Reinforcement Learning,10,2025-06-18T13:59:14.780093,,,,,,,,,,,,,,,,,,,,,,,,,,,,,,,,,,,,,65.0,1.8832250833511353,cybersecurity,unknown,True,"Episode_65: 中間抽象度, 集約的 (dims: [106, 62, 379, 367, 71])",,,,,,,,,,,,,,,,,,
383,natural language processing,Reinforcement Learning,10,2025-06-18T13:59:14.780093,,,,,,,,,,,,,,,,,,,,,,,,,,,,,,,,,,,,,,,,,,,75.0,1.8832250833511353,cybersecurity,unknown,True,"Episode_75: 中間抽象度, 集約的 (dims: [106, 62, 379, 367, 71])",,,,,,,,,,,,
383,natural language processing,Reinforcement Learning,10,2025-06-18T13:59:14.780093,,,,,,,,,,,,,,,,,,,,,,,,,,,,,,,,,,,,,,,,,,,,,,,,,85.0,1.8832250833511353,cybersecurity,unknown,True,"Episode_85: 中間抽象度, 集約的 (dims: [106, 62, 379, 367, 71])",,,,,,
383,natural language processing,Reinforcement Learning,10,2025-06-18T13:59:14.780093,,,,,,,,,,,,,,,,,,,,,,,,,,,,,,,,,,,,,,,,,,,,,,,,,,,,,,,95.0,1.8832250833511353,cybersecurity,unknown,True,"Episode_95: 中間抽象度, 集約的 (dims: [106, 62, 379, 367, 71])"
384,computer vision,Graph Neural Networks,10,2025-06-18T13:59:14.824903,0.0,1.894721269607544,medical diagnosis,unknown,True,"Episode_0: 中間抽象度, 集約的 (dims: [13, 282, 58, 91, 281])",,,,,,,,,,,,,,,,,,,,,,,,,,,,,,,,,,,,,,,,,,,,,,,,,,,,,,
384,computer vision,Graph Neural Networks,10,2025-06-18T13:59:14.824903,,,,,,,10.0,1.894721269607544,medical diagnosis,unknown,True,"Episode_10: 中間抽象度, 集約的 (dims: [13, 282, 58, 91, 281])",,,,,,,,,,,,,,,,,,,,,,,,,,,,,,,,,,,,,,,,,,,,,,,,
384,computer vision,Graph Neural Networks,10,2025-06-18T13:59:14.824903,,,,,,,,,,,,,20.0,1.894721269607544,medical diagnosis,unknown,True,"Episode_20: 中間抽象度, 集約的 (dims: [13, 282, 58, 91, 281])",,,,,,,,,,,,,,,,,,,,,,,,,,,,,,,,,,,,,,,,,,
384,computer vision,Graph Neural Networks,10,2025-06-18T13:59:14.824903,,,,,,,,,,,,,,,,,,,30.0,1.894721269607544,medical diagnosis,unknown,True,"Episode_30: 中間抽象度, 集約的 (dims: [13, 282, 58, 91, 281])",,,,,,,,,,,,,,,,,,,,,,,,,,,,,,,,,,,,
384,computer vision,Graph Neural Networks,10,2025-06-18T13:59:14.824903,,,,,,,,,,,,,,,,,,,,,,,,,40.0,1.894721269607544,medical diagnosis,unknown,True,"Episode_40: 中間抽象度, 集約的 (dims: [13, 282, 58, 91, 281])",,,,,,,,,,,,,,,,,,,,,,,,,,,,,,
384,computer vision,Graph Neural Networks,10,2025-06-18T13:59:14.824903,,,,,,,,,,,,,,,,,,,,,,,,,,,,,,,50.0,1.894721269607544,medical diagnosis,unknown,True,"Episode_50: 中間抽象度, 集約的 (dims: [13, 282, 58, 91, 281])",,,,,,,,,,,,,,,,,,,,,,,,
384,computer vision,Graph Neural Networks,10,2025-06-18T13:59:14.824903,,,,,,,,,,,,,,,,,,,,,,,,,,,,,,,,,,,,,60.0,1.894721269607544,medical diagnosis,unknown,True,"Episode_60: 中間抽象度, 集約的 (dims: [13, 282, 58, 91, 281])",,,,,,,,,,,,,,,,,,
384,computer vision,Graph Neural Networks,10,2025-06-18T13:59:14.824903,,,,,,,,,,,,,,,,,,,,,,,,,,,,,,,,,,,,,,,,,,,70.0,1.894721269607544,medical diagnosis,unknown,True,"Episode_70: 中間抽象度, 集約的 (dims: [13, 282, 58, 91, 281])",,,,,,,,,,,,
384,computer vision,Graph Neural Networks,10,2025-06-18T13:59:14.824903,,,,,,,,,,,,,,,,,,,,,,,,,,,,,,,,,,,,,,,,,,,,,,,,,80.0,1.894721269607544,medical diagnosis,unknown,True,"Episode_80: 中間抽象度, 集約的 (dims: [13, 282, 58, 91, 281])",,,,,,
384,computer vision,Graph Neural Networks,10,2025-06-18T13:59:14.824903,,,,,,,,,,,,,,,,,,,,,,,,,,,,,,,,,,,,,,,,,,,,,,,,,,,,,,,90.0,1.894721269607544,medical diagnosis,unknown,True,"Episode_90: 中間抽象度, 集約的 (dims: [13, 282, 58, 91, 281])"
385,robotics,Federated Learning,10,2025-06-18T13:59:14.870327,5.0,1.8728573322296143,cybersecurity,unknown,True,"Episode_5: 中間抽象度, 集約的 (dims: [106, 62, 379, 367, 71])",,,,,,,,,,,,,,,,,,,,,,,,,,,,,,,,,,,,,,,,,,,,,,,,,,,,,,
385,robotics,Federated Learning,10,2025-06-18T13:59:14.870327,,,,,,,15.0,1.8728573322296143,cybersecurity,unknown,True,"Episode_15: 中間抽象度, 集約的 (dims: [106, 62, 379, 367, 71])",,,,,,,,,,,,,,,,,,,,,,,,,,,,,,,,,,,,,,,,,,,,,,,,
385,robotics,Federated Learning,10,2025-06-18T13:59:14.870327,,,,,,,,,,,,,25.0,1.8728573322296143,cybersecurity,unknown,True,"Episode_25: 中間抽象度, 集約的 (dims: [106, 62, 379, 367, 71])",,,,,,,,,,,,,,,,,,,,,,,,,,,,,,,,,,,,,,,,,,
385,robotics,Federated Learning,10,2025-06-18T13:59:14.870327,,,,,,,,,,,,,,,,,,,35.0,1.8728573322296143,cybersecurity,unknown,True,"Episode_35: 中間抽象度, 集約的 (dims: [106, 62, 379, 367, 71])",,,,,,,,,,,,,,,,,,,,,,,,,,,,,,,,,,,,
385,robotics,Federated Learning,10,2025-06-18T13:59:14.870327,,,,,,,,,,,,,,,,,,,,,,,,,45.0,1.8728573322296143,cybersecurity,unknown,True,"Episode_45: 中間抽象度, 集約的 (dims: [106, 62, 379, 367, 71])",,,,,,,,,,,,,,,,,,,,,,,,,,,,,,
385,robotics,Federated Learning,10,2025-06-18T13:59:14.870327,,,,,,,,,,,,,,,,,,,,,,,,,,,,,,,55.0,1.8728573322296143,cybersecurity,unknown,True,"Episode_55: 中間抽象度, 集約的 (dims: [106, 62, 379, 367, 71])",,,,,,,,,,,,,,,,,,,,,,,,
385,robotics,Federated Learning,10,2025-06-18T13:59:14.870327,,,,,,,,,,,,,,,,,,,,,,,,,,,,,,,,,,,,,65.0,1.8728573322296143,cybersecurity,unknown,True,"Episode_65: 中間抽象度, 集約的 (dims: [106, 62, 379, 367, 71])",,,,,,,,,,,,,,,,,,
385,robotics,Federated Learning,10,2025-06-18T13:59:14.870327,,,,,,,,,,,,,,,,,,,,,,,,,,,,,,,,,,,,,,,,,,,75.0,1.8728573322296143,cybersecurity,unknown,True,"Episode_75: 中間抽象度, 集約的 (dims: [106, 62, 379, 367, 71])",,,,,,,,,,,,
385,robotics,Federated Learning,10,2025-06-18T13:59:14.870327,,,,,,,,,,,,,,,,,,,,,,,,,,,,,,,,,,,,,,,,,,,,,,,,,85.0,1.8728573322296143,cybersecurity,unknown,True,"Episode_85: 中間抽象度, 集約的 (dims: [106, 62, 379, 367, 71])",,,,,,
385,robotics,Federated Learning,10,2025-06-18T13:59:14.870327,,,,,,,,,,,,,,,,,,,,,,,,,,,,,,,,,,,,,,,,,,,,,,,,,,,,,,,95.0,1.8728573322296143,cybersecurity,unknown,True,"Episode_95: 中間抽象度, 集約的 (dims: [106, 62, 379, 367, 71])"
386,cybersecurity,Explainable AI,10,2025-06-18T13:59:14.915418,0.0,1.911033272743225,medical diagnosis,unknown,True,"Episode_0: 中間抽象度, 集約的 (dims: [13, 282, 58, 91, 281])",,,,,,,,,,,,,,,,,,,,,,,,,,,,,,,,,,,,,,,,,,,,,,,,,,,,,,
386,cybersecurity,Explainable AI,10,2025-06-18T13:59:14.915418,,,,,,,10.0,1.911033272743225,medical diagnosis,unknown,True,"Episode_10: 中間抽象度, 集約的 (dims: [13, 282, 58, 91, 281])",,,,,,,,,,,,,,,,,,,,,,,,,,,,,,,,,,,,,,,,,,,,,,,,
386,cybersecurity,Explainable AI,10,2025-06-18T13:59:14.915418,,,,,,,,,,,,,20.0,1.911033272743225,medical diagnosis,unknown,True,"Episode_20: 中間抽象度, 集約的 (dims: [13, 282, 58, 91, 281])",,,,,,,,,,,,,,,,,,,,,,,,,,,,,,,,,,,,,,,,,,
386,cybersecurity,Explainable AI,10,2025-06-18T13:59:14.915418,,,,,,,,,,,,,,,,,,,30.0,1.911033272743225,medical diagnosis,unknown,True,"Episode_30: 中間抽象度, 集約的 (dims: [13, 282, 58, 91, 281])",,,,,,,,,,,,,,,,,,,,,,,,,,,,,,,,,,,,
386,cybersecurity,Explainable AI,10,2025-06-18T13:59:14.915418,,,,,,,,,,,,,,,,,,,,,,,,,40.0,1.911033272743225,medical diagnosis,unknown,True,"Episode_40: 中間抽象度, 集約的 (dims: [13, 282, 58, 91, 281])",,,,,,,,,,,,,,,,,,,,,,,,,,,,,,
386,cybersecurity,Explainable AI,10,2025-06-18T13:59:14.915418,,,,,,,,,,,,,,,,,,,,,,,,,,,,,,,50.0,1.911033272743225,medical diagnosis,unknown,True,"Episode_50: 中間抽象度, 集約的 (dims: [13, 282, 58, 91, 281])",,,,,,,,,,,,,,,,,,,,,,,,
386,cybersecurity,Explainable AI,10,2025-06-18T13:59:14.915418,,,,,,,,,,,,,,,,,,,,,,,,,,,,,,,,,,,,,60.0,1.911033272743225,medical diagnosis,unknown,True,"Episode_60: 中間抽象度, 集約的 (dims: [13, 282, 58, 91, 281])",,,,,,,,,,,,,,,,,,
386,cybersecurity,Explainable AI,10,2025-06-18T13:59:14.915418,,,,,,,,,,,,,,,,,,,,,,,,,,,,,,,,,,,,,,,,,,,70.0,1.911033272743225,medical diagnosis,unknown,True,"Episode_70: 中間抽象度, 集約的 (dims: [13, 282, 58, 91, 281])",,,,,,,,,,,,
386,cybersecurity,Explainable AI,10,2025-06-18T13:59:14.915418,,,,,,,,,,,,,,,,,,,,,,,,,,,,,,,,,,,,,,,,,,,,,,,,,80.0,1.911033272743225,medical diagnosis,unknown,True,"Episode_80: 中間抽象度, 集約的 (dims: [13, 282, 58, 91, 281])",,,,,,
386,cybersecurity,Explainable AI,10,2025-06-18T13:59:14.915418,,,,,,,,,,,,,,,,,,,,,,,,,,,,,,,,,,,,,,,,,,,,,,,,,,,,,,,90.0,1.911033272743225,medical diagnosis,unknown,True,"Episode_90: 中間抽象度, 集約的 (dims: [13, 282, 58, 91, 281])"
387,climate modeling,Multimodal Learning,10,2025-06-18T13:59:14.961573,5.0,1.9013603925704956,cybersecurity,unknown,True,"Episode_5: 中間抽象度, 集約的 (dims: [106, 62, 379, 367, 71])",,,,,,,,,,,,,,,,,,,,,,,,,,,,,,,,,,,,,,,,,,,,,,,,,,,,,,
387,climate modeling,Multimodal Learning,10,2025-06-18T13:59:14.961573,,,,,,,15.0,1.9013603925704956,cybersecurity,unknown,True,"Episode_15: 中間抽象度, 集約的 (dims: [106, 62, 379, 367, 71])",,,,,,,,,,,,,,,,,,,,,,,,,,,,,,,,,,,,,,,,,,,,,,,,
387,climate modeling,Multimodal Learning,10,2025-06-18T13:59:14.961573,,,,,,,,,,,,,25.0,1.9013603925704956,cybersecurity,unknown,True,"Episode_25: 中間抽象度, 集約的 (dims: [106, 62, 379, 367, 71])",,,,,,,,,,,,,,,,,,,,,,,,,,,,,,,,,,,,,,,,,,
387,climate modeling,Multimodal Learning,10,2025-06-18T13:59:14.961573,,,,,,,,,,,,,,,,,,,35.0,1.9013603925704956,cybersecurity,unknown,True,"Episode_35: 中間抽象度, 集約的 (dims: [106, 62, 379, 367, 71])",,,,,,,,,,,,,,,,,,,,,,,,,,,,,,,,,,,,
387,climate modeling,Multimodal Learning,10,2025-06-18T13:59:14.961573,,,,,,,,,,,,,,,,,,,,,,,,,45.0,1.9013603925704956,cybersecurity,unknown,True,"Episode_45: 中間抽象度, 集約的 (dims: [106, 62, 379, 367, 71])",,,,,,,,,,,,,,,,,,,,,,,,,,,,,,
387,climate modeling,Multimodal Learning,10,2025-06-18T13:59:14.961573,,,,,,,,,,,,,,,,,,,,,,,,,,,,,,,55.0,1.9013603925704956,cybersecurity,unknown,True,"Episode_55: 中間抽象度, 集約的 (dims: [106, 62, 379, 367, 71])",,,,,,,,,,,,,,,,,,,,,,,,
387,climate modeling,Multimodal Learning,10,2025-06-18T13:59:14.961573,,,,,,,,,,,,,,,,,,,,,,,,,,,,,,,,,,,,,65.0,1.9013603925704956,cybersecurity,unknown,True,"Episode_65: 中間抽象度, 集約的 (dims: [106, 62, 379, 367, 71])",,,,,,,,,,,,,,,,,,
387,climate modeling,Multimodal Learning,10,2025-06-18T13:59:14.961573,,,,,,,,,,,,,,,,,,,,,,,,,,,,,,,,,,,,,,,,,,,75.0,1.9013603925704956,cybersecurity,unknown,True,"Episode_75: 中間抽象度, 集約的 (dims: [106, 62, 379, 367, 71])",,,,,,,,,,,,
387,climate modeling,Multimodal Learning,10,2025-06-18T13:59:14.961573,,,,,,,,,,,,,,,,,,,,,,,,,,,,,,,,,,,,,,,,,,,,,,,,,85.0,1.9013603925704956,cybersecurity,unknown,True,"Episode_85: 中間抽象度, 集約的 (dims: [106, 62, 379, 367, 71])",,,,,,
387,climate modeling,Multimodal Learning,10,2025-06-18T13:59:14.961573,,,,,,,,,,,,,,,,,,,,,,,,,,,,,,,,,,,,,,,,,,,,,,,,,,,,,,,95.0,1.9013603925704956,cybersecurity,unknown,True,"Episode_95: 中間抽象度, 集約的 (dims: [106, 62, 379, 367, 71])"
388,drug discovery,Few-shot Learning,10,2025-06-18T13:59:15.008118,0.0,1.9221811294555664,medical diagnosis,unknown,True,"Episode_0: 中間抽象度, 集約的 (dims: [13, 282, 58, 91, 281])",,,,,,,,,,,,,,,,,,,,,,,,,,,,,,,,,,,,,,,,,,,,,,,,,,,,,,
388,drug discovery,Few-shot Learning,10,2025-06-18T13:59:15.008118,,,,,,,10.0,1.9221811294555664,medical diagnosis,unknown,True,"Episode_10: 中間抽象度, 集約的 (dims: [13, 282, 58, 91, 281])",,,,,,,,,,,,,,,,,,,,,,,,,,,,,,,,,,,,,,,,,,,,,,,,
388,drug discovery,Few-shot Learning,10,2025-06-18T13:59:15.008118,,,,,,,,,,,,,20.0,1.9221811294555664,medical diagnosis,unknown,True,"Episode_20: 中間抽象度, 集約的 (dims: [13, 282, 58, 91, 281])",,,,,,,,,,,,,,,,,,,,,,,,,,,,,,,,,,,,,,,,,,
388,drug discovery,Few-shot Learning,10,2025-06-18T13:59:15.008118,,,,,,,,,,,,,,,,,,,30.0,1.9221811294555664,medical diagnosis,unknown,True,"Episode_30: 中間抽象度, 集約的 (dims: [13, 282, 58, 91, 281])",,,,,,,,,,,,,,,,,,,,,,,,,,,,,,,,,,,,
388,drug discovery,Few-shot Learning,10,2025-06-18T13:59:15.008118,,,,,,,,,,,,,,,,,,,,,,,,,40.0,1.9221811294555664,medical diagnosis,unknown,True,"Episode_40: 中間抽象度, 集約的 (dims: [13, 282, 58, 91, 281])",,,,,,,,,,,,,,,,,,,,,,,,,,,,,,
388,drug discovery,Few-shot Learning,10,2025-06-18T13:59:15.008118,,,,,,,,,,,,,,,,,,,,,,,,,,,,,,,50.0,1.9221811294555664,medical diagnosis,unknown,True,"Episode_50: 中間抽象度, 集約的 (dims: [13, 282, 58, 91, 281])",,,,,,,,,,,,,,,,,,,,,,,,
388,drug discovery,Few-shot Learning,10,2025-06-18T13:59:15.008118,,,,,,,,,,,,,,,,,,,,,,,,,,,,,,,,,,,,,60.0,1.9221811294555664,medical diagnosis,unknown,True,"Episode_60: 中間抽象度, 集約的 (dims: [13, 282, 58, 91, 281])",,,,,,,,,,,,,,,,,,
388,drug discovery,Few-shot Learning,10,2025-06-18T13:59:15.008118,,,,,,,,,,,,,,,,,,,,,,,,,,,,,,,,,,,,,,,,,,,70.0,1.9221811294555664,medical diagnosis,unknown,True,"Episode_70: 中間抽象度, 集約的 (dims: [13, 282, 58, 91, 281])",,,,,,,,,,,,
388,drug discovery,Few-shot Learning,10,2025-06-18T13:59:15.008118,,,,,,,,,,,,,,,,,,,,,,,,,,,,,,,,,,,,,,,,,,,,,,,,,80.0,1.9221811294555664,medical diagnosis,unknown,True,"Episode_80: 中間抽象度, 集約的 (dims: [13, 282, 58, 91, 281])",,,,,,
388,drug discovery,Few-shot Learning,10,2025-06-18T13:59:15.008118,,,,,,,,,,,,,,,,,,,,,,,,,,,,,,,,,,,,,,,,,,,,,,,,,,,,,,,90.0,1.9221811294555664,medical diagnosis,unknown,True,"Episode_90: 中間抽象度, 集約的 (dims: [13, 282, 58, 91, 281])"
389,financial prediction,Transfer Learning,10,2025-06-18T13:59:15.052672,0.0,1.9256962537765503,medical diagnosis,unknown,True,"Episode_0: 中間抽象度, 集約的 (dims: [13, 282, 58, 91, 281])",,,,,,,,,,,,,,,,,,,,,,,,,,,,,,,,,,,,,,,,,,,,,,,,,,,,,,
389,financial prediction,Transfer Learning,10,2025-06-18T13:59:15.052672,,,,,,,10.0,1.9256962537765503,medical diagnosis,unknown,True,"Episode_10: 中間抽象度, 集約的 (dims: [13, 282, 58, 91, 281])",,,,,,,,,,,,,,,,,,,,,,,,,,,,,,,,,,,,,,,,,,,,,,,,
389,financial prediction,Transfer Learning,10,2025-06-18T13:59:15.052672,,,,,,,,,,,,,20.0,1.9256962537765503,medical diagnosis,unknown,True,"Episode_20: 中間抽象度, 集約的 (dims: [13, 282, 58, 91, 281])",,,,,,,,,,,,,,,,,,,,,,,,,,,,,,,,,,,,,,,,,,
389,financial prediction,Transfer Learning,10,2025-06-18T13:59:15.052672,,,,,,,,,,,,,,,,,,,30.0,1.9256962537765503,medical diagnosis,unknown,True,"Episode_30: 中間抽象度, 集約的 (dims: [13, 282, 58, 91, 281])",,,,,,,,,,,,,,,,,,,,,,,,,,,,,,,,,,,,
389,financial prediction,Transfer Learning,10,2025-06-18T13:59:15.052672,,,,,,,,,,,,,,,,,,,,,,,,,40.0,1.9256962537765503,medical diagnosis,unknown,True,"Episode_40: 中間抽象度, 集約的 (dims: [13, 282, 58, 91, 281])",,,,,,,,,,,,,,,,,,,,,,,,,,,,,,
389,financial prediction,Transfer Learning,10,2025-06-18T13:59:15.052672,,,,,,,,,,,,,,,,,,,,,,,,,,,,,,,50.0,1.9256962537765503,medical diagnosis,unknown,True,"Episode_50: 中間抽象度, 集約的 (dims: [13, 282, 58, 91, 281])",,,,,,,,,,,,,,,,,,,,,,,,
389,financial prediction,Transfer Learning,10,2025-06-18T13:59:15.052672,,,,,,,,,,,,,,,,,,,,,,,,,,,,,,,,,,,,,60.0,1.9256962537765503,medical diagnosis,unknown,True,"Episode_60: 中間抽象度, 集約的 (dims: [13, 282, 58, 91, 281])",,,,,,,,,,,,,,,,,,
389,financial prediction,Transfer Learning,10,2025-06-18T13:59:15.052672,,,,,,,,,,,,,,,,,,,,,,,,,,,,,,,,,,,,,,,,,,,70.0,1.9256962537765503,medical diagnosis,unknown,True,"Episode_70: 中間抽象度, 集約的 (dims: [13, 282, 58, 91, 281])",,,,,,,,,,,,
389,financial prediction,Transfer Learning,10,2025-06-18T13:59:15.052672,,,,,,,,,,,,,,,,,,,,,,,,,,,,,,,,,,,,,,,,,,,,,,,,,80.0,1.9256962537765503,medical diagnosis,unknown,True,"Episode_80: 中間抽象度, 集約的 (dims: [13, 282, 58, 91, 281])",,,,,,
389,financial prediction,Transfer Learning,10,2025-06-18T13:59:15.052672,,,,,,,,,,,,,,,,,,,,,,,,,,,,,,,,,,,,,,,,,,,,,,,,,,,,,,,90.0,1.9256962537765503,medical diagnosis,unknown,True,"Episode_90: 中間抽象度, 集約的 (dims: [13, 282, 58, 91, 281])"
390,educational technology,Adversarial Machine Learning,10,2025-06-18T13:59:15.098201,0.0,1.928670048713684,medical diagnosis,unknown,True,"Episode_0: 中間抽象度, 集約的 (dims: [13, 282, 58, 91, 281])",,,,,,,,,,,,,,,,,,,,,,,,,,,,,,,,,,,,,,,,,,,,,,,,,,,,,,
390,educational technology,Adversarial Machine Learning,10,2025-06-18T13:59:15.098201,,,,,,,10.0,1.928670048713684,medical diagnosis,unknown,True,"Episode_10: 中間抽象度, 集約的 (dims: [13, 282, 58, 91, 281])",,,,,,,,,,,,,,,,,,,,,,,,,,,,,,,,,,,,,,,,,,,,,,,,
390,educational technology,Adversarial Machine Learning,10,2025-06-18T13:59:15.098201,,,,,,,,,,,,,20.0,1.928670048713684,medical diagnosis,unknown,True,"Episode_20: 中間抽象度, 集約的 (dims: [13, 282, 58, 91, 281])",,,,,,,,,,,,,,,,,,,,,,,,,,,,,,,,,,,,,,,,,,
390,educational technology,Adversarial Machine Learning,10,2025-06-18T13:59:15.098201,,,,,,,,,,,,,,,,,,,30.0,1.928670048713684,medical diagnosis,unknown,True,"Episode_30: 中間抽象度, 集約的 (dims: [13, 282, 58, 91, 281])",,,,,,,,,,,,,,,,,,,,,,,,,,,,,,,,,,,,
390,educational technology,Adversarial Machine Learning,10,2025-06-18T13:59:15.098201,,,,,,,,,,,,,,,,,,,,,,,,,40.0,1.928670048713684,medical diagnosis,unknown,True,"Episode_40: 中間抽象度, 集約的 (dims: [13, 282, 58, 91, 281])",,,,,,,,,,,,,,,,,,,,,,,,,,,,,,
390,educational technology,Adversarial Machine Learning,10,2025-06-18T13:59:15.098201,,,,,,,,,,,,,,,,,,,,,,,,,,,,,,,50.0,1.928670048713684,medical diagnosis,unknown,True,"Episode_50: 中間抽象度, 集約的 (dims: [13, 282, 58, 91, 281])",,,,,,,,,,,,,,,,,,,,,,,,
390,educational technology,Adversarial Machine Learning,10,2025-06-18T13:59:15.098201,,,,,,,,,,,,,,,,,,,,,,,,,,,,,,,,,,,,,60.0,1.928670048713684,medical diagnosis,unknown,True,"Episode_60: 中間抽象度, 集約的 (dims: [13, 282, 58, 91, 281])",,,,,,,,,,,,,,,,,,
390,educational technology,Adversarial Machine Learning,10,2025-06-18T13:59:15.098201,,,,,,,,,,,,,,,,,,,,,,,,,,,,,,,,,,,,,,,,,,,70.0,1.928670048713684,medical diagnosis,unknown,True,"Episode_70: 中間抽象度, 集約的 (dims: [13, 282, 58, 91, 281])",,,,,,,,,,,,
390,educational technology,Adversarial Machine Learning,10,2025-06-18T13:59:15.098201,,,,,,,,,,,,,,,,,,,,,,,,,,,,,,,,,,,,,,,,,,,,,,,,,80.0,1.928670048713684,medical diagnosis,unknown,True,"Episode_80: 中間抽象度, 集約的 (dims: [13, 282, 58, 91, 281])",,,,,,
390,educational technology,Adversarial Machine Learning,10,2025-06-18T13:59:15.098201,,,,,,,,,,,,,,,,,,,,,,,,,,,,,,,,,,,,,,,,,,,,,,,,,,,,,,,90.0,1.928670048713684,medical diagnosis,unknown,True,"Episode_90: 中間抽象度, 集約的 (dims: [13, 282, 58, 91, 281])"
391,medical diagnosis,Large Language Models,0,2025-06-18T13:59:15.144697,0.0,1.8874430656433105,medical diagnosis,unknown,False,"Episode_0: 中間抽象度, 集約的 (dims: [13, 282, 58, 91, 281])",,,,,,,,,,,,,,,,,,,,,,,,,,,,,,,,,,,,,,,,,,,,,,,,,,,,,,
391,medical diagnosis,Large Language Models,0,2025-06-18T13:59:15.144697,,,,,,,10.0,1.8874430656433105,medical diagnosis,unknown,False,"Episode_10: 中間抽象度, 集約的 (dims: [13, 282, 58, 91, 281])",,,,,,,,,,,,,,,,,,,,,,,,,,,,,,,,,,,,,,,,,,,,,,,,
391,medical diagnosis,Large Language Models,0,2025-06-18T13:59:15.144697,,,,,,,,,,,,,20.0,1.8874430656433105,medical diagnosis,unknown,False,"Episode_20: 中間抽象度, 集約的 (dims: [13, 282, 58, 91, 281])",,,,,,,,,,,,,,,,,,,,,,,,,,,,,,,,,,,,,,,,,,
391,medical diagnosis,Large Language Models,0,2025-06-18T13:59:15.144697,,,,,,,,,,,,,,,,,,,30.0,1.8874430656433105,medical diagnosis,unknown,False,"Episode_30: 中間抽象度, 集約的 (dims: [13, 282, 58, 91, 281])",,,,,,,,,,,,,,,,,,,,,,,,,,,,,,,,,,,,
391,medical diagnosis,Large Language Models,0,2025-06-18T13:59:15.144697,,,,,,,,,,,,,,,,,,,,,,,,,40.0,1.8874430656433105,medical diagnosis,unknown,False,"Episode_40: 中間抽象度, 集約的 (dims: [13, 282, 58, 91, 281])",,,,,,,,,,,,,,,,,,,,,,,,,,,,,,
391,medical diagnosis,Large Language Models,0,2025-06-18T13:59:15.144697,,,,,,,,,,,,,,,,,,,,,,,,,,,,,,,50.0,1.8874430656433105,medical diagnosis,unknown,False,"Episode_50: 中間抽象度, 集約的 (dims: [13, 282, 58, 91, 281])",,,,,,,,,,,,,,,,,,,,,,,,
391,medical diagnosis,Large Language Models,0,2025-06-18T13:59:15.144697,,,,,,,,,,,,,,,,,,,,,,,,,,,,,,,,,,,,,60.0,1.8874430656433105,medical diagnosis,unknown,False,"Episode_60: 中間抽象度, 集約的 (dims: [13, 282, 58, 91, 281])",,,,,,,,,,,,,,,,,,
391,medical diagnosis,Large Language Models,0,2025-06-18T13:59:15.144697,,,,,,,,,,,,,,,,,,,,,,,,,,,,,,,,,,,,,,,,,,,70.0,1.8874430656433105,medical diagnosis,unknown,False,"Episode_70: 中間抽象度, 集約的 (dims: [13, 282, 58, 91, 281])",,,,,,,,,,,,
391,medical diagnosis,Large Language Models,0,2025-06-18T13:59:15.144697,,,,,,,,,,,,,,,,,,,,,,,,,,,,,,,,,,,,,,,,,,,,,,,,,80.0,1.8874430656433105,medical diagnosis,unknown,False,"Episode_80: 中間抽象度, 集約的 (dims: [13, 282, 58, 91, 281])",,,,,,
391,medical diagnosis,Large Language Models,0,2025-06-18T13:59:15.144697,,,,,,,,,,,,,,,,,,,,,,,,,,,,,,,,,,,,,,,,,,,,,,,,,,,,,,,90.0,1.8874430656433105,medical diagnosis,unknown,False,"Episode_90: 中間抽象度, 集約的 (dims: [13, 282, 58, 91, 281])"
392,autonomous systems,Computer Vision,10,2025-06-18T13:59:15.190453,0.0,1.8768787384033203,medical diagnosis,unknown,True,"Episode_0: 中間抽象度, 集約的 (dims: [13, 282, 58, 91, 281])",,,,,,,,,,,,,,,,,,,,,,,,,,,,,,,,,,,,,,,,,,,,,,,,,,,,,,
392,autonomous systems,Computer Vision,10,2025-06-18T13:59:15.190453,,,,,,,10.0,1.8768787384033203,medical diagnosis,unknown,True,"Episode_10: 中間抽象度, 集約的 (dims: [13, 282, 58, 91, 281])",,,,,,,,,,,,,,,,,,,,,,,,,,,,,,,,,,,,,,,,,,,,,,,,
392,autonomous systems,Computer Vision,10,2025-06-18T13:59:15.190453,,,,,,,,,,,,,20.0,1.8768787384033203,medical diagnosis,unknown,True,"Episode_20: 中間抽象度, 集約的 (dims: [13, 282, 58, 91, 281])",,,,,,,,,,,,,,,,,,,,,,,,,,,,,,,,,,,,,,,,,,
392,autonomous systems,Computer Vision,10,2025-06-18T13:59:15.190453,,,,,,,,,,,,,,,,,,,30.0,1.8768787384033203,medical diagnosis,unknown,True,"Episode_30: 中間抽象度, 集約的 (dims: [13, 282, 58, 91, 281])",,,,,,,,,,,,,,,,,,,,,,,,,,,,,,,,,,,,
392,autonomous systems,Computer Vision,10,2025-06-18T13:59:15.190453,,,,,,,,,,,,,,,,,,,,,,,,,40.0,1.8768787384033203,medical diagnosis,unknown,True,"Episode_40: 中間抽象度, 集約的 (dims: [13, 282, 58, 91, 281])",,,,,,,,,,,,,,,,,,,,,,,,,,,,,,
392,autonomous systems,Computer Vision,10,2025-06-18T13:59:15.190453,,,,,,,,,,,,,,,,,,,,,,,,,,,,,,,50.0,1.8768787384033203,medical diagnosis,unknown,True,"Episode_50: 中間抽象度, 集約的 (dims: [13, 282, 58, 91, 281])",,,,,,,,,,,,,,,,,,,,,,,,
392,autonomous systems,Computer Vision,10,2025-06-18T13:59:15.190453,,,,,,,,,,,,,,,,,,,,,,,,,,,,,,,,,,,,,60.0,1.8768787384033203,medical diagnosis,unknown,True,"Episode_60: 中間抽象度, 集約的 (dims: [13, 282, 58, 91, 281])",,,,,,,,,,,,,,,,,,
392,autonomous systems,Computer Vision,10,2025-06-18T13:59:15.190453,,,,,,,,,,,,,,,,,,,,,,,,,,,,,,,,,,,,,,,,,,,70.0,1.8768787384033203,medical diagnosis,unknown,True,"Episode_70: 中間抽象度, 集約的 (dims: [13, 282, 58, 91, 281])",,,,,,,,,,,,
392,autonomous systems,Computer Vision,10,2025-06-18T13:59:15.190453,,,,,,,,,,,,,,,,,,,,,,,,,,,,,,,,,,,,,,,,,,,,,,,,,80.0,1.8768787384033203,medical diagnosis,unknown,True,"Episode_80: 中間抽象度, 集約的 (dims: [13, 282, 58, 91, 281])",,,,,,
392,autonomous systems,Computer Vision,10,2025-06-18T13:59:15.190453,,,,,,,,,,,,,,,,,,,,,,,,,,,,,,,,,,,,,,,,,,,,,,,,,,,,,,,90.0,1.8768787384033203,medical diagnosis,unknown,True,"Episode_90: 中間抽象度, 集約的 (dims: [13, 282, 58, 91, 281])"
393,natural language processing,Reinforcement Learning,10,2025-06-18T13:59:15.235054,5.0,1.8832250833511353,cybersecurity,unknown,True,"Episode_5: 中間抽象度, 集約的 (dims: [106, 62, 379, 367, 71])",,,,,,,,,,,,,,,,,,,,,,,,,,,,,,,,,,,,,,,,,,,,,,,,,,,,,,
393,natural language processing,Reinforcement Learning,10,2025-06-18T13:59:15.235054,,,,,,,15.0,1.8832250833511353,cybersecurity,unknown,True,"Episode_15: 中間抽象度, 集約的 (dims: [106, 62, 379, 367, 71])",,,,,,,,,,,,,,,,,,,,,,,,,,,,,,,,,,,,,,,,,,,,,,,,
393,natural language processing,Reinforcement Learning,10,2025-06-18T13:59:15.235054,,,,,,,,,,,,,25.0,1.8832250833511353,cybersecurity,unknown,True,"Episode_25: 中間抽象度, 集約的 (dims: [106, 62, 379, 367, 71])",,,,,,,,,,,,,,,,,,,,,,,,,,,,,,,,,,,,,,,,,,
393,natural language processing,Reinforcement Learning,10,2025-06-18T13:59:15.235054,,,,,,,,,,,,,,,,,,,35.0,1.8832250833511353,cybersecurity,unknown,True,"Episode_35: 中間抽象度, 集約的 (dims: [106, 62, 379, 367, 71])",,,,,,,,,,,,,,,,,,,,,,,,,,,,,,,,,,,,
393,natural language processing,Reinforcement Learning,10,2025-06-18T13:59:15.235054,,,,,,,,,,,,,,,,,,,,,,,,,45.0,1.8832250833511353,cybersecurity,unknown,True,"Episode_45: 中間抽象度, 集約的 (dims: [106, 62, 379, 367, 71])",,,,,,,,,,,,,,,,,,,,,,,,,,,,,,
393,natural language processing,Reinforcement Learning,10,2025-06-18T13:59:15.235054,,,,,,,,,,,,,,,,,,,,,,,,,,,,,,,55.0,1.8832250833511353,cybersecurity,unknown,True,"Episode_55: 中間抽象度, 集約的 (dims: [106, 62, 379, 367, 71])",,,,,,,,,,,,,,,,,,,,,,,,
393,natural language processing,Reinforcement Learning,10,2025-06-18T13:59:15.235054,,,,,,,,,,,,,,,,,,,,,,,,,,,,,,,,,,,,,65.0,1.8832250833511353,cybersecurity,unknown,True,"Episode_65: 中間抽象度, 集約的 (dims: [106, 62, 379, 367, 71])",,,,,,,,,,,,,,,,,,
393,natural language processing,Reinforcement Learning,10,2025-06-18T13:59:15.235054,,,,,,,,,,,,,,,,,,,,,,,,,,,,,,,,,,,,,,,,,,,75.0,1.8832250833511353,cybersecurity,unknown,True,"Episode_75: 中間抽象度, 集約的 (dims: [106, 62, 379, 367, 71])",,,,,,,,,,,,
393,natural language processing,Reinforcement Learning,10,2025-06-18T13:59:15.235054,,,,,,,,,,,,,,,,,,,,,,,,,,,,,,,,,,,,,,,,,,,,,,,,,85.0,1.8832250833511353,cybersecurity,unknown,True,"Episode_85: 中間抽象度, 集約的 (dims: [106, 62, 379, 367, 71])",,,,,,
393,natural language processing,Reinforcement Learning,10,2025-06-18T13:59:15.235054,,,,,,,,,,,,,,,,,,,,,,,,,,,,,,,,,,,,,,,,,,,,,,,,,,,,,,,95.0,1.8832250833511353,cybersecurity,unknown,True,"Episode_95: 中間抽象度, 集約的 (dims: [106, 62, 379, 367, 71])"
394,computer vision,Graph Neural Networks,10,2025-06-18T13:59:15.279188,0.0,1.894721269607544,medical diagnosis,unknown,True,"Episode_0: 中間抽象度, 集約的 (dims: [13, 282, 58, 91, 281])",,,,,,,,,,,,,,,,,,,,,,,,,,,,,,,,,,,,,,,,,,,,,,,,,,,,,,
394,computer vision,Graph Neural Networks,10,2025-06-18T13:59:15.279188,,,,,,,10.0,1.894721269607544,medical diagnosis,unknown,True,"Episode_10: 中間抽象度, 集約的 (dims: [13, 282, 58, 91, 281])",,,,,,,,,,,,,,,,,,,,,,,,,,,,,,,,,,,,,,,,,,,,,,,,
394,computer vision,Graph Neural Networks,10,2025-06-18T13:59:15.279188,,,,,,,,,,,,,20.0,1.894721269607544,medical diagnosis,unknown,True,"Episode_20: 中間抽象度, 集約的 (dims: [13, 282, 58, 91, 281])",,,,,,,,,,,,,,,,,,,,,,,,,,,,,,,,,,,,,,,,,,
394,computer vision,Graph Neural Networks,10,2025-06-18T13:59:15.279188,,,,,,,,,,,,,,,,,,,30.0,1.894721269607544,medical diagnosis,unknown,True,"Episode_30: 中間抽象度, 集約的 (dims: [13, 282, 58, 91, 281])",,,,,,,,,,,,,,,,,,,,,,,,,,,,,,,,,,,,
394,computer vision,Graph Neural Networks,10,2025-06-18T13:59:15.279188,,,,,,,,,,,,,,,,,,,,,,,,,40.0,1.894721269607544,medical diagnosis,unknown,True,"Episode_40: 中間抽象度, 集約的 (dims: [13, 282, 58, 91, 281])",,,,,,,,,,,,,,,,,,,,,,,,,,,,,,
394,computer vision,Graph Neural Networks,10,2025-06-18T13:59:15.279188,,,,,,,,,,,,,,,,,,,,,,,,,,,,,,,50.0,1.894721269607544,medical diagnosis,unknown,True,"Episode_50: 中間抽象度, 集約的 (dims: [13, 282, 58, 91, 281])",,,,,,,,,,,,,,,,,,,,,,,,
394,computer vision,Graph Neural Networks,10,2025-06-18T13:59:15.279188,,,,,,,,,,,,,,,,,,,,,,,,,,,,,,,,,,,,,60.0,1.894721269607544,medical diagnosis,unknown,True,"Episode_60: 中間抽象度, 集約的 (dims: [13, 282, 58, 91, 281])",,,,,,,,,,,,,,,,,,
394,computer vision,Graph Neural Networks,10,2025-06-18T13:59:15.279188,,,,,,,,,,,,,,,,,,,,,,,,,,,,,,,,,,,,,,,,,,,70.0,1.894721269607544,medical diagnosis,unknown,True,"Episode_70: 中間抽象度, 集約的 (dims: [13, 282, 58, 91, 281])",,,,,,,,,,,,
394,computer vision,Graph Neural Networks,10,2025-06-18T13:59:15.279188,,,,,,,,,,,,,,,,,,,,,,,,,,,,,,,,,,,,,,,,,,,,,,,,,80.0,1.894721269607544,medical diagnosis,unknown,True,"Episode_80: 中間抽象度, 集約的 (dims: [13, 282, 58, 91, 281])",,,,,,
394,computer vision,Graph Neural Networks,10,2025-06-18T13:59:15.279188,,,,,,,,,,,,,,,,,,,,,,,,,,,,,,,,,,,,,,,,,,,,,,,,,,,,,,,90.0,1.894721269607544,medical diagnosis,unknown,True,"Episode_90: 中間抽象度, 集約的 (dims: [13, 282, 58, 91, 281])"
395,robotics,Federated Learning,10,2025-06-18T13:59:15.323760,5.0,1.8728573322296143,cybersecurity,unknown,True,"Episode_5: 中間抽象度, 集約的 (dims: [106, 62, 379, 367, 71])",,,,,,,,,,,,,,,,,,,,,,,,,,,,,,,,,,,,,,,,,,,,,,,,,,,,,,
395,robotics,Federated Learning,10,2025-06-18T13:59:15.323760,,,,,,,15.0,1.8728573322296143,cybersecurity,unknown,True,"Episode_15: 中間抽象度, 集約的 (dims: [106, 62, 379, 367, 71])",,,,,,,,,,,,,,,,,,,,,,,,,,,,,,,,,,,,,,,,,,,,,,,,
395,robotics,Federated Learning,10,2025-06-18T13:59:15.323760,,,,,,,,,,,,,25.0,1.8728573322296143,cybersecurity,unknown,True,"Episode_25: 中間抽象度, 集約的 (dims: [106, 62, 379, 367, 71])",,,,,,,,,,,,,,,,,,,,,,,,,,,,,,,,,,,,,,,,,,
395,robotics,Federated Learning,10,2025-06-18T13:59:15.323760,,,,,,,,,,,,,,,,,,,35.0,1.8728573322296143,cybersecurity,unknown,True,"Episode_35: 中間抽象度, 集約的 (dims: [106, 62, 379, 367, 71])",,,,,,,,,,,,,,,,,,,,,,,,,,,,,,,,,,,,
395,robotics,Federated Learning,10,2025-06-18T13:59:15.323760,,,,,,,,,,,,,,,,,,,,,,,,,45.0,1.8728573322296143,cybersecurity,unknown,True,"Episode_45: 中間抽象度, 集約的 (dims: [106, 62, 379, 367, 71])",,,,,,,,,,,,,,,,,,,,,,,,,,,,,,
395,robotics,Federated Learning,10,2025-06-18T13:59:15.323760,,,,,,,,,,,,,,,,,,,,,,,,,,,,,,,55.0,1.8728573322296143,cybersecurity,unknown,True,"Episode_55: 中間抽象度, 集約的 (dims: [106, 62, 379, 367, 71])",,,,,,,,,,,,,,,,,,,,,,,,
395,robotics,Federated Learning,10,2025-06-18T13:59:15.323760,,,,,,,,,,,,,,,,,,,,,,,,,,,,,,,,,,,,,65.0,1.8728573322296143,cybersecurity,unknown,True,"Episode_65: 中間抽象度, 集約的 (dims: [106, 62, 379, 367, 71])",,,,,,,,,,,,,,,,,,
395,robotics,Federated Learning,10,2025-06-18T13:59:15.323760,,,,,,,,,,,,,,,,,,,,,,,,,,,,,,,,,,,,,,,,,,,75.0,1.8728573322296143,cybersecurity,unknown,True,"Episode_75: 中間抽象度, 集約的 (dims: [106, 62, 379, 367, 71])",,,,,,,,,,,,
395,robotics,Federated Learning,10,2025-06-18T13:59:15.323760,,,,,,,,,,,,,,,,,,,,,,,,,,,,,,,,,,,,,,,,,,,,,,,,,85.0,1.8728573322296143,cybersecurity,unknown,True,"Episode_85: 中間抽象度, 集約的 (dims: [106, 62, 379, 367, 71])",,,,,,
395,robotics,Federated Learning,10,2025-06-18T13:59:15.323760,,,,,,,,,,,,,,,,,,,,,,,,,,,,,,,,,,,,,,,,,,,,,,,,,,,,,,,95.0,1.8728573322296143,cybersecurity,unknown,True,"Episode_95: 中間抽象度, 集約的 (dims: [106, 62, 379, 367, 71])"
396,cybersecurity,Explainable AI,10,2025-06-18T13:59:15.369393,0.0,1.911033272743225,medical diagnosis,unknown,True,"Episode_0: 中間抽象度, 集約的 (dims: [13, 282, 58, 91, 281])",,,,,,,,,,,,,,,,,,,,,,,,,,,,,,,,,,,,,,,,,,,,,,,,,,,,,,
396,cybersecurity,Explainable AI,10,2025-06-18T13:59:15.369393,,,,,,,10.0,1.911033272743225,medical diagnosis,unknown,True,"Episode_10: 中間抽象度, 集約的 (dims: [13, 282, 58, 91, 281])",,,,,,,,,,,,,,,,,,,,,,,,,,,,,,,,,,,,,,,,,,,,,,,,
396,cybersecurity,Explainable AI,10,2025-06-18T13:59:15.369393,,,,,,,,,,,,,20.0,1.911033272743225,medical diagnosis,unknown,True,"Episode_20: 中間抽象度, 集約的 (dims: [13, 282, 58, 91, 281])",,,,,,,,,,,,,,,,,,,,,,,,,,,,,,,,,,,,,,,,,,
396,cybersecurity,Explainable AI,10,2025-06-18T13:59:15.369393,,,,,,,,,,,,,,,,,,,30.0,1.911033272743225,medical diagnosis,unknown,True,"Episode_30: 中間抽象度, 集約的 (dims: [13, 282, 58, 91, 281])",,,,,,,,,,,,,,,,,,,,,,,,,,,,,,,,,,,,
396,cybersecurity,Explainable AI,10,2025-06-18T13:59:15.369393,,,,,,,,,,,,,,,,,,,,,,,,,40.0,1.911033272743225,medical diagnosis,unknown,True,"Episode_40: 中間抽象度, 集約的 (dims: [13, 282, 58, 91, 281])",,,,,,,,,,,,,,,,,,,,,,,,,,,,,,
396,cybersecurity,Explainable AI,10,2025-06-18T13:59:15.369393,,,,,,,,,,,,,,,,,,,,,,,,,,,,,,,50.0,1.911033272743225,medical diagnosis,unknown,True,"Episode_50: 中間抽象度, 集約的 (dims: [13, 282, 58, 91, 281])",,,,,,,,,,,,,,,,,,,,,,,,
396,cybersecurity,Explainable AI,10,2025-06-18T13:59:15.369393,,,,,,,,,,,,,,,,,,,,,,,,,,,,,,,,,,,,,60.0,1.911033272743225,medical diagnosis,unknown,True,"Episode_60: 中間抽象度, 集約的 (dims: [13, 282, 58, 91, 281])",,,,,,,,,,,,,,,,,,
396,cybersecurity,Explainable AI,10,2025-06-18T13:59:15.369393,,,,,,,,,,,,,,,,,,,,,,,,,,,,,,,,,,,,,,,,,,,70.0,1.911033272743225,medical diagnosis,unknown,True,"Episode_70: 中間抽象度, 集約的 (dims: [13, 282, 58, 91, 281])",,,,,,,,,,,,
396,cybersecurity,Explainable AI,10,2025-06-18T13:59:15.369393,,,,,,,,,,,,,,,,,,,,,,,,,,,,,,,,,,,,,,,,,,,,,,,,,80.0,1.911033272743225,medical diagnosis,unknown,True,"Episode_80: 中間抽象度, 集約的 (dims: [13, 282, 58, 91, 281])",,,,,,
396,cybersecurity,Explainable AI,10,2025-06-18T13:59:15.369393,,,,,,,,,,,,,,,,,,,,,,,,,,,,,,,,,,,,,,,,,,,,,,,,,,,,,,,90.0,1.911033272743225,medical diagnosis,unknown,True,"Episode_90: 中間抽象度, 集約的 (dims: [13, 282, 58, 91, 281])"
397,climate modeling,Multimodal Learning,10,2025-06-18T13:59:15.414379,5.0,1.9013603925704956,cybersecurity,unknown,True,"Episode_5: 中間抽象度, 集約的 (dims: [106, 62, 379, 367, 71])",,,,,,,,,,,,,,,,,,,,,,,,,,,,,,,,,,,,,,,,,,,,,,,,,,,,,,
397,climate modeling,Multimodal Learning,10,2025-06-18T13:59:15.414379,,,,,,,15.0,1.9013603925704956,cybersecurity,unknown,True,"Episode_15: 中間抽象度, 集約的 (dims: [106, 62, 379, 367, 71])",,,,,,,,,,,,,,,,,,,,,,,,,,,,,,,,,,,,,,,,,,,,,,,,
397,climate modeling,Multimodal Learning,10,2025-06-18T13:59:15.414379,,,,,,,,,,,,,25.0,1.9013603925704956,cybersecurity,unknown,True,"Episode_25: 中間抽象度, 集約的 (dims: [106, 62, 379, 367, 71])",,,,,,,,,,,,,,,,,,,,,,,,,,,,,,,,,,,,,,,,,,
397,climate modeling,Multimodal Learning,10,2025-06-18T13:59:15.414379,,,,,,,,,,,,,,,,,,,35.0,1.9013603925704956,cybersecurity,unknown,True,"Episode_35: 中間抽象度, 集約的 (dims: [106, 62, 379, 367, 71])",,,,,,,,,,,,,,,,,,,,,,,,,,,,,,,,,,,,
397,climate modeling,Multimodal Learning,10,2025-06-18T13:59:15.414379,,,,,,,,,,,,,,,,,,,,,,,,,45.0,1.9013603925704956,cybersecurity,unknown,True,"Episode_45: 中間抽象度, 集約的 (dims: [106, 62, 379, 367, 71])",,,,,,,,,,,,,,,,,,,,,,,,,,,,,,
397,climate modeling,Multimodal Learning,10,2025-06-18T13:59:15.414379,,,,,,,,,,,,,,,,,,,,,,,,,,,,,,,55.0,1.9013603925704956,cybersecurity,unknown,True,"Episode_55: 中間抽象度, 集約的 (dims: [106, 62, 379, 367, 71])",,,,,,,,,,,,,,,,,,,,,,,,
397,climate modeling,Multimodal Learning,10,2025-06-18T13:59:15.414379,,,,,,,,,,,,,,,,,,,,,,,,,,,,,,,,,,,,,65.0,1.9013603925704956,cybersecurity,unknown,True,"Episode_65: 中間抽象度, 集約的 (dims: [106, 62, 379, 367, 71])",,,,,,,,,,,,,,,,,,
397,climate modeling,Multimodal Learning,10,2025-06-18T13:59:15.414379,,,,,,,,,,,,,,,,,,,,,,,,,,,,,,,,,,,,,,,,,,,75.0,1.9013603925704956,cybersecurity,unknown,True,"Episode_75: 中間抽象度, 集約的 (dims: [106, 62, 379, 367, 71])",,,,,,,,,,,,
397,climate modeling,Multimodal Learning,10,2025-06-18T13:59:15.414379,,,,,,,,,,,,,,,,,,,,,,,,,,,,,,,,,,,,,,,,,,,,,,,,,85.0,1.9013603925704956,cybersecurity,unknown,True,"Episode_85: 中間抽象度, 集約的 (dims: [106, 62, 379, 367, 71])",,,,,,
397,climate modeling,Multimodal Learning,10,2025-06-18T13:59:15.414379,,,,,,,,,,,,,,,,,,,,,,,,,,,,,,,,,,,,,,,,,,,,,,,,,,,,,,,95.0,1.9013603925704956,cybersecurity,unknown,True,"Episode_95: 中間抽象度, 集約的 (dims: [106, 62, 379, 367, 71])"
398,drug discovery,Few-shot Learning,10,2025-06-18T13:59:15.460841,0.0,1.9221811294555664,medical diagnosis,unknown,True,"Episode_0: 中間抽象度, 集約的 (dims: [13, 282, 58, 91, 281])",,,,,,,,,,,,,,,,,,,,,,,,,,,,,,,,,,,,,,,,,,,,,,,,,,,,,,
398,drug discovery,Few-shot Learning,10,2025-06-18T13:59:15.460841,,,,,,,10.0,1.9221811294555664,medical diagnosis,unknown,True,"Episode_10: 中間抽象度, 集約的 (dims: [13, 282, 58, 91, 281])",,,,,,,,,,,,,,,,,,,,,,,,,,,,,,,,,,,,,,,,,,,,,,,,
398,drug discovery,Few-shot Learning,10,2025-06-18T13:59:15.460841,,,,,,,,,,,,,20.0,1.9221811294555664,medical diagnosis,unknown,True,"Episode_20: 中間抽象度, 集約的 (dims: [13, 282, 58, 91, 281])",,,,,,,,,,,,,,,,,,,,,,,,,,,,,,,,,,,,,,,,,,
398,drug discovery,Few-shot Learning,10,2025-06-18T13:59:15.460841,,,,,,,,,,,,,,,,,,,30.0,1.9221811294555664,medical diagnosis,unknown,True,"Episode_30: 中間抽象度, 集約的 (dims: [13, 282, 58, 91, 281])",,,,,,,,,,,,,,,,,,,,,,,,,,,,,,,,,,,,
398,drug discovery,Few-shot Learning,10,2025-06-18T13:59:15.460841,,,,,,,,,,,,,,,,,,,,,,,,,40.0,1.9221811294555664,medical diagnosis,unknown,True,"Episode_40: 中間抽象度, 集約的 (dims: [13, 282, 58, 91, 281])",,,,,,,,,,,,,,,,,,,,,,,,,,,,,,
398,drug discovery,Few-shot Learning,10,2025-06-18T13:59:15.460841,,,,,,,,,,,,,,,,,,,,,,,,,,,,,,,50.0,1.9221811294555664,medical diagnosis,unknown,True,"Episode_50: 中間抽象度, 集約的 (dims: [13, 282, 58, 91, 281])",,,,,,,,,,,,,,,,,,,,,,,,
398,drug discovery,Few-shot Learning,10,2025-06-18T13:59:15.460841,,,,,,,,,,,,,,,,,,,,,,,,,,,,,,,,,,,,,60.0,1.9221811294555664,medical diagnosis,unknown,True,"Episode_60: 中間抽象度, 集約的 (dims: [13, 282, 58, 91, 281])",,,,,,,,,,,,,,,,,,
398,drug discovery,Few-shot Learning,10,2025-06-18T13:59:15.460841,,,,,,,,,,,,,,,,,,,,,,,,,,,,,,,,,,,,,,,,,,,70.0,1.9221811294555664,medical diagnosis,unknown,True,"Episode_70: 中間抽象度, 集約的 (dims: [13, 282, 58, 91, 281])",,,,,,,,,,,,
398,drug discovery,Few-shot Learning,10,2025-06-18T13:59:15.460841,,,,,,,,,,,,,,,,,,,,,,,,,,,,,,,,,,,,,,,,,,,,,,,,,80.0,1.9221811294555664,medical diagnosis,unknown,True,"Episode_80: 中間抽象度, 集約的 (dims: [13, 282, 58, 91, 281])",,,,,,
398,drug discovery,Few-shot Learning,10,2025-06-18T13:59:15.460841,,,,,,,,,,,,,,,,,,,,,,,,,,,,,,,,,,,,,,,,,,,,,,,,,,,,,,,90.0,1.9221811294555664,medical diagnosis,unknown,True,"Episode_90: 中間抽象度, 集約的 (dims: [13, 282, 58, 91, 281])"
399,financial prediction,Transfer Learning,10,2025-06-18T13:59:15.506386,0.0,1.9256962537765503,medical diagnosis,unknown,True,"Episode_0: 中間抽象度, 集約的 (dims: [13, 282, 58, 91, 281])",,,,,,,,,,,,,,,,,,,,,,,,,,,,,,,,,,,,,,,,,,,,,,,,,,,,,,
399,financial prediction,Transfer Learning,10,2025-06-18T13:59:15.506386,,,,,,,10.0,1.9256962537765503,medical diagnosis,unknown,True,"Episode_10: 中間抽象度, 集約的 (dims: [13, 282, 58, 91, 281])",,,,,,,,,,,,,,,,,,,,,,,,,,,,,,,,,,,,,,,,,,,,,,,,
399,financial prediction,Transfer Learning,10,2025-06-18T13:59:15.506386,,,,,,,,,,,,,20.0,1.9256962537765503,medical diagnosis,unknown,True,"Episode_20: 中間抽象度, 集約的 (dims: [13, 282, 58, 91, 281])",,,,,,,,,,,,,,,,,,,,,,,,,,,,,,,,,,,,,,,,,,
399,financial prediction,Transfer Learning,10,2025-06-18T13:59:15.506386,,,,,,,,,,,,,,,,,,,30.0,1.9256962537765503,medical diagnosis,unknown,True,"Episode_30: 中間抽象度, 集約的 (dims: [13, 282, 58, 91, 281])",,,,,,,,,,,,,,,,,,,,,,,,,,,,,,,,,,,,
399,financial prediction,Transfer Learning,10,2025-06-18T13:59:15.506386,,,,,,,,,,,,,,,,,,,,,,,,,40.0,1.9256962537765503,medical diagnosis,unknown,True,"Episode_40: 中間抽象度, 集約的 (dims: [13, 282, 58, 91, 281])",,,,,,,,,,,,,,,,,,,,,,,,,,,,,,
399,financial prediction,Transfer Learning,10,2025-06-18T13:59:15.506386,,,,,,,,,,,,,,,,,,,,,,,,,,,,,,,50.0,1.9256962537765503,medical diagnosis,unknown,True,"Episode_50: 中間抽象度, 集約的 (dims: [13, 282, 58, 91, 281])",,,,,,,,,,,,,,,,,,,,,,,,
399,financial prediction,Transfer Learning,10,2025-06-18T13:59:15.506386,,,,,,,,,,,,,,,,,,,,,,,,,,,,,,,,,,,,,60.0,1.9256962537765503,medical diagnosis,unknown,True,"Episode_60: 中間抽象度, 集約的 (dims: [13, 282, 58, 91, 281])",,,,,,,,,,,,,,,,,,
399,financial prediction,Transfer Learning,10,2025-06-18T13:59:15.506386,,,,,,,,,,,,,,,,,,,,,,,,,,,,,,,,,,,,,,,,,,,70.0,1.9256962537765503,medical diagnosis,unknown,True,"Episode_70: 中間抽象度, 集約的 (dims: [13, 282, 58, 91, 281])",,,,,,,,,,,,
399,financial prediction,Transfer Learning,10,2025-06-18T13:59:15.506386,,,,,,,,,,,,,,,,,,,,,,,,,,,,,,,,,,,,,,,,,,,,,,,,,80.0,1.9256962537765503,medical diagnosis,unknown,True,"Episode_80: 中間抽象度, 集約的 (dims: [13, 282, 58, 91, 281])",,,,,,
399,financial prediction,Transfer Learning,10,2025-06-18T13:59:15.506386,,,,,,,,,,,,,,,,,,,,,,,,,,,,,,,,,,,,,,,,,,,,,,,,,,,,,,,90.0,1.9256962537765503,medical diagnosis,unknown,True,"Episode_90: 中間抽象度, 集約的 (dims: [13, 282, 58, 91, 281])"
400,educational technology,Adversarial Machine Learning,10,2025-06-18T13:59:15.551228,0.0,1.928670048713684,medical diagnosis,unknown,True,"Episode_0: 中間抽象度, 集約的 (dims: [13, 282, 58, 91, 281])",,,,,,,,,,,,,,,,,,,,,,,,,,,,,,,,,,,,,,,,,,,,,,,,,,,,,,
400,educational technology,Adversarial Machine Learning,10,2025-06-18T13:59:15.551228,,,,,,,10.0,1.928670048713684,medical diagnosis,unknown,True,"Episode_10: 中間抽象度, 集約的 (dims: [13, 282, 58, 91, 281])",,,,,,,,,,,,,,,,,,,,,,,,,,,,,,,,,,,,,,,,,,,,,,,,
400,educational technology,Adversarial Machine Learning,10,2025-06-18T13:59:15.551228,,,,,,,,,,,,,20.0,1.928670048713684,medical diagnosis,unknown,True,"Episode_20: 中間抽象度, 集約的 (dims: [13, 282, 58, 91, 281])",,,,,,,,,,,,,,,,,,,,,,,,,,,,,,,,,,,,,,,,,,
400,educational technology,Adversarial Machine Learning,10,2025-06-18T13:59:15.551228,,,,,,,,,,,,,,,,,,,30.0,1.928670048713684,medical diagnosis,unknown,True,"Episode_30: 中間抽象度, 集約的 (dims: [13, 282, 58, 91, 281])",,,,,,,,,,,,,,,,,,,,,,,,,,,,,,,,,,,,
400,educational technology,Adversarial Machine Learning,10,2025-06-18T13:59:15.551228,,,,,,,,,,,,,,,,,,,,,,,,,40.0,1.928670048713684,medical diagnosis,unknown,True,"Episode_40: 中間抽象度, 集約的 (dims: [13, 282, 58, 91, 281])",,,,,,,,,,,,,,,,,,,,,,,,,,,,,,
400,educational technology,Adversarial Machine Learning,10,2025-06-18T13:59:15.551228,,,,,,,,,,,,,,,,,,,,,,,,,,,,,,,50.0,1.928670048713684,medical diagnosis,unknown,True,"Episode_50: 中間抽象度, 集約的 (dims: [13, 282, 58, 91, 281])",,,,,,,,,,,,,,,,,,,,,,,,
400,educational technology,Adversarial Machine Learning,10,2025-06-18T13:59:15.551228,,,,,,,,,,,,,,,,,,,,,,,,,,,,,,,,,,,,,60.0,1.928670048713684,medical diagnosis,unknown,True,"Episode_60: 中間抽象度, 集約的 (dims: [13, 282, 58, 91, 281])",,,,,,,,,,,,,,,,,,
400,educational technology,Adversarial Machine Learning,10,2025-06-18T13:59:15.551228,,,,,,,,,,,,,,,,,,,,,,,,,,,,,,,,,,,,,,,,,,,70.0,1.928670048713684,medical diagnosis,unknown,True,"Episode_70: 中間抽象度, 集約的 (dims: [13, 282, 58, 91, 281])",,,,,,,,,,,,
400,educational technology,Adversarial Machine Learning,10,2025-06-18T13:59:15.551228,,,,,,,,,,,,,,,,,,,,,,,,,,,,,,,,,,,,,,,,,,,,,,,,,80.0,1.928670048713684,medical diagnosis,unknown,True,"Episode_80: 中間抽象度, 集約的 (dims: [13, 282, 58, 91, 281])",,,,,,
400,educational technology,Adversarial Machine Learning,10,2025-06-18T13:59:15.551228,,,,,,,,,,,,,,,,,,,,,,,,,,,,,,,,,,,,,,,,,,,,,,,,,,,,,,,90.0,1.928670048713684,medical diagnosis,unknown,True,"Episode_90: 中間抽象度, 集約的 (dims: [13, 282, 58, 91, 281])"
401,medical diagnosis,Large Language Models,0,2025-06-18T13:59:15.597760,0.0,1.8874430656433105,medical diagnosis,unknown,False,"Episode_0: 中間抽象度, 集約的 (dims: [13, 282, 58, 91, 281])",,,,,,,,,,,,,,,,,,,,,,,,,,,,,,,,,,,,,,,,,,,,,,,,,,,,,,
401,medical diagnosis,Large Language Models,0,2025-06-18T13:59:15.597760,,,,,,,10.0,1.8874430656433105,medical diagnosis,unknown,False,"Episode_10: 中間抽象度, 集約的 (dims: [13, 282, 58, 91, 281])",,,,,,,,,,,,,,,,,,,,,,,,,,,,,,,,,,,,,,,,,,,,,,,,
401,medical diagnosis,Large Language Models,0,2025-06-18T13:59:15.597760,,,,,,,,,,,,,20.0,1.8874430656433105,medical diagnosis,unknown,False,"Episode_20: 中間抽象度, 集約的 (dims: [13, 282, 58, 91, 281])",,,,,,,,,,,,,,,,,,,,,,,,,,,,,,,,,,,,,,,,,,
401,medical diagnosis,Large Language Models,0,2025-06-18T13:59:15.597760,,,,,,,,,,,,,,,,,,,30.0,1.8874430656433105,medical diagnosis,unknown,False,"Episode_30: 中間抽象度, 集約的 (dims: [13, 282, 58, 91, 281])",,,,,,,,,,,,,,,,,,,,,,,,,,,,,,,,,,,,
401,medical diagnosis,Large Language Models,0,2025-06-18T13:59:15.597760,,,,,,,,,,,,,,,,,,,,,,,,,40.0,1.8874430656433105,medical diagnosis,unknown,False,"Episode_40: 中間抽象度, 集約的 (dims: [13, 282, 58, 91, 281])",,,,,,,,,,,,,,,,,,,,,,,,,,,,,,
401,medical diagnosis,Large Language Models,0,2025-06-18T13:59:15.597760,,,,,,,,,,,,,,,,,,,,,,,,,,,,,,,50.0,1.8874430656433105,medical diagnosis,unknown,False,"Episode_50: 中間抽象度, 集約的 (dims: [13, 282, 58, 91, 281])",,,,,,,,,,,,,,,,,,,,,,,,
401,medical diagnosis,Large Language Models,0,2025-06-18T13:59:15.597760,,,,,,,,,,,,,,,,,,,,,,,,,,,,,,,,,,,,,60.0,1.8874430656433105,medical diagnosis,unknown,False,"Episode_60: 中間抽象度, 集約的 (dims: [13, 282, 58, 91, 281])",,,,,,,,,,,,,,,,,,
401,medical diagnosis,Large Language Models,0,2025-06-18T13:59:15.597760,,,,,,,,,,,,,,,,,,,,,,,,,,,,,,,,,,,,,,,,,,,70.0,1.8874430656433105,medical diagnosis,unknown,False,"Episode_70: 中間抽象度, 集約的 (dims: [13, 282, 58, 91, 281])",,,,,,,,,,,,
401,medical diagnosis,Large Language Models,0,2025-06-18T13:59:15.597760,,,,,,,,,,,,,,,,,,,,,,,,,,,,,,,,,,,,,,,,,,,,,,,,,80.0,1.8874430656433105,medical diagnosis,unknown,False,"Episode_80: 中間抽象度, 集約的 (dims: [13, 282, 58, 91, 281])",,,,,,
401,medical diagnosis,Large Language Models,0,2025-06-18T13:59:15.597760,,,,,,,,,,,,,,,,,,,,,,,,,,,,,,,,,,,,,,,,,,,,,,,,,,,,,,,90.0,1.8874430656433105,medical diagnosis,unknown,False,"Episode_90: 中間抽象度, 集約的 (dims: [13, 282, 58, 91, 281])"
402,autonomous systems,Computer Vision,10,2025-06-18T13:59:15.642102,0.0,1.8768787384033203,medical diagnosis,unknown,True,"Episode_0: 中間抽象度, 集約的 (dims: [13, 282, 58, 91, 281])",,,,,,,,,,,,,,,,,,,,,,,,,,,,,,,,,,,,,,,,,,,,,,,,,,,,,,
402,autonomous systems,Computer Vision,10,2025-06-18T13:59:15.642102,,,,,,,10.0,1.8768787384033203,medical diagnosis,unknown,True,"Episode_10: 中間抽象度, 集約的 (dims: [13, 282, 58, 91, 281])",,,,,,,,,,,,,,,,,,,,,,,,,,,,,,,,,,,,,,,,,,,,,,,,
402,autonomous systems,Computer Vision,10,2025-06-18T13:59:15.642102,,,,,,,,,,,,,20.0,1.8768787384033203,medical diagnosis,unknown,True,"Episode_20: 中間抽象度, 集約的 (dims: [13, 282, 58, 91, 281])",,,,,,,,,,,,,,,,,,,,,,,,,,,,,,,,,,,,,,,,,,
402,autonomous systems,Computer Vision,10,2025-06-18T13:59:15.642102,,,,,,,,,,,,,,,,,,,30.0,1.8768787384033203,medical diagnosis,unknown,True,"Episode_30: 中間抽象度, 集約的 (dims: [13, 282, 58, 91, 281])",,,,,,,,,,,,,,,,,,,,,,,,,,,,,,,,,,,,
402,autonomous systems,Computer Vision,10,2025-06-18T13:59:15.642102,,,,,,,,,,,,,,,,,,,,,,,,,40.0,1.8768787384033203,medical diagnosis,unknown,True,"Episode_40: 中間抽象度, 集約的 (dims: [13, 282, 58, 91, 281])",,,,,,,,,,,,,,,,,,,,,,,,,,,,,,
402,autonomous systems,Computer Vision,10,2025-06-18T13:59:15.642102,,,,,,,,,,,,,,,,,,,,,,,,,,,,,,,50.0,1.8768787384033203,medical diagnosis,unknown,True,"Episode_50: 中間抽象度, 集約的 (dims: [13, 282, 58, 91, 281])",,,,,,,,,,,,,,,,,,,,,,,,
402,autonomous systems,Computer Vision,10,2025-06-18T13:59:15.642102,,,,,,,,,,,,,,,,,,,,,,,,,,,,,,,,,,,,,60.0,1.8768787384033203,medical diagnosis,unknown,True,"Episode_60: 中間抽象度, 集約的 (dims: [13, 282, 58, 91, 281])",,,,,,,,,,,,,,,,,,
402,autonomous systems,Computer Vision,10,2025-06-18T13:59:15.642102,,,,,,,,,,,,,,,,,,,,,,,,,,,,,,,,,,,,,,,,,,,70.0,1.8768787384033203,medical diagnosis,unknown,True,"Episode_70: 中間抽象度, 集約的 (dims: [13, 282, 58, 91, 281])",,,,,,,,,,,,
402,autonomous systems,Computer Vision,10,2025-06-18T13:59:15.642102,,,,,,,,,,,,,,,,,,,,,,,,,,,,,,,,,,,,,,,,,,,,,,,,,80.0,1.8768787384033203,medical diagnosis,unknown,True,"Episode_80: 中間抽象度, 集約的 (dims: [13, 282, 58, 91, 281])",,,,,,
402,autonomous systems,Computer Vision,10,2025-06-18T13:59:15.642102,,,,,,,,,,,,,,,,,,,,,,,,,,,,,,,,,,,,,,,,,,,,,,,,,,,,,,,90.0,1.8768787384033203,medical diagnosis,unknown,True,"Episode_90: 中間抽象度, 集約的 (dims: [13, 282, 58, 91, 281])"
403,natural language processing,Reinforcement Learning,10,2025-06-18T13:59:15.687484,5.0,1.8832250833511353,cybersecurity,unknown,True,"Episode_5: 中間抽象度, 集約的 (dims: [106, 62, 379, 367, 71])",,,,,,,,,,,,,,,,,,,,,,,,,,,,,,,,,,,,,,,,,,,,,,,,,,,,,,
403,natural language processing,Reinforcement Learning,10,2025-06-18T13:59:15.687484,,,,,,,15.0,1.8832250833511353,cybersecurity,unknown,True,"Episode_15: 中間抽象度, 集約的 (dims: [106, 62, 379, 367, 71])",,,,,,,,,,,,,,,,,,,,,,,,,,,,,,,,,,,,,,,,,,,,,,,,
403,natural language processing,Reinforcement Learning,10,2025-06-18T13:59:15.687484,,,,,,,,,,,,,25.0,1.8832250833511353,cybersecurity,unknown,True,"Episode_25: 中間抽象度, 集約的 (dims: [106, 62, 379, 367, 71])",,,,,,,,,,,,,,,,,,,,,,,,,,,,,,,,,,,,,,,,,,
403,natural language processing,Reinforcement Learning,10,2025-06-18T13:59:15.687484,,,,,,,,,,,,,,,,,,,35.0,1.8832250833511353,cybersecurity,unknown,True,"Episode_35: 中間抽象度, 集約的 (dims: [106, 62, 379, 367, 71])",,,,,,,,,,,,,,,,,,,,,,,,,,,,,,,,,,,,
403,natural language processing,Reinforcement Learning,10,2025-06-18T13:59:15.687484,,,,,,,,,,,,,,,,,,,,,,,,,45.0,1.8832250833511353,cybersecurity,unknown,True,"Episode_45: 中間抽象度, 集約的 (dims: [106, 62, 379, 367, 71])",,,,,,,,,,,,,,,,,,,,,,,,,,,,,,
403,natural language processing,Reinforcement Learning,10,2025-06-18T13:59:15.687484,,,,,,,,,,,,,,,,,,,,,,,,,,,,,,,55.0,1.8832250833511353,cybersecurity,unknown,True,"Episode_55: 中間抽象度, 集約的 (dims: [106, 62, 379, 367, 71])",,,,,,,,,,,,,,,,,,,,,,,,
403,natural language processing,Reinforcement Learning,10,2025-06-18T13:59:15.687484,,,,,,,,,,,,,,,,,,,,,,,,,,,,,,,,,,,,,65.0,1.8832250833511353,cybersecurity,unknown,True,"Episode_65: 中間抽象度, 集約的 (dims: [106, 62, 379, 367, 71])",,,,,,,,,,,,,,,,,,
403,natural language processing,Reinforcement Learning,10,2025-06-18T13:59:15.687484,,,,,,,,,,,,,,,,,,,,,,,,,,,,,,,,,,,,,,,,,,,75.0,1.8832250833511353,cybersecurity,unknown,True,"Episode_75: 中間抽象度, 集約的 (dims: [106, 62, 379, 367, 71])",,,,,,,,,,,,
403,natural language processing,Reinforcement Learning,10,2025-06-18T13:59:15.687484,,,,,,,,,,,,,,,,,,,,,,,,,,,,,,,,,,,,,,,,,,,,,,,,,85.0,1.8832250833511353,cybersecurity,unknown,True,"Episode_85: 中間抽象度, 集約的 (dims: [106, 62, 379, 367, 71])",,,,,,
403,natural language processing,Reinforcement Learning,10,2025-06-18T13:59:15.687484,,,,,,,,,,,,,,,,,,,,,,,,,,,,,,,,,,,,,,,,,,,,,,,,,,,,,,,95.0,1.8832250833511353,cybersecurity,unknown,True,"Episode_95: 中間抽象度, 集約的 (dims: [106, 62, 379, 367, 71])"
404,computer vision,Graph Neural Networks,10,2025-06-18T13:59:15.731481,0.0,1.894721269607544,medical diagnosis,unknown,True,"Episode_0: 中間抽象度, 集約的 (dims: [13, 282, 58, 91, 281])",,,,,,,,,,,,,,,,,,,,,,,,,,,,,,,,,,,,,,,,,,,,,,,,,,,,,,
404,computer vision,Graph Neural Networks,10,2025-06-18T13:59:15.731481,,,,,,,10.0,1.894721269607544,medical diagnosis,unknown,True,"Episode_10: 中間抽象度, 集約的 (dims: [13, 282, 58, 91, 281])",,,,,,,,,,,,,,,,,,,,,,,,,,,,,,,,,,,,,,,,,,,,,,,,
404,computer vision,Graph Neural Networks,10,2025-06-18T13:59:15.731481,,,,,,,,,,,,,20.0,1.894721269607544,medical diagnosis,unknown,True,"Episode_20: 中間抽象度, 集約的 (dims: [13, 282, 58, 91, 281])",,,,,,,,,,,,,,,,,,,,,,,,,,,,,,,,,,,,,,,,,,
404,computer vision,Graph Neural Networks,10,2025-06-18T13:59:15.731481,,,,,,,,,,,,,,,,,,,30.0,1.894721269607544,medical diagnosis,unknown,True,"Episode_30: 中間抽象度, 集約的 (dims: [13, 282, 58, 91, 281])",,,,,,,,,,,,,,,,,,,,,,,,,,,,,,,,,,,,
404,computer vision,Graph Neural Networks,10,2025-06-18T13:59:15.731481,,,,,,,,,,,,,,,,,,,,,,,,,40.0,1.894721269607544,medical diagnosis,unknown,True,"Episode_40: 中間抽象度, 集約的 (dims: [13, 282, 58, 91, 281])",,,,,,,,,,,,,,,,,,,,,,,,,,,,,,
404,computer vision,Graph Neural Networks,10,2025-06-18T13:59:15.731481,,,,,,,,,,,,,,,,,,,,,,,,,,,,,,,50.0,1.894721269607544,medical diagnosis,unknown,True,"Episode_50: 中間抽象度, 集約的 (dims: [13, 282, 58, 91, 281])",,,,,,,,,,,,,,,,,,,,,,,,
404,computer vision,Graph Neural Networks,10,2025-06-18T13:59:15.731481,,,,,,,,,,,,,,,,,,,,,,,,,,,,,,,,,,,,,60.0,1.894721269607544,medical diagnosis,unknown,True,"Episode_60: 中間抽象度, 集約的 (dims: [13, 282, 58, 91, 281])",,,,,,,,,,,,,,,,,,
404,computer vision,Graph Neural Networks,10,2025-06-18T13:59:15.731481,,,,,,,,,,,,,,,,,,,,,,,,,,,,,,,,,,,,,,,,,,,70.0,1.894721269607544,medical diagnosis,unknown,True,"Episode_70: 中間抽象度, 集約的 (dims: [13, 282, 58, 91, 281])",,,,,,,,,,,,
404,computer vision,Graph Neural Networks,10,2025-06-18T13:59:15.731481,,,,,,,,,,,,,,,,,,,,,,,,,,,,,,,,,,,,,,,,,,,,,,,,,80.0,1.894721269607544,medical diagnosis,unknown,True,"Episode_80: 中間抽象度, 集約的 (dims: [13, 282, 58, 91, 281])",,,,,,
404,computer vision,Graph Neural Networks,10,2025-06-18T13:59:15.731481,,,,,,,,,,,,,,,,,,,,,,,,,,,,,,,,,,,,,,,,,,,,,,,,,,,,,,,90.0,1.894721269607544,medical diagnosis,unknown,True,"Episode_90: 中間抽象度, 集約的 (dims: [13, 282, 58, 91, 281])"
405,robotics,Federated Learning,10,2025-06-18T13:59:15.775811,5.0,1.8728573322296143,cybersecurity,unknown,True,"Episode_5: 中間抽象度, 集約的 (dims: [106, 62, 379, 367, 71])",,,,,,,,,,,,,,,,,,,,,,,,,,,,,,,,,,,,,,,,,,,,,,,,,,,,,,
405,robotics,Federated Learning,10,2025-06-18T13:59:15.775811,,,,,,,15.0,1.8728573322296143,cybersecurity,unknown,True,"Episode_15: 中間抽象度, 集約的 (dims: [106, 62, 379, 367, 71])",,,,,,,,,,,,,,,,,,,,,,,,,,,,,,,,,,,,,,,,,,,,,,,,
405,robotics,Federated Learning,10,2025-06-18T13:59:15.775811,,,,,,,,,,,,,25.0,1.8728573322296143,cybersecurity,unknown,True,"Episode_25: 中間抽象度, 集約的 (dims: [106, 62, 379, 367, 71])",,,,,,,,,,,,,,,,,,,,,,,,,,,,,,,,,,,,,,,,,,
405,robotics,Federated Learning,10,2025-06-18T13:59:15.775811,,,,,,,,,,,,,,,,,,,35.0,1.8728573322296143,cybersecurity,unknown,True,"Episode_35: 中間抽象度, 集約的 (dims: [106, 62, 379, 367, 71])",,,,,,,,,,,,,,,,,,,,,,,,,,,,,,,,,,,,
405,robotics,Federated Learning,10,2025-06-18T13:59:15.775811,,,,,,,,,,,,,,,,,,,,,,,,,45.0,1.8728573322296143,cybersecurity,unknown,True,"Episode_45: 中間抽象度, 集約的 (dims: [106, 62, 379, 367, 71])",,,,,,,,,,,,,,,,,,,,,,,,,,,,,,
405,robotics,Federated Learning,10,2025-06-18T13:59:15.775811,,,,,,,,,,,,,,,,,,,,,,,,,,,,,,,55.0,1.8728573322296143,cybersecurity,unknown,True,"Episode_55: 中間抽象度, 集約的 (dims: [106, 62, 379, 367, 71])",,,,,,,,,,,,,,,,,,,,,,,,
405,robotics,Federated Learning,10,2025-06-18T13:59:15.775811,,,,,,,,,,,,,,,,,,,,,,,,,,,,,,,,,,,,,65.0,1.8728573322296143,cybersecurity,unknown,True,"Episode_65: 中間抽象度, 集約的 (dims: [106, 62, 379, 367, 71])",,,,,,,,,,,,,,,,,,
405,robotics,Federated Learning,10,2025-06-18T13:59:15.775811,,,,,,,,,,,,,,,,,,,,,,,,,,,,,,,,,,,,,,,,,,,75.0,1.8728573322296143,cybersecurity,unknown,True,"Episode_75: 中間抽象度, 集約的 (dims: [106, 62, 379, 367, 71])",,,,,,,,,,,,
405,robotics,Federated Learning,10,2025-06-18T13:59:15.775811,,,,,,,,,,,,,,,,,,,,,,,,,,,,,,,,,,,,,,,,,,,,,,,,,85.0,1.8728573322296143,cybersecurity,unknown,True,"Episode_85: 中間抽象度, 集約的 (dims: [106, 62, 379, 367, 71])",,,,,,
405,robotics,Federated Learning,10,2025-06-18T13:59:15.775811,,,,,,,,,,,,,,,,,,,,,,,,,,,,,,,,,,,,,,,,,,,,,,,,,,,,,,,95.0,1.8728573322296143,cybersecurity,unknown,True,"Episode_95: 中間抽象度, 集約的 (dims: [106, 62, 379, 367, 71])"
406,cybersecurity,Explainable AI,10,2025-06-18T13:59:15.821313,0.0,1.911033272743225,medical diagnosis,unknown,True,"Episode_0: 中間抽象度, 集約的 (dims: [13, 282, 58, 91, 281])",,,,,,,,,,,,,,,,,,,,,,,,,,,,,,,,,,,,,,,,,,,,,,,,,,,,,,
406,cybersecurity,Explainable AI,10,2025-06-18T13:59:15.821313,,,,,,,10.0,1.911033272743225,medical diagnosis,unknown,True,"Episode_10: 中間抽象度, 集約的 (dims: [13, 282, 58, 91, 281])",,,,,,,,,,,,,,,,,,,,,,,,,,,,,,,,,,,,,,,,,,,,,,,,
406,cybersecurity,Explainable AI,10,2025-06-18T13:59:15.821313,,,,,,,,,,,,,20.0,1.911033272743225,medical diagnosis,unknown,True,"Episode_20: 中間抽象度, 集約的 (dims: [13, 282, 58, 91, 281])",,,,,,,,,,,,,,,,,,,,,,,,,,,,,,,,,,,,,,,,,,
406,cybersecurity,Explainable AI,10,2025-06-18T13:59:15.821313,,,,,,,,,,,,,,,,,,,30.0,1.911033272743225,medical diagnosis,unknown,True,"Episode_30: 中間抽象度, 集約的 (dims: [13, 282, 58, 91, 281])",,,,,,,,,,,,,,,,,,,,,,,,,,,,,,,,,,,,
406,cybersecurity,Explainable AI,10,2025-06-18T13:59:15.821313,,,,,,,,,,,,,,,,,,,,,,,,,40.0,1.911033272743225,medical diagnosis,unknown,True,"Episode_40: 中間抽象度, 集約的 (dims: [13, 282, 58, 91, 281])",,,,,,,,,,,,,,,,,,,,,,,,,,,,,,
406,cybersecurity,Explainable AI,10,2025-06-18T13:59:15.821313,,,,,,,,,,,,,,,,,,,,,,,,,,,,,,,50.0,1.911033272743225,medical diagnosis,unknown,True,"Episode_50: 中間抽象度, 集約的 (dims: [13, 282, 58, 91, 281])",,,,,,,,,,,,,,,,,,,,,,,,
406,cybersecurity,Explainable AI,10,2025-06-18T13:59:15.821313,,,,,,,,,,,,,,,,,,,,,,,,,,,,,,,,,,,,,60.0,1.911033272743225,medical diagnosis,unknown,True,"Episode_60: 中間抽象度, 集約的 (dims: [13, 282, 58, 91, 281])",,,,,,,,,,,,,,,,,,
406,cybersecurity,Explainable AI,10,2025-06-18T13:59:15.821313,,,,,,,,,,,,,,,,,,,,,,,,,,,,,,,,,,,,,,,,,,,70.0,1.911033272743225,medical diagnosis,unknown,True,"Episode_70: 中間抽象度, 集約的 (dims: [13, 282, 58, 91, 281])",,,,,,,,,,,,
406,cybersecurity,Explainable AI,10,2025-06-18T13:59:15.821313,,,,,,,,,,,,,,,,,,,,,,,,,,,,,,,,,,,,,,,,,,,,,,,,,80.0,1.911033272743225,medical diagnosis,unknown,True,"Episode_80: 中間抽象度, 集約的 (dims: [13, 282, 58, 91, 281])",,,,,,
406,cybersecurity,Explainable AI,10,2025-06-18T13:59:15.821313,,,,,,,,,,,,,,,,,,,,,,,,,,,,,,,,,,,,,,,,,,,,,,,,,,,,,,,90.0,1.911033272743225,medical diagnosis,unknown,True,"Episode_90: 中間抽象度, 集約的 (dims: [13, 282, 58, 91, 281])"
407,climate modeling,Multimodal Learning,10,2025-06-18T13:59:15.866421,5.0,1.9013603925704956,cybersecurity,unknown,True,"Episode_5: 中間抽象度, 集約的 (dims: [106, 62, 379, 367, 71])",,,,,,,,,,,,,,,,,,,,,,,,,,,,,,,,,,,,,,,,,,,,,,,,,,,,,,
407,climate modeling,Multimodal Learning,10,2025-06-18T13:59:15.866421,,,,,,,15.0,1.9013603925704956,cybersecurity,unknown,True,"Episode_15: 中間抽象度, 集約的 (dims: [106, 62, 379, 367, 71])",,,,,,,,,,,,,,,,,,,,,,,,,,,,,,,,,,,,,,,,,,,,,,,,
407,climate modeling,Multimodal Learning,10,2025-06-18T13:59:15.866421,,,,,,,,,,,,,25.0,1.9013603925704956,cybersecurity,unknown,True,"Episode_25: 中間抽象度, 集約的 (dims: [106, 62, 379, 367, 71])",,,,,,,,,,,,,,,,,,,,,,,,,,,,,,,,,,,,,,,,,,
407,climate modeling,Multimodal Learning,10,2025-06-18T13:59:15.866421,,,,,,,,,,,,,,,,,,,35.0,1.9013603925704956,cybersecurity,unknown,True,"Episode_35: 中間抽象度, 集約的 (dims: [106, 62, 379, 367, 71])",,,,,,,,,,,,,,,,,,,,,,,,,,,,,,,,,,,,
407,climate modeling,Multimodal Learning,10,2025-06-18T13:59:15.866421,,,,,,,,,,,,,,,,,,,,,,,,,45.0,1.9013603925704956,cybersecurity,unknown,True,"Episode_45: 中間抽象度, 集約的 (dims: [106, 62, 379, 367, 71])",,,,,,,,,,,,,,,,,,,,,,,,,,,,,,
407,climate modeling,Multimodal Learning,10,2025-06-18T13:59:15.866421,,,,,,,,,,,,,,,,,,,,,,,,,,,,,,,55.0,1.9013603925704956,cybersecurity,unknown,True,"Episode_55: 中間抽象度, 集約的 (dims: [106, 62, 379, 367, 71])",,,,,,,,,,,,,,,,,,,,,,,,
407,climate modeling,Multimodal Learning,10,2025-06-18T13:59:15.866421,,,,,,,,,,,,,,,,,,,,,,,,,,,,,,,,,,,,,65.0,1.9013603925704956,cybersecurity,unknown,True,"Episode_65: 中間抽象度, 集約的 (dims: [106, 62, 379, 367, 71])",,,,,,,,,,,,,,,,,,
407,climate modeling,Multimodal Learning,10,2025-06-18T13:59:15.866421,,,,,,,,,,,,,,,,,,,,,,,,,,,,,,,,,,,,,,,,,,,75.0,1.9013603925704956,cybersecurity,unknown,True,"Episode_75: 中間抽象度, 集約的 (dims: [106, 62, 379, 367, 71])",,,,,,,,,,,,
407,climate modeling,Multimodal Learning,10,2025-06-18T13:59:15.866421,,,,,,,,,,,,,,,,,,,,,,,,,,,,,,,,,,,,,,,,,,,,,,,,,85.0,1.9013603925704956,cybersecurity,unknown,True,"Episode_85: 中間抽象度, 集約的 (dims: [106, 62, 379, 367, 71])",,,,,,
407,climate modeling,Multimodal Learning,10,2025-06-18T13:59:15.866421,,,,,,,,,,,,,,,,,,,,,,,,,,,,,,,,,,,,,,,,,,,,,,,,,,,,,,,95.0,1.9013603925704956,cybersecurity,unknown,True,"Episode_95: 中間抽象度, 集約的 (dims: [106, 62, 379, 367, 71])"
408,drug discovery,Few-shot Learning,10,2025-06-18T13:59:15.912136,0.0,1.9221811294555664,medical diagnosis,unknown,True,"Episode_0: 中間抽象度, 集約的 (dims: [13, 282, 58, 91, 281])",,,,,,,,,,,,,,,,,,,,,,,,,,,,,,,,,,,,,,,,,,,,,,,,,,,,,,
408,drug discovery,Few-shot Learning,10,2025-06-18T13:59:15.912136,,,,,,,10.0,1.9221811294555664,medical diagnosis,unknown,True,"Episode_10: 中間抽象度, 集約的 (dims: [13, 282, 58, 91, 281])",,,,,,,,,,,,,,,,,,,,,,,,,,,,,,,,,,,,,,,,,,,,,,,,
408,drug discovery,Few-shot Learning,10,2025-06-18T13:59:15.912136,,,,,,,,,,,,,20.0,1.9221811294555664,medical diagnosis,unknown,True,"Episode_20: 中間抽象度, 集約的 (dims: [13, 282, 58, 91, 281])",,,,,,,,,,,,,,,,,,,,,,,,,,,,,,,,,,,,,,,,,,
408,drug discovery,Few-shot Learning,10,2025-06-18T13:59:15.912136,,,,,,,,,,,,,,,,,,,30.0,1.9221811294555664,medical diagnosis,unknown,True,"Episode_30: 中間抽象度, 集約的 (dims: [13, 282, 58, 91, 281])",,,,,,,,,,,,,,,,,,,,,,,,,,,,,,,,,,,,
408,drug discovery,Few-shot Learning,10,2025-06-18T13:59:15.912136,,,,,,,,,,,,,,,,,,,,,,,,,40.0,1.9221811294555664,medical diagnosis,unknown,True,"Episode_40: 中間抽象度, 集約的 (dims: [13, 282, 58, 91, 281])",,,,,,,,,,,,,,,,,,,,,,,,,,,,,,
408,drug discovery,Few-shot Learning,10,2025-06-18T13:59:15.912136,,,,,,,,,,,,,,,,,,,,,,,,,,,,,,,50.0,1.9221811294555664,medical diagnosis,unknown,True,"Episode_50: 中間抽象度, 集約的 (dims: [13, 282, 58, 91, 281])",,,,,,,,,,,,,,,,,,,,,,,,
408,drug discovery,Few-shot Learning,10,2025-06-18T13:59:15.912136,,,,,,,,,,,,,,,,,,,,,,,,,,,,,,,,,,,,,60.0,1.9221811294555664,medical diagnosis,unknown,True,"Episode_60: 中間抽象度, 集約的 (dims: [13, 282, 58, 91, 281])",,,,,,,,,,,,,,,,,,
408,drug discovery,Few-shot Learning,10,2025-06-18T13:59:15.912136,,,,,,,,,,,,,,,,,,,,,,,,,,,,,,,,,,,,,,,,,,,70.0,1.9221811294555664,medical diagnosis,unknown,True,"Episode_70: 中間抽象度, 集約的 (dims: [13, 282, 58, 91, 281])",,,,,,,,,,,,
408,drug discovery,Few-shot Learning,10,2025-06-18T13:59:15.912136,,,,,,,,,,,,,,,,,,,,,,,,,,,,,,,,,,,,,,,,,,,,,,,,,80.0,1.9221811294555664,medical diagnosis,unknown,True,"Episode_80: 中間抽象度, 集約的 (dims: [13, 282, 58, 91, 281])",,,,,,
408,drug discovery,Few-shot Learning,10,2025-06-18T13:59:15.912136,,,,,,,,,,,,,,,,,,,,,,,,,,,,,,,,,,,,,,,,,,,,,,,,,,,,,,,90.0,1.9221811294555664,medical diagnosis,unknown,True,"Episode_90: 中間抽象度, 集約的 (dims: [13, 282, 58, 91, 281])"
409,financial prediction,Transfer Learning,10,2025-06-18T13:59:15.957369,0.0,1.9256962537765503,medical diagnosis,unknown,True,"Episode_0: 中間抽象度, 集約的 (dims: [13, 282, 58, 91, 281])",,,,,,,,,,,,,,,,,,,,,,,,,,,,,,,,,,,,,,,,,,,,,,,,,,,,,,
409,financial prediction,Transfer Learning,10,2025-06-18T13:59:15.957369,,,,,,,10.0,1.9256962537765503,medical diagnosis,unknown,True,"Episode_10: 中間抽象度, 集約的 (dims: [13, 282, 58, 91, 281])",,,,,,,,,,,,,,,,,,,,,,,,,,,,,,,,,,,,,,,,,,,,,,,,
409,financial prediction,Transfer Learning,10,2025-06-18T13:59:15.957369,,,,,,,,,,,,,20.0,1.9256962537765503,medical diagnosis,unknown,True,"Episode_20: 中間抽象度, 集約的 (dims: [13, 282, 58, 91, 281])",,,,,,,,,,,,,,,,,,,,,,,,,,,,,,,,,,,,,,,,,,
409,financial prediction,Transfer Learning,10,2025-06-18T13:59:15.957369,,,,,,,,,,,,,,,,,,,30.0,1.9256962537765503,medical diagnosis,unknown,True,"Episode_30: 中間抽象度, 集約的 (dims: [13, 282, 58, 91, 281])",,,,,,,,,,,,,,,,,,,,,,,,,,,,,,,,,,,,
409,financial prediction,Transfer Learning,10,2025-06-18T13:59:15.957369,,,,,,,,,,,,,,,,,,,,,,,,,40.0,1.9256962537765503,medical diagnosis,unknown,True,"Episode_40: 中間抽象度, 集約的 (dims: [13, 282, 58, 91, 281])",,,,,,,,,,,,,,,,,,,,,,,,,,,,,,
409,financial prediction,Transfer Learning,10,2025-06-18T13:59:15.957369,,,,,,,,,,,,,,,,,,,,,,,,,,,,,,,50.0,1.9256962537765503,medical diagnosis,unknown,True,"Episode_50: 中間抽象度, 集約的 (dims: [13, 282, 58, 91, 281])",,,,,,,,,,,,,,,,,,,,,,,,
409,financial prediction,Transfer Learning,10,2025-06-18T13:59:15.957369,,,,,,,,,,,,,,,,,,,,,,,,,,,,,,,,,,,,,60.0,1.9256962537765503,medical diagnosis,unknown,True,"Episode_60: 中間抽象度, 集約的 (dims: [13, 282, 58, 91, 281])",,,,,,,,,,,,,,,,,,
409,financial prediction,Transfer Learning,10,2025-06-18T13:59:15.957369,,,,,,,,,,,,,,,,,,,,,,,,,,,,,,,,,,,,,,,,,,,70.0,1.9256962537765503,medical diagnosis,unknown,True,"Episode_70: 中間抽象度, 集約的 (dims: [13, 282, 58, 91, 281])",,,,,,,,,,,,
409,financial prediction,Transfer Learning,10,2025-06-18T13:59:15.957369,,,,,,,,,,,,,,,,,,,,,,,,,,,,,,,,,,,,,,,,,,,,,,,,,80.0,1.9256962537765503,medical diagnosis,unknown,True,"Episode_80: 中間抽象度, 集約的 (dims: [13, 282, 58, 91, 281])",,,,,,
409,financial prediction,Transfer Learning,10,2025-06-18T13:59:15.957369,,,,,,,,,,,,,,,,,,,,,,,,,,,,,,,,,,,,,,,,,,,,,,,,,,,,,,,90.0,1.9256962537765503,medical diagnosis,unknown,True,"Episode_90: 中間抽象度, 集約的 (dims: [13, 282, 58, 91, 281])"
410,educational technology,Adversarial Machine Learning,10,2025-06-18T13:59:16.002421,0.0,1.928670048713684,medical diagnosis,unknown,True,"Episode_0: 中間抽象度, 集約的 (dims: [13, 282, 58, 91, 281])",,,,,,,,,,,,,,,,,,,,,,,,,,,,,,,,,,,,,,,,,,,,,,,,,,,,,,
410,educational technology,Adversarial Machine Learning,10,2025-06-18T13:59:16.002421,,,,,,,10.0,1.928670048713684,medical diagnosis,unknown,True,"Episode_10: 中間抽象度, 集約的 (dims: [13, 282, 58, 91, 281])",,,,,,,,,,,,,,,,,,,,,,,,,,,,,,,,,,,,,,,,,,,,,,,,
410,educational technology,Adversarial Machine Learning,10,2025-06-18T13:59:16.002421,,,,,,,,,,,,,20.0,1.928670048713684,medical diagnosis,unknown,True,"Episode_20: 中間抽象度, 集約的 (dims: [13, 282, 58, 91, 281])",,,,,,,,,,,,,,,,,,,,,,,,,,,,,,,,,,,,,,,,,,
410,educational technology,Adversarial Machine Learning,10,2025-06-18T13:59:16.002421,,,,,,,,,,,,,,,,,,,30.0,1.928670048713684,medical diagnosis,unknown,True,"Episode_30: 中間抽象度, 集約的 (dims: [13, 282, 58, 91, 281])",,,,,,,,,,,,,,,,,,,,,,,,,,,,,,,,,,,,
410,educational technology,Adversarial Machine Learning,10,2025-06-18T13:59:16.002421,,,,,,,,,,,,,,,,,,,,,,,,,40.0,1.928670048713684,medical diagnosis,unknown,True,"Episode_40: 中間抽象度, 集約的 (dims: [13, 282, 58, 91, 281])",,,,,,,,,,,,,,,,,,,,,,,,,,,,,,
410,educational technology,Adversarial Machine Learning,10,2025-06-18T13:59:16.002421,,,,,,,,,,,,,,,,,,,,,,,,,,,,,,,50.0,1.928670048713684,medical diagnosis,unknown,True,"Episode_50: 中間抽象度, 集約的 (dims: [13, 282, 58, 91, 281])",,,,,,,,,,,,,,,,,,,,,,,,
410,educational technology,Adversarial Machine Learning,10,2025-06-18T13:59:16.002421,,,,,,,,,,,,,,,,,,,,,,,,,,,,,,,,,,,,,60.0,1.928670048713684,medical diagnosis,unknown,True,"Episode_60: 中間抽象度, 集約的 (dims: [13, 282, 58, 91, 281])",,,,,,,,,,,,,,,,,,
410,educational technology,Adversarial Machine Learning,10,2025-06-18T13:59:16.002421,,,,,,,,,,,,,,,,,,,,,,,,,,,,,,,,,,,,,,,,,,,70.0,1.928670048713684,medical diagnosis,unknown,True,"Episode_70: 中間抽象度, 集約的 (dims: [13, 282, 58, 91, 281])",,,,,,,,,,,,
410,educational technology,Adversarial Machine Learning,10,2025-06-18T13:59:16.002421,,,,,,,,,,,,,,,,,,,,,,,,,,,,,,,,,,,,,,,,,,,,,,,,,80.0,1.928670048713684,medical diagnosis,unknown,True,"Episode_80: 中間抽象度, 集約的 (dims: [13, 282, 58, 91, 281])",,,,,,
410,educational technology,Adversarial Machine Learning,10,2025-06-18T13:59:16.002421,,,,,,,,,,,,,,,,,,,,,,,,,,,,,,,,,,,,,,,,,,,,,,,,,,,,,,,90.0,1.928670048713684,medical diagnosis,unknown,True,"Episode_90: 中間抽象度, 集約的 (dims: [13, 282, 58, 91, 281])"
411,medical diagnosis,Large Language Models,0,2025-06-18T13:59:16.048052,0.0,1.8874430656433105,medical diagnosis,unknown,False,"Episode_0: 中間抽象度, 集約的 (dims: [13, 282, 58, 91, 281])",,,,,,,,,,,,,,,,,,,,,,,,,,,,,,,,,,,,,,,,,,,,,,,,,,,,,,
411,medical diagnosis,Large Language Models,0,2025-06-18T13:59:16.048052,,,,,,,10.0,1.8874430656433105,medical diagnosis,unknown,False,"Episode_10: 中間抽象度, 集約的 (dims: [13, 282, 58, 91, 281])",,,,,,,,,,,,,,,,,,,,,,,,,,,,,,,,,,,,,,,,,,,,,,,,
411,medical diagnosis,Large Language Models,0,2025-06-18T13:59:16.048052,,,,,,,,,,,,,20.0,1.8874430656433105,medical diagnosis,unknown,False,"Episode_20: 中間抽象度, 集約的 (dims: [13, 282, 58, 91, 281])",,,,,,,,,,,,,,,,,,,,,,,,,,,,,,,,,,,,,,,,,,
411,medical diagnosis,Large Language Models,0,2025-06-18T13:59:16.048052,,,,,,,,,,,,,,,,,,,30.0,1.8874430656433105,medical diagnosis,unknown,False,"Episode_30: 中間抽象度, 集約的 (dims: [13, 282, 58, 91, 281])",,,,,,,,,,,,,,,,,,,,,,,,,,,,,,,,,,,,
411,medical diagnosis,Large Language Models,0,2025-06-18T13:59:16.048052,,,,,,,,,,,,,,,,,,,,,,,,,40.0,1.8874430656433105,medical diagnosis,unknown,False,"Episode_40: 中間抽象度, 集約的 (dims: [13, 282, 58, 91, 281])",,,,,,,,,,,,,,,,,,,,,,,,,,,,,,
411,medical diagnosis,Large Language Models,0,2025-06-18T13:59:16.048052,,,,,,,,,,,,,,,,,,,,,,,,,,,,,,,50.0,1.8874430656433105,medical diagnosis,unknown,False,"Episode_50: 中間抽象度, 集約的 (dims: [13, 282, 58, 91, 281])",,,,,,,,,,,,,,,,,,,,,,,,
411,medical diagnosis,Large Language Models,0,2025-06-18T13:59:16.048052,,,,,,,,,,,,,,,,,,,,,,,,,,,,,,,,,,,,,60.0,1.8874430656433105,medical diagnosis,unknown,False,"Episode_60: 中間抽象度, 集約的 (dims: [13, 282, 58, 91, 281])",,,,,,,,,,,,,,,,,,
411,medical diagnosis,Large Language Models,0,2025-06-18T13:59:16.048052,,,,,,,,,,,,,,,,,,,,,,,,,,,,,,,,,,,,,,,,,,,70.0,1.8874430656433105,medical diagnosis,unknown,False,"Episode_70: 中間抽象度, 集約的 (dims: [13, 282, 58, 91, 281])",,,,,,,,,,,,
411,medical diagnosis,Large Language Models,0,2025-06-18T13:59:16.048052,,,,,,,,,,,,,,,,,,,,,,,,,,,,,,,,,,,,,,,,,,,,,,,,,80.0,1.8874430656433105,medical diagnosis,unknown,False,"Episode_80: 中間抽象度, 集約的 (dims: [13, 282, 58, 91, 281])",,,,,,
411,medical diagnosis,Large Language Models,0,2025-06-18T13:59:16.048052,,,,,,,,,,,,,,,,,,,,,,,,,,,,,,,,,,,,,,,,,,,,,,,,,,,,,,,90.0,1.8874430656433105,medical diagnosis,unknown,False,"Episode_90: 中間抽象度, 集約的 (dims: [13, 282, 58, 91, 281])"
412,autonomous systems,Computer Vision,10,2025-06-18T13:59:16.094112,0.0,1.8768787384033203,medical diagnosis,unknown,True,"Episode_0: 中間抽象度, 集約的 (dims: [13, 282, 58, 91, 281])",,,,,,,,,,,,,,,,,,,,,,,,,,,,,,,,,,,,,,,,,,,,,,,,,,,,,,
412,autonomous systems,Computer Vision,10,2025-06-18T13:59:16.094112,,,,,,,10.0,1.8768787384033203,medical diagnosis,unknown,True,"Episode_10: 中間抽象度, 集約的 (dims: [13, 282, 58, 91, 281])",,,,,,,,,,,,,,,,,,,,,,,,,,,,,,,,,,,,,,,,,,,,,,,,
412,autonomous systems,Computer Vision,10,2025-06-18T13:59:16.094112,,,,,,,,,,,,,20.0,1.8768787384033203,medical diagnosis,unknown,True,"Episode_20: 中間抽象度, 集約的 (dims: [13, 282, 58, 91, 281])",,,,,,,,,,,,,,,,,,,,,,,,,,,,,,,,,,,,,,,,,,
412,autonomous systems,Computer Vision,10,2025-06-18T13:59:16.094112,,,,,,,,,,,,,,,,,,,30.0,1.8768787384033203,medical diagnosis,unknown,True,"Episode_30: 中間抽象度, 集約的 (dims: [13, 282, 58, 91, 281])",,,,,,,,,,,,,,,,,,,,,,,,,,,,,,,,,,,,
412,autonomous systems,Computer Vision,10,2025-06-18T13:59:16.094112,,,,,,,,,,,,,,,,,,,,,,,,,40.0,1.8768787384033203,medical diagnosis,unknown,True,"Episode_40: 中間抽象度, 集約的 (dims: [13, 282, 58, 91, 281])",,,,,,,,,,,,,,,,,,,,,,,,,,,,,,
412,autonomous systems,Computer Vision,10,2025-06-18T13:59:16.094112,,,,,,,,,,,,,,,,,,,,,,,,,,,,,,,50.0,1.8768787384033203,medical diagnosis,unknown,True,"Episode_50: 中間抽象度, 集約的 (dims: [13, 282, 58, 91, 281])",,,,,,,,,,,,,,,,,,,,,,,,
412,autonomous systems,Computer Vision,10,2025-06-18T13:59:16.094112,,,,,,,,,,,,,,,,,,,,,,,,,,,,,,,,,,,,,60.0,1.8768787384033203,medical diagnosis,unknown,True,"Episode_60: 中間抽象度, 集約的 (dims: [13, 282, 58, 91, 281])",,,,,,,,,,,,,,,,,,
412,autonomous systems,Computer Vision,10,2025-06-18T13:59:16.094112,,,,,,,,,,,,,,,,,,,,,,,,,,,,,,,,,,,,,,,,,,,70.0,1.8768787384033203,medical diagnosis,unknown,True,"Episode_70: 中間抽象度, 集約的 (dims: [13, 282, 58, 91, 281])",,,,,,,,,,,,
412,autonomous systems,Computer Vision,10,2025-06-18T13:59:16.094112,,,,,,,,,,,,,,,,,,,,,,,,,,,,,,,,,,,,,,,,,,,,,,,,,80.0,1.8768787384033203,medical diagnosis,unknown,True,"Episode_80: 中間抽象度, 集約的 (dims: [13, 282, 58, 91, 281])",,,,,,
412,autonomous systems,Computer Vision,10,2025-06-18T13:59:16.094112,,,,,,,,,,,,,,,,,,,,,,,,,,,,,,,,,,,,,,,,,,,,,,,,,,,,,,,90.0,1.8768787384033203,medical diagnosis,unknown,True,"Episode_90: 中間抽象度, 集約的 (dims: [13, 282, 58, 91, 281])"
413,natural language processing,Reinforcement Learning,10,2025-06-18T13:59:16.139452,5.0,1.8832250833511353,cybersecurity,unknown,True,"Episode_5: 中間抽象度, 集約的 (dims: [106, 62, 379, 367, 71])",,,,,,,,,,,,,,,,,,,,,,,,,,,,,,,,,,,,,,,,,,,,,,,,,,,,,,
413,natural language processing,Reinforcement Learning,10,2025-06-18T13:59:16.139452,,,,,,,15.0,1.8832250833511353,cybersecurity,unknown,True,"Episode_15: 中間抽象度, 集約的 (dims: [106, 62, 379, 367, 71])",,,,,,,,,,,,,,,,,,,,,,,,,,,,,,,,,,,,,,,,,,,,,,,,
413,natural language processing,Reinforcement Learning,10,2025-06-18T13:59:16.139452,,,,,,,,,,,,,25.0,1.8832250833511353,cybersecurity,unknown,True,"Episode_25: 中間抽象度, 集約的 (dims: [106, 62, 379, 367, 71])",,,,,,,,,,,,,,,,,,,,,,,,,,,,,,,,,,,,,,,,,,
413,natural language processing,Reinforcement Learning,10,2025-06-18T13:59:16.139452,,,,,,,,,,,,,,,,,,,35.0,1.8832250833511353,cybersecurity,unknown,True,"Episode_35: 中間抽象度, 集約的 (dims: [106, 62, 379, 367, 71])",,,,,,,,,,,,,,,,,,,,,,,,,,,,,,,,,,,,
413,natural language processing,Reinforcement Learning,10,2025-06-18T13:59:16.139452,,,,,,,,,,,,,,,,,,,,,,,,,45.0,1.8832250833511353,cybersecurity,unknown,True,"Episode_45: 中間抽象度, 集約的 (dims: [106, 62, 379, 367, 71])",,,,,,,,,,,,,,,,,,,,,,,,,,,,,,
413,natural language processing,Reinforcement Learning,10,2025-06-18T13:59:16.139452,,,,,,,,,,,,,,,,,,,,,,,,,,,,,,,55.0,1.8832250833511353,cybersecurity,unknown,True,"Episode_55: 中間抽象度, 集約的 (dims: [106, 62, 379, 367, 71])",,,,,,,,,,,,,,,,,,,,,,,,
413,natural language processing,Reinforcement Learning,10,2025-06-18T13:59:16.139452,,,,,,,,,,,,,,,,,,,,,,,,,,,,,,,,,,,,,65.0,1.8832250833511353,cybersecurity,unknown,True,"Episode_65: 中間抽象度, 集約的 (dims: [106, 62, 379, 367, 71])",,,,,,,,,,,,,,,,,,
413,natural language processing,Reinforcement Learning,10,2025-06-18T13:59:16.139452,,,,,,,,,,,,,,,,,,,,,,,,,,,,,,,,,,,,,,,,,,,75.0,1.8832250833511353,cybersecurity,unknown,True,"Episode_75: 中間抽象度, 集約的 (dims: [106, 62, 379, 367, 71])",,,,,,,,,,,,
413,natural language processing,Reinforcement Learning,10,2025-06-18T13:59:16.139452,,,,,,,,,,,,,,,,,,,,,,,,,,,,,,,,,,,,,,,,,,,,,,,,,85.0,1.8832250833511353,cybersecurity,unknown,True,"Episode_85: 中間抽象度, 集約的 (dims: [106, 62, 379, 367, 71])",,,,,,
413,natural language processing,Reinforcement Learning,10,2025-06-18T13:59:16.139452,,,,,,,,,,,,,,,,,,,,,,,,,,,,,,,,,,,,,,,,,,,,,,,,,,,,,,,95.0,1.8832250833511353,cybersecurity,unknown,True,"Episode_95: 中間抽象度, 集約的 (dims: [106, 62, 379, 367, 71])"
414,computer vision,Graph Neural Networks,10,2025-06-18T13:59:16.183895,0.0,1.894721269607544,medical diagnosis,unknown,True,"Episode_0: 中間抽象度, 集約的 (dims: [13, 282, 58, 91, 281])",,,,,,,,,,,,,,,,,,,,,,,,,,,,,,,,,,,,,,,,,,,,,,,,,,,,,,
414,computer vision,Graph Neural Networks,10,2025-06-18T13:59:16.183895,,,,,,,10.0,1.894721269607544,medical diagnosis,unknown,True,"Episode_10: 中間抽象度, 集約的 (dims: [13, 282, 58, 91, 281])",,,,,,,,,,,,,,,,,,,,,,,,,,,,,,,,,,,,,,,,,,,,,,,,
414,computer vision,Graph Neural Networks,10,2025-06-18T13:59:16.183895,,,,,,,,,,,,,20.0,1.894721269607544,medical diagnosis,unknown,True,"Episode_20: 中間抽象度, 集約的 (dims: [13, 282, 58, 91, 281])",,,,,,,,,,,,,,,,,,,,,,,,,,,,,,,,,,,,,,,,,,
414,computer vision,Graph Neural Networks,10,2025-06-18T13:59:16.183895,,,,,,,,,,,,,,,,,,,30.0,1.894721269607544,medical diagnosis,unknown,True,"Episode_30: 中間抽象度, 集約的 (dims: [13, 282, 58, 91, 281])",,,,,,,,,,,,,,,,,,,,,,,,,,,,,,,,,,,,
414,computer vision,Graph Neural Networks,10,2025-06-18T13:59:16.183895,,,,,,,,,,,,,,,,,,,,,,,,,40.0,1.894721269607544,medical diagnosis,unknown,True,"Episode_40: 中間抽象度, 集約的 (dims: [13, 282, 58, 91, 281])",,,,,,,,,,,,,,,,,,,,,,,,,,,,,,
414,computer vision,Graph Neural Networks,10,2025-06-18T13:59:16.183895,,,,,,,,,,,,,,,,,,,,,,,,,,,,,,,50.0,1.894721269607544,medical diagnosis,unknown,True,"Episode_50: 中間抽象度, 集約的 (dims: [13, 282, 58, 91, 281])",,,,,,,,,,,,,,,,,,,,,,,,
414,computer vision,Graph Neural Networks,10,2025-06-18T13:59:16.183895,,,,,,,,,,,,,,,,,,,,,,,,,,,,,,,,,,,,,60.0,1.894721269607544,medical diagnosis,unknown,True,"Episode_60: 中間抽象度, 集約的 (dims: [13, 282, 58, 91, 281])",,,,,,,,,,,,,,,,,,
414,computer vision,Graph Neural Networks,10,2025-06-18T13:59:16.183895,,,,,,,,,,,,,,,,,,,,,,,,,,,,,,,,,,,,,,,,,,,70.0,1.894721269607544,medical diagnosis,unknown,True,"Episode_70: 中間抽象度, 集約的 (dims: [13, 282, 58, 91, 281])",,,,,,,,,,,,
414,computer vision,Graph Neural Networks,10,2025-06-18T13:59:16.183895,,,,,,,,,,,,,,,,,,,,,,,,,,,,,,,,,,,,,,,,,,,,,,,,,80.0,1.894721269607544,medical diagnosis,unknown,True,"Episode_80: 中間抽象度, 集約的 (dims: [13, 282, 58, 91, 281])",,,,,,
414,computer vision,Graph Neural Networks,10,2025-06-18T13:59:16.183895,,,,,,,,,,,,,,,,,,,,,,,,,,,,,,,,,,,,,,,,,,,,,,,,,,,,,,,90.0,1.894721269607544,medical diagnosis,unknown,True,"Episode_90: 中間抽象度, 集約的 (dims: [13, 282, 58, 91, 281])"
415,robotics,Federated Learning,10,2025-06-18T13:59:16.228044,5.0,1.8728573322296143,cybersecurity,unknown,True,"Episode_5: 中間抽象度, 集約的 (dims: [106, 62, 379, 367, 71])",,,,,,,,,,,,,,,,,,,,,,,,,,,,,,,,,,,,,,,,,,,,,,,,,,,,,,
415,robotics,Federated Learning,10,2025-06-18T13:59:16.228044,,,,,,,15.0,1.8728573322296143,cybersecurity,unknown,True,"Episode_15: 中間抽象度, 集約的 (dims: [106, 62, 379, 367, 71])",,,,,,,,,,,,,,,,,,,,,,,,,,,,,,,,,,,,,,,,,,,,,,,,
415,robotics,Federated Learning,10,2025-06-18T13:59:16.228044,,,,,,,,,,,,,25.0,1.8728573322296143,cybersecurity,unknown,True,"Episode_25: 中間抽象度, 集約的 (dims: [106, 62, 379, 367, 71])",,,,,,,,,,,,,,,,,,,,,,,,,,,,,,,,,,,,,,,,,,
415,robotics,Federated Learning,10,2025-06-18T13:59:16.228044,,,,,,,,,,,,,,,,,,,35.0,1.8728573322296143,cybersecurity,unknown,True,"Episode_35: 中間抽象度, 集約的 (dims: [106, 62, 379, 367, 71])",,,,,,,,,,,,,,,,,,,,,,,,,,,,,,,,,,,,
415,robotics,Federated Learning,10,2025-06-18T13:59:16.228044,,,,,,,,,,,,,,,,,,,,,,,,,45.0,1.8728573322296143,cybersecurity,unknown,True,"Episode_45: 中間抽象度, 集約的 (dims: [106, 62, 379, 367, 71])",,,,,,,,,,,,,,,,,,,,,,,,,,,,,,
415,robotics,Federated Learning,10,2025-06-18T13:59:16.228044,,,,,,,,,,,,,,,,,,,,,,,,,,,,,,,55.0,1.8728573322296143,cybersecurity,unknown,True,"Episode_55: 中間抽象度, 集約的 (dims: [106, 62, 379, 367, 71])",,,,,,,,,,,,,,,,,,,,,,,,
415,robotics,Federated Learning,10,2025-06-18T13:59:16.228044,,,,,,,,,,,,,,,,,,,,,,,,,,,,,,,,,,,,,65.0,1.8728573322296143,cybersecurity,unknown,True,"Episode_65: 中間抽象度, 集約的 (dims: [106, 62, 379, 367, 71])",,,,,,,,,,,,,,,,,,
415,robotics,Federated Learning,10,2025-06-18T13:59:16.228044,,,,,,,,,,,,,,,,,,,,,,,,,,,,,,,,,,,,,,,,,,,75.0,1.8728573322296143,cybersecurity,unknown,True,"Episode_75: 中間抽象度, 集約的 (dims: [106, 62, 379, 367, 71])",,,,,,,,,,,,
415,robotics,Federated Learning,10,2025-06-18T13:59:16.228044,,,,,,,,,,,,,,,,,,,,,,,,,,,,,,,,,,,,,,,,,,,,,,,,,85.0,1.8728573322296143,cybersecurity,unknown,True,"Episode_85: 中間抽象度, 集約的 (dims: [106, 62, 379, 367, 71])",,,,,,
415,robotics,Federated Learning,10,2025-06-18T13:59:16.228044,,,,,,,,,,,,,,,,,,,,,,,,,,,,,,,,,,,,,,,,,,,,,,,,,,,,,,,95.0,1.8728573322296143,cybersecurity,unknown,True,"Episode_95: 中間抽象度, 集約的 (dims: [106, 62, 379, 367, 71])"
416,cybersecurity,Explainable AI,10,2025-06-18T13:59:16.274574,0.0,1.911033272743225,medical diagnosis,unknown,True,"Episode_0: 中間抽象度, 集約的 (dims: [13, 282, 58, 91, 281])",,,,,,,,,,,,,,,,,,,,,,,,,,,,,,,,,,,,,,,,,,,,,,,,,,,,,,
416,cybersecurity,Explainable AI,10,2025-06-18T13:59:16.274574,,,,,,,10.0,1.911033272743225,medical diagnosis,unknown,True,"Episode_10: 中間抽象度, 集約的 (dims: [13, 282, 58, 91, 281])",,,,,,,,,,,,,,,,,,,,,,,,,,,,,,,,,,,,,,,,,,,,,,,,
416,cybersecurity,Explainable AI,10,2025-06-18T13:59:16.274574,,,,,,,,,,,,,20.0,1.911033272743225,medical diagnosis,unknown,True,"Episode_20: 中間抽象度, 集約的 (dims: [13, 282, 58, 91, 281])",,,,,,,,,,,,,,,,,,,,,,,,,,,,,,,,,,,,,,,,,,
416,cybersecurity,Explainable AI,10,2025-06-18T13:59:16.274574,,,,,,,,,,,,,,,,,,,30.0,1.911033272743225,medical diagnosis,unknown,True,"Episode_30: 中間抽象度, 集約的 (dims: [13, 282, 58, 91, 281])",,,,,,,,,,,,,,,,,,,,,,,,,,,,,,,,,,,,
416,cybersecurity,Explainable AI,10,2025-06-18T13:59:16.274574,,,,,,,,,,,,,,,,,,,,,,,,,40.0,1.911033272743225,medical diagnosis,unknown,True,"Episode_40: 中間抽象度, 集約的 (dims: [13, 282, 58, 91, 281])",,,,,,,,,,,,,,,,,,,,,,,,,,,,,,
416,cybersecurity,Explainable AI,10,2025-06-18T13:59:16.274574,,,,,,,,,,,,,,,,,,,,,,,,,,,,,,,50.0,1.911033272743225,medical diagnosis,unknown,True,"Episode_50: 中間抽象度, 集約的 (dims: [13, 282, 58, 91, 281])",,,,,,,,,,,,,,,,,,,,,,,,
416,cybersecurity,Explainable AI,10,2025-06-18T13:59:16.274574,,,,,,,,,,,,,,,,,,,,,,,,,,,,,,,,,,,,,60.0,1.911033272743225,medical diagnosis,unknown,True,"Episode_60: 中間抽象度, 集約的 (dims: [13, 282, 58, 91, 281])",,,,,,,,,,,,,,,,,,
416,cybersecurity,Explainable AI,10,2025-06-18T13:59:16.274574,,,,,,,,,,,,,,,,,,,,,,,,,,,,,,,,,,,,,,,,,,,70.0,1.911033272743225,medical diagnosis,unknown,True,"Episode_70: 中間抽象度, 集約的 (dims: [13, 282, 58, 91, 281])",,,,,,,,,,,,
416,cybersecurity,Explainable AI,10,2025-06-18T13:59:16.274574,,,,,,,,,,,,,,,,,,,,,,,,,,,,,,,,,,,,,,,,,,,,,,,,,80.0,1.911033272743225,medical diagnosis,unknown,True,"Episode_80: 中間抽象度, 集約的 (dims: [13, 282, 58, 91, 281])",,,,,,
416,cybersecurity,Explainable AI,10,2025-06-18T13:59:16.274574,,,,,,,,,,,,,,,,,,,,,,,,,,,,,,,,,,,,,,,,,,,,,,,,,,,,,,,90.0,1.911033272743225,medical diagnosis,unknown,True,"Episode_90: 中間抽象度, 集約的 (dims: [13, 282, 58, 91, 281])"
417,climate modeling,Multimodal Learning,10,2025-06-18T13:59:16.320622,5.0,1.9013603925704956,cybersecurity,unknown,True,"Episode_5: 中間抽象度, 集約的 (dims: [106, 62, 379, 367, 71])",,,,,,,,,,,,,,,,,,,,,,,,,,,,,,,,,,,,,,,,,,,,,,,,,,,,,,
417,climate modeling,Multimodal Learning,10,2025-06-18T13:59:16.320622,,,,,,,15.0,1.9013603925704956,cybersecurity,unknown,True,"Episode_15: 中間抽象度, 集約的 (dims: [106, 62, 379, 367, 71])",,,,,,,,,,,,,,,,,,,,,,,,,,,,,,,,,,,,,,,,,,,,,,,,
417,climate modeling,Multimodal Learning,10,2025-06-18T13:59:16.320622,,,,,,,,,,,,,25.0,1.9013603925704956,cybersecurity,unknown,True,"Episode_25: 中間抽象度, 集約的 (dims: [106, 62, 379, 367, 71])",,,,,,,,,,,,,,,,,,,,,,,,,,,,,,,,,,,,,,,,,,
417,climate modeling,Multimodal Learning,10,2025-06-18T13:59:16.320622,,,,,,,,,,,,,,,,,,,35.0,1.9013603925704956,cybersecurity,unknown,True,"Episode_35: 中間抽象度, 集約的 (dims: [106, 62, 379, 367, 71])",,,,,,,,,,,,,,,,,,,,,,,,,,,,,,,,,,,,
417,climate modeling,Multimodal Learning,10,2025-06-18T13:59:16.320622,,,,,,,,,,,,,,,,,,,,,,,,,45.0,1.9013603925704956,cybersecurity,unknown,True,"Episode_45: 中間抽象度, 集約的 (dims: [106, 62, 379, 367, 71])",,,,,,,,,,,,,,,,,,,,,,,,,,,,,,
417,climate modeling,Multimodal Learning,10,2025-06-18T13:59:16.320622,,,,,,,,,,,,,,,,,,,,,,,,,,,,,,,55.0,1.9013603925704956,cybersecurity,unknown,True,"Episode_55: 中間抽象度, 集約的 (dims: [106, 62, 379, 367, 71])",,,,,,,,,,,,,,,,,,,,,,,,
417,climate modeling,Multimodal Learning,10,2025-06-18T13:59:16.320622,,,,,,,,,,,,,,,,,,,,,,,,,,,,,,,,,,,,,65.0,1.9013603925704956,cybersecurity,unknown,True,"Episode_65: 中間抽象度, 集約的 (dims: [106, 62, 379, 367, 71])",,,,,,,,,,,,,,,,,,
417,climate modeling,Multimodal Learning,10,2025-06-18T13:59:16.320622,,,,,,,,,,,,,,,,,,,,,,,,,,,,,,,,,,,,,,,,,,,75.0,1.9013603925704956,cybersecurity,unknown,True,"Episode_75: 中間抽象度, 集約的 (dims: [106, 62, 379, 367, 71])",,,,,,,,,,,,
417,climate modeling,Multimodal Learning,10,2025-06-18T13:59:16.320622,,,,,,,,,,,,,,,,,,,,,,,,,,,,,,,,,,,,,,,,,,,,,,,,,85.0,1.9013603925704956,cybersecurity,unknown,True,"Episode_85: 中間抽象度, 集約的 (dims: [106, 62, 379, 367, 71])",,,,,,
417,climate modeling,Multimodal Learning,10,2025-06-18T13:59:16.320622,,,,,,,,,,,,,,,,,,,,,,,,,,,,,,,,,,,,,,,,,,,,,,,,,,,,,,,95.0,1.9013603925704956,cybersecurity,unknown,True,"Episode_95: 中間抽象度, 集約的 (dims: [106, 62, 379, 367, 71])"
418,drug discovery,Few-shot Learning,10,2025-06-18T13:59:16.367046,0.0,1.9221811294555664,medical diagnosis,unknown,True,"Episode_0: 中間抽象度, 集約的 (dims: [13, 282, 58, 91, 281])",,,,,,,,,,,,,,,,,,,,,,,,,,,,,,,,,,,,,,,,,,,,,,,,,,,,,,
418,drug discovery,Few-shot Learning,10,2025-06-18T13:59:16.367046,,,,,,,10.0,1.9221811294555664,medical diagnosis,unknown,True,"Episode_10: 中間抽象度, 集約的 (dims: [13, 282, 58, 91, 281])",,,,,,,,,,,,,,,,,,,,,,,,,,,,,,,,,,,,,,,,,,,,,,,,
418,drug discovery,Few-shot Learning,10,2025-06-18T13:59:16.367046,,,,,,,,,,,,,20.0,1.9221811294555664,medical diagnosis,unknown,True,"Episode_20: 中間抽象度, 集約的 (dims: [13, 282, 58, 91, 281])",,,,,,,,,,,,,,,,,,,,,,,,,,,,,,,,,,,,,,,,,,
418,drug discovery,Few-shot Learning,10,2025-06-18T13:59:16.367046,,,,,,,,,,,,,,,,,,,30.0,1.9221811294555664,medical diagnosis,unknown,True,"Episode_30: 中間抽象度, 集約的 (dims: [13, 282, 58, 91, 281])",,,,,,,,,,,,,,,,,,,,,,,,,,,,,,,,,,,,
418,drug discovery,Few-shot Learning,10,2025-06-18T13:59:16.367046,,,,,,,,,,,,,,,,,,,,,,,,,40.0,1.9221811294555664,medical diagnosis,unknown,True,"Episode_40: 中間抽象度, 集約的 (dims: [13, 282, 58, 91, 281])",,,,,,,,,,,,,,,,,,,,,,,,,,,,,,
418,drug discovery,Few-shot Learning,10,2025-06-18T13:59:16.367046,,,,,,,,,,,,,,,,,,,,,,,,,,,,,,,50.0,1.9221811294555664,medical diagnosis,unknown,True,"Episode_50: 中間抽象度, 集約的 (dims: [13, 282, 58, 91, 281])",,,,,,,,,,,,,,,,,,,,,,,,
418,drug discovery,Few-shot Learning,10,2025-06-18T13:59:16.367046,,,,,,,,,,,,,,,,,,,,,,,,,,,,,,,,,,,,,60.0,1.9221811294555664,medical diagnosis,unknown,True,"Episode_60: 中間抽象度, 集約的 (dims: [13, 282, 58, 91, 281])",,,,,,,,,,,,,,,,,,
418,drug discovery,Few-shot Learning,10,2025-06-18T13:59:16.367046,,,,,,,,,,,,,,,,,,,,,,,,,,,,,,,,,,,,,,,,,,,70.0,1.9221811294555664,medical diagnosis,unknown,True,"Episode_70: 中間抽象度, 集約的 (dims: [13, 282, 58, 91, 281])",,,,,,,,,,,,
418,drug discovery,Few-shot Learning,10,2025-06-18T13:59:16.367046,,,,,,,,,,,,,,,,,,,,,,,,,,,,,,,,,,,,,,,,,,,,,,,,,80.0,1.9221811294555664,medical diagnosis,unknown,True,"Episode_80: 中間抽象度, 集約的 (dims: [13, 282, 58, 91, 281])",,,,,,
418,drug discovery,Few-shot Learning,10,2025-06-18T13:59:16.367046,,,,,,,,,,,,,,,,,,,,,,,,,,,,,,,,,,,,,,,,,,,,,,,,,,,,,,,90.0,1.9221811294555664,medical diagnosis,unknown,True,"Episode_90: 中間抽象度, 集約的 (dims: [13, 282, 58, 91, 281])"
419,financial prediction,Transfer Learning,10,2025-06-18T13:59:16.413348,0.0,1.9256962537765503,medical diagnosis,unknown,True,"Episode_0: 中間抽象度, 集約的 (dims: [13, 282, 58, 91, 281])",,,,,,,,,,,,,,,,,,,,,,,,,,,,,,,,,,,,,,,,,,,,,,,,,,,,,,
419,financial prediction,Transfer Learning,10,2025-06-18T13:59:16.413348,,,,,,,10.0,1.9256962537765503,medical diagnosis,unknown,True,"Episode_10: 中間抽象度, 集約的 (dims: [13, 282, 58, 91, 281])",,,,,,,,,,,,,,,,,,,,,,,,,,,,,,,,,,,,,,,,,,,,,,,,
419,financial prediction,Transfer Learning,10,2025-06-18T13:59:16.413348,,,,,,,,,,,,,20.0,1.9256962537765503,medical diagnosis,unknown,True,"Episode_20: 中間抽象度, 集約的 (dims: [13, 282, 58, 91, 281])",,,,,,,,,,,,,,,,,,,,,,,,,,,,,,,,,,,,,,,,,,
419,financial prediction,Transfer Learning,10,2025-06-18T13:59:16.413348,,,,,,,,,,,,,,,,,,,30.0,1.9256962537765503,medical diagnosis,unknown,True,"Episode_30: 中間抽象度, 集約的 (dims: [13, 282, 58, 91, 281])",,,,,,,,,,,,,,,,,,,,,,,,,,,,,,,,,,,,
419,financial prediction,Transfer Learning,10,2025-06-18T13:59:16.413348,,,,,,,,,,,,,,,,,,,,,,,,,40.0,1.9256962537765503,medical diagnosis,unknown,True,"Episode_40: 中間抽象度, 集約的 (dims: [13, 282, 58, 91, 281])",,,,,,,,,,,,,,,,,,,,,,,,,,,,,,
419,financial prediction,Transfer Learning,10,2025-06-18T13:59:16.413348,,,,,,,,,,,,,,,,,,,,,,,,,,,,,,,50.0,1.9256962537765503,medical diagnosis,unknown,True,"Episode_50: 中間抽象度, 集約的 (dims: [13, 282, 58, 91, 281])",,,,,,,,,,,,,,,,,,,,,,,,
419,financial prediction,Transfer Learning,10,2025-06-18T13:59:16.413348,,,,,,,,,,,,,,,,,,,,,,,,,,,,,,,,,,,,,60.0,1.9256962537765503,medical diagnosis,unknown,True,"Episode_60: 中間抽象度, 集約的 (dims: [13, 282, 58, 91, 281])",,,,,,,,,,,,,,,,,,
419,financial prediction,Transfer Learning,10,2025-06-18T13:59:16.413348,,,,,,,,,,,,,,,,,,,,,,,,,,,,,,,,,,,,,,,,,,,70.0,1.9256962537765503,medical diagnosis,unknown,True,"Episode_70: 中間抽象度, 集約的 (dims: [13, 282, 58, 91, 281])",,,,,,,,,,,,
419,financial prediction,Transfer Learning,10,2025-06-18T13:59:16.413348,,,,,,,,,,,,,,,,,,,,,,,,,,,,,,,,,,,,,,,,,,,,,,,,,80.0,1.9256962537765503,medical diagnosis,unknown,True,"Episode_80: 中間抽象度, 集約的 (dims: [13, 282, 58, 91, 281])",,,,,,
419,financial prediction,Transfer Learning,10,2025-06-18T13:59:16.413348,,,,,,,,,,,,,,,,,,,,,,,,,,,,,,,,,,,,,,,,,,,,,,,,,,,,,,,90.0,1.9256962537765503,medical diagnosis,unknown,True,"Episode_90: 中間抽象度, 集約的 (dims: [13, 282, 58, 91, 281])"
420,educational technology,Adversarial Machine Learning,10,2025-06-18T13:59:16.460534,0.0,1.928670048713684,medical diagnosis,unknown,True,"Episode_0: 中間抽象度, 集約的 (dims: [13, 282, 58, 91, 281])",,,,,,,,,,,,,,,,,,,,,,,,,,,,,,,,,,,,,,,,,,,,,,,,,,,,,,
420,educational technology,Adversarial Machine Learning,10,2025-06-18T13:59:16.460534,,,,,,,10.0,1.928670048713684,medical diagnosis,unknown,True,"Episode_10: 中間抽象度, 集約的 (dims: [13, 282, 58, 91, 281])",,,,,,,,,,,,,,,,,,,,,,,,,,,,,,,,,,,,,,,,,,,,,,,,
420,educational technology,Adversarial Machine Learning,10,2025-06-18T13:59:16.460534,,,,,,,,,,,,,20.0,1.928670048713684,medical diagnosis,unknown,True,"Episode_20: 中間抽象度, 集約的 (dims: [13, 282, 58, 91, 281])",,,,,,,,,,,,,,,,,,,,,,,,,,,,,,,,,,,,,,,,,,
420,educational technology,Adversarial Machine Learning,10,2025-06-18T13:59:16.460534,,,,,,,,,,,,,,,,,,,30.0,1.928670048713684,medical diagnosis,unknown,True,"Episode_30: 中間抽象度, 集約的 (dims: [13, 282, 58, 91, 281])",,,,,,,,,,,,,,,,,,,,,,,,,,,,,,,,,,,,
420,educational technology,Adversarial Machine Learning,10,2025-06-18T13:59:16.460534,,,,,,,,,,,,,,,,,,,,,,,,,40.0,1.928670048713684,medical diagnosis,unknown,True,"Episode_40: 中間抽象度, 集約的 (dims: [13, 282, 58, 91, 281])",,,,,,,,,,,,,,,,,,,,,,,,,,,,,,
420,educational technology,Adversarial Machine Learning,10,2025-06-18T13:59:16.460534,,,,,,,,,,,,,,,,,,,,,,,,,,,,,,,50.0,1.928670048713684,medical diagnosis,unknown,True,"Episode_50: 中間抽象度, 集約的 (dims: [13, 282, 58, 91, 281])",,,,,,,,,,,,,,,,,,,,,,,,
420,educational technology,Adversarial Machine Learning,10,2025-06-18T13:59:16.460534,,,,,,,,,,,,,,,,,,,,,,,,,,,,,,,,,,,,,60.0,1.928670048713684,medical diagnosis,unknown,True,"Episode_60: 中間抽象度, 集約的 (dims: [13, 282, 58, 91, 281])",,,,,,,,,,,,,,,,,,
420,educational technology,Adversarial Machine Learning,10,2025-06-18T13:59:16.460534,,,,,,,,,,,,,,,,,,,,,,,,,,,,,,,,,,,,,,,,,,,70.0,1.928670048713684,medical diagnosis,unknown,True,"Episode_70: 中間抽象度, 集約的 (dims: [13, 282, 58, 91, 281])",,,,,,,,,,,,
420,educational technology,Adversarial Machine Learning,10,2025-06-18T13:59:16.460534,,,,,,,,,,,,,,,,,,,,,,,,,,,,,,,,,,,,,,,,,,,,,,,,,80.0,1.928670048713684,medical diagnosis,unknown,True,"Episode_80: 中間抽象度, 集約的 (dims: [13, 282, 58, 91, 281])",,,,,,
420,educational technology,Adversarial Machine Learning,10,2025-06-18T13:59:16.460534,,,,,,,,,,,,,,,,,,,,,,,,,,,,,,,,,,,,,,,,,,,,,,,,,,,,,,,90.0,1.928670048713684,medical diagnosis,unknown,True,"Episode_90: 中間抽象度, 集約的 (dims: [13, 282, 58, 91, 281])"
421,medical diagnosis,Large Language Models,0,2025-06-18T13:59:16.509005,0.0,1.8874430656433105,medical diagnosis,unknown,False,"Episode_0: 中間抽象度, 集約的 (dims: [13, 282, 58, 91, 281])",,,,,,,,,,,,,,,,,,,,,,,,,,,,,,,,,,,,,,,,,,,,,,,,,,,,,,
421,medical diagnosis,Large Language Models,0,2025-06-18T13:59:16.509005,,,,,,,10.0,1.8874430656433105,medical diagnosis,unknown,False,"Episode_10: 中間抽象度, 集約的 (dims: [13, 282, 58, 91, 281])",,,,,,,,,,,,,,,,,,,,,,,,,,,,,,,,,,,,,,,,,,,,,,,,
421,medical diagnosis,Large Language Models,0,2025-06-18T13:59:16.509005,,,,,,,,,,,,,20.0,1.8874430656433105,medical diagnosis,unknown,False,"Episode_20: 中間抽象度, 集約的 (dims: [13, 282, 58, 91, 281])",,,,,,,,,,,,,,,,,,,,,,,,,,,,,,,,,,,,,,,,,,
421,medical diagnosis,Large Language Models,0,2025-06-18T13:59:16.509005,,,,,,,,,,,,,,,,,,,30.0,1.8874430656433105,medical diagnosis,unknown,False,"Episode_30: 中間抽象度, 集約的 (dims: [13, 282, 58, 91, 281])",,,,,,,,,,,,,,,,,,,,,,,,,,,,,,,,,,,,
421,medical diagnosis,Large Language Models,0,2025-06-18T13:59:16.509005,,,,,,,,,,,,,,,,,,,,,,,,,40.0,1.8874430656433105,medical diagnosis,unknown,False,"Episode_40: 中間抽象度, 集約的 (dims: [13, 282, 58, 91, 281])",,,,,,,,,,,,,,,,,,,,,,,,,,,,,,
421,medical diagnosis,Large Language Models,0,2025-06-18T13:59:16.509005,,,,,,,,,,,,,,,,,,,,,,,,,,,,,,,50.0,1.8874430656433105,medical diagnosis,unknown,False,"Episode_50: 中間抽象度, 集約的 (dims: [13, 282, 58, 91, 281])",,,,,,,,,,,,,,,,,,,,,,,,
421,medical diagnosis,Large Language Models,0,2025-06-18T13:59:16.509005,,,,,,,,,,,,,,,,,,,,,,,,,,,,,,,,,,,,,60.0,1.8874430656433105,medical diagnosis,unknown,False,"Episode_60: 中間抽象度, 集約的 (dims: [13, 282, 58, 91, 281])",,,,,,,,,,,,,,,,,,
421,medical diagnosis,Large Language Models,0,2025-06-18T13:59:16.509005,,,,,,,,,,,,,,,,,,,,,,,,,,,,,,,,,,,,,,,,,,,70.0,1.8874430656433105,medical diagnosis,unknown,False,"Episode_70: 中間抽象度, 集約的 (dims: [13, 282, 58, 91, 281])",,,,,,,,,,,,
421,medical diagnosis,Large Language Models,0,2025-06-18T13:59:16.509005,,,,,,,,,,,,,,,,,,,,,,,,,,,,,,,,,,,,,,,,,,,,,,,,,80.0,1.8874430656433105,medical diagnosis,unknown,False,"Episode_80: 中間抽象度, 集約的 (dims: [13, 282, 58, 91, 281])",,,,,,
421,medical diagnosis,Large Language Models,0,2025-06-18T13:59:16.509005,,,,,,,,,,,,,,,,,,,,,,,,,,,,,,,,,,,,,,,,,,,,,,,,,,,,,,,90.0,1.8874430656433105,medical diagnosis,unknown,False,"Episode_90: 中間抽象度, 集約的 (dims: [13, 282, 58, 91, 281])"
422,autonomous systems,Computer Vision,10,2025-06-18T13:59:16.553708,0.0,1.8768787384033203,medical diagnosis,unknown,True,"Episode_0: 中間抽象度, 集約的 (dims: [13, 282, 58, 91, 281])",,,,,,,,,,,,,,,,,,,,,,,,,,,,,,,,,,,,,,,,,,,,,,,,,,,,,,
422,autonomous systems,Computer Vision,10,2025-06-18T13:59:16.553708,,,,,,,10.0,1.8768787384033203,medical diagnosis,unknown,True,"Episode_10: 中間抽象度, 集約的 (dims: [13, 282, 58, 91, 281])",,,,,,,,,,,,,,,,,,,,,,,,,,,,,,,,,,,,,,,,,,,,,,,,
422,autonomous systems,Computer Vision,10,2025-06-18T13:59:16.553708,,,,,,,,,,,,,20.0,1.8768787384033203,medical diagnosis,unknown,True,"Episode_20: 中間抽象度, 集約的 (dims: [13, 282, 58, 91, 281])",,,,,,,,,,,,,,,,,,,,,,,,,,,,,,,,,,,,,,,,,,
422,autonomous systems,Computer Vision,10,2025-06-18T13:59:16.553708,,,,,,,,,,,,,,,,,,,30.0,1.8768787384033203,medical diagnosis,unknown,True,"Episode_30: 中間抽象度, 集約的 (dims: [13, 282, 58, 91, 281])",,,,,,,,,,,,,,,,,,,,,,,,,,,,,,,,,,,,
422,autonomous systems,Computer Vision,10,2025-06-18T13:59:16.553708,,,,,,,,,,,,,,,,,,,,,,,,,40.0,1.8768787384033203,medical diagnosis,unknown,True,"Episode_40: 中間抽象度, 集約的 (dims: [13, 282, 58, 91, 281])",,,,,,,,,,,,,,,,,,,,,,,,,,,,,,
422,autonomous systems,Computer Vision,10,2025-06-18T13:59:16.553708,,,,,,,,,,,,,,,,,,,,,,,,,,,,,,,50.0,1.8768787384033203,medical diagnosis,unknown,True,"Episode_50: 中間抽象度, 集約的 (dims: [13, 282, 58, 91, 281])",,,,,,,,,,,,,,,,,,,,,,,,
422,autonomous systems,Computer Vision,10,2025-06-18T13:59:16.553708,,,,,,,,,,,,,,,,,,,,,,,,,,,,,,,,,,,,,60.0,1.8768787384033203,medical diagnosis,unknown,True,"Episode_60: 中間抽象度, 集約的 (dims: [13, 282, 58, 91, 281])",,,,,,,,,,,,,,,,,,
422,autonomous systems,Computer Vision,10,2025-06-18T13:59:16.553708,,,,,,,,,,,,,,,,,,,,,,,,,,,,,,,,,,,,,,,,,,,70.0,1.8768787384033203,medical diagnosis,unknown,True,"Episode_70: 中間抽象度, 集約的 (dims: [13, 282, 58, 91, 281])",,,,,,,,,,,,
422,autonomous systems,Computer Vision,10,2025-06-18T13:59:16.553708,,,,,,,,,,,,,,,,,,,,,,,,,,,,,,,,,,,,,,,,,,,,,,,,,80.0,1.8768787384033203,medical diagnosis,unknown,True,"Episode_80: 中間抽象度, 集約的 (dims: [13, 282, 58, 91, 281])",,,,,,
422,autonomous systems,Computer Vision,10,2025-06-18T13:59:16.553708,,,,,,,,,,,,,,,,,,,,,,,,,,,,,,,,,,,,,,,,,,,,,,,,,,,,,,,90.0,1.8768787384033203,medical diagnosis,unknown,True,"Episode_90: 中間抽象度, 集約的 (dims: [13, 282, 58, 91, 281])"
423,natural language processing,Reinforcement Learning,10,2025-06-18T13:59:16.598038,5.0,1.8832250833511353,cybersecurity,unknown,True,"Episode_5: 中間抽象度, 集約的 (dims: [106, 62, 379, 367, 71])",,,,,,,,,,,,,,,,,,,,,,,,,,,,,,,,,,,,,,,,,,,,,,,,,,,,,,
423,natural language processing,Reinforcement Learning,10,2025-06-18T13:59:16.598038,,,,,,,15.0,1.8832250833511353,cybersecurity,unknown,True,"Episode_15: 中間抽象度, 集約的 (dims: [106, 62, 379, 367, 71])",,,,,,,,,,,,,,,,,,,,,,,,,,,,,,,,,,,,,,,,,,,,,,,,
423,natural language processing,Reinforcement Learning,10,2025-06-18T13:59:16.598038,,,,,,,,,,,,,25.0,1.8832250833511353,cybersecurity,unknown,True,"Episode_25: 中間抽象度, 集約的 (dims: [106, 62, 379, 367, 71])",,,,,,,,,,,,,,,,,,,,,,,,,,,,,,,,,,,,,,,,,,
423,natural language processing,Reinforcement Learning,10,2025-06-18T13:59:16.598038,,,,,,,,,,,,,,,,,,,35.0,1.8832250833511353,cybersecurity,unknown,True,"Episode_35: 中間抽象度, 集約的 (dims: [106, 62, 379, 367, 71])",,,,,,,,,,,,,,,,,,,,,,,,,,,,,,,,,,,,
423,natural language processing,Reinforcement Learning,10,2025-06-18T13:59:16.598038,,,,,,,,,,,,,,,,,,,,,,,,,45.0,1.8832250833511353,cybersecurity,unknown,True,"Episode_45: 中間抽象度, 集約的 (dims: [106, 62, 379, 367, 71])",,,,,,,,,,,,,,,,,,,,,,,,,,,,,,
423,natural language processing,Reinforcement Learning,10,2025-06-18T13:59:16.598038,,,,,,,,,,,,,,,,,,,,,,,,,,,,,,,55.0,1.8832250833511353,cybersecurity,unknown,True,"Episode_55: 中間抽象度, 集約的 (dims: [106, 62, 379, 367, 71])",,,,,,,,,,,,,,,,,,,,,,,,
423,natural language processing,Reinforcement Learning,10,2025-06-18T13:59:16.598038,,,,,,,,,,,,,,,,,,,,,,,,,,,,,,,,,,,,,65.0,1.8832250833511353,cybersecurity,unknown,True,"Episode_65: 中間抽象度, 集約的 (dims: [106, 62, 379, 367, 71])",,,,,,,,,,,,,,,,,,
423,natural language processing,Reinforcement Learning,10,2025-06-18T13:59:16.598038,,,,,,,,,,,,,,,,,,,,,,,,,,,,,,,,,,,,,,,,,,,75.0,1.8832250833511353,cybersecurity,unknown,True,"Episode_75: 中間抽象度, 集約的 (dims: [106, 62, 379, 367, 71])",,,,,,,,,,,,
423,natural language processing,Reinforcement Learning,10,2025-06-18T13:59:16.598038,,,,,,,,,,,,,,,,,,,,,,,,,,,,,,,,,,,,,,,,,,,,,,,,,85.0,1.8832250833511353,cybersecurity,unknown,True,"Episode_85: 中間抽象度, 集約的 (dims: [106, 62, 379, 367, 71])",,,,,,
423,natural language processing,Reinforcement Learning,10,2025-06-18T13:59:16.598038,,,,,,,,,,,,,,,,,,,,,,,,,,,,,,,,,,,,,,,,,,,,,,,,,,,,,,,95.0,1.8832250833511353,cybersecurity,unknown,True,"Episode_95: 中間抽象度, 集約的 (dims: [106, 62, 379, 367, 71])"
424,computer vision,Graph Neural Networks,10,2025-06-18T13:59:16.643865,0.0,1.894721269607544,medical diagnosis,unknown,True,"Episode_0: 中間抽象度, 集約的 (dims: [13, 282, 58, 91, 281])",,,,,,,,,,,,,,,,,,,,,,,,,,,,,,,,,,,,,,,,,,,,,,,,,,,,,,
424,computer vision,Graph Neural Networks,10,2025-06-18T13:59:16.643865,,,,,,,10.0,1.894721269607544,medical diagnosis,unknown,True,"Episode_10: 中間抽象度, 集約的 (dims: [13, 282, 58, 91, 281])",,,,,,,,,,,,,,,,,,,,,,,,,,,,,,,,,,,,,,,,,,,,,,,,
424,computer vision,Graph Neural Networks,10,2025-06-18T13:59:16.643865,,,,,,,,,,,,,20.0,1.894721269607544,medical diagnosis,unknown,True,"Episode_20: 中間抽象度, 集約的 (dims: [13, 282, 58, 91, 281])",,,,,,,,,,,,,,,,,,,,,,,,,,,,,,,,,,,,,,,,,,
424,computer vision,Graph Neural Networks,10,2025-06-18T13:59:16.643865,,,,,,,,,,,,,,,,,,,30.0,1.894721269607544,medical diagnosis,unknown,True,"Episode_30: 中間抽象度, 集約的 (dims: [13, 282, 58, 91, 281])",,,,,,,,,,,,,,,,,,,,,,,,,,,,,,,,,,,,
424,computer vision,Graph Neural Networks,10,2025-06-18T13:59:16.643865,,,,,,,,,,,,,,,,,,,,,,,,,40.0,1.894721269607544,medical diagnosis,unknown,True,"Episode_40: 中間抽象度, 集約的 (dims: [13, 282, 58, 91, 281])",,,,,,,,,,,,,,,,,,,,,,,,,,,,,,
424,computer vision,Graph Neural Networks,10,2025-06-18T13:59:16.643865,,,,,,,,,,,,,,,,,,,,,,,,,,,,,,,50.0,1.894721269607544,medical diagnosis,unknown,True,"Episode_50: 中間抽象度, 集約的 (dims: [13, 282, 58, 91, 281])",,,,,,,,,,,,,,,,,,,,,,,,
424,computer vision,Graph Neural Networks,10,2025-06-18T13:59:16.643865,,,,,,,,,,,,,,,,,,,,,,,,,,,,,,,,,,,,,60.0,1.894721269607544,medical diagnosis,unknown,True,"Episode_60: 中間抽象度, 集約的 (dims: [13, 282, 58, 91, 281])",,,,,,,,,,,,,,,,,,
424,computer vision,Graph Neural Networks,10,2025-06-18T13:59:16.643865,,,,,,,,,,,,,,,,,,,,,,,,,,,,,,,,,,,,,,,,,,,70.0,1.894721269607544,medical diagnosis,unknown,True,"Episode_70: 中間抽象度, 集約的 (dims: [13, 282, 58, 91, 281])",,,,,,,,,,,,
424,computer vision,Graph Neural Networks,10,2025-06-18T13:59:16.643865,,,,,,,,,,,,,,,,,,,,,,,,,,,,,,,,,,,,,,,,,,,,,,,,,80.0,1.894721269607544,medical diagnosis,unknown,True,"Episode_80: 中間抽象度, 集約的 (dims: [13, 282, 58, 91, 281])",,,,,,
424,computer vision,Graph Neural Networks,10,2025-06-18T13:59:16.643865,,,,,,,,,,,,,,,,,,,,,,,,,,,,,,,,,,,,,,,,,,,,,,,,,,,,,,,90.0,1.894721269607544,medical diagnosis,unknown,True,"Episode_90: 中間抽象度, 集約的 (dims: [13, 282, 58, 91, 281])"
425,robotics,Federated Learning,10,2025-06-18T13:59:16.690521,5.0,1.8728573322296143,cybersecurity,unknown,True,"Episode_5: 中間抽象度, 集約的 (dims: [106, 62, 379, 367, 71])",,,,,,,,,,,,,,,,,,,,,,,,,,,,,,,,,,,,,,,,,,,,,,,,,,,,,,
425,robotics,Federated Learning,10,2025-06-18T13:59:16.690521,,,,,,,15.0,1.8728573322296143,cybersecurity,unknown,True,"Episode_15: 中間抽象度, 集約的 (dims: [106, 62, 379, 367, 71])",,,,,,,,,,,,,,,,,,,,,,,,,,,,,,,,,,,,,,,,,,,,,,,,
425,robotics,Federated Learning,10,2025-06-18T13:59:16.690521,,,,,,,,,,,,,25.0,1.8728573322296143,cybersecurity,unknown,True,"Episode_25: 中間抽象度, 集約的 (dims: [106, 62, 379, 367, 71])",,,,,,,,,,,,,,,,,,,,,,,,,,,,,,,,,,,,,,,,,,
425,robotics,Federated Learning,10,2025-06-18T13:59:16.690521,,,,,,,,,,,,,,,,,,,35.0,1.8728573322296143,cybersecurity,unknown,True,"Episode_35: 中間抽象度, 集約的 (dims: [106, 62, 379, 367, 71])",,,,,,,,,,,,,,,,,,,,,,,,,,,,,,,,,,,,
425,robotics,Federated Learning,10,2025-06-18T13:59:16.690521,,,,,,,,,,,,,,,,,,,,,,,,,45.0,1.8728573322296143,cybersecurity,unknown,True,"Episode_45: 中間抽象度, 集約的 (dims: [106, 62, 379, 367, 71])",,,,,,,,,,,,,,,,,,,,,,,,,,,,,,
425,robotics,Federated Learning,10,2025-06-18T13:59:16.690521,,,,,,,,,,,,,,,,,,,,,,,,,,,,,,,55.0,1.8728573322296143,cybersecurity,unknown,True,"Episode_55: 中間抽象度, 集約的 (dims: [106, 62, 379, 367, 71])",,,,,,,,,,,,,,,,,,,,,,,,
425,robotics,Federated Learning,10,2025-06-18T13:59:16.690521,,,,,,,,,,,,,,,,,,,,,,,,,,,,,,,,,,,,,65.0,1.8728573322296143,cybersecurity,unknown,True,"Episode_65: 中間抽象度, 集約的 (dims: [106, 62, 379, 367, 71])",,,,,,,,,,,,,,,,,,
425,robotics,Federated Learning,10,2025-06-18T13:59:16.690521,,,,,,,,,,,,,,,,,,,,,,,,,,,,,,,,,,,,,,,,,,,75.0,1.8728573322296143,cybersecurity,unknown,True,"Episode_75: 中間抽象度, 集約的 (dims: [106, 62, 379, 367, 71])",,,,,,,,,,,,
425,robotics,Federated Learning,10,2025-06-18T13:59:16.690521,,,,,,,,,,,,,,,,,,,,,,,,,,,,,,,,,,,,,,,,,,,,,,,,,85.0,1.8728573322296143,cybersecurity,unknown,True,"Episode_85: 中間抽象度, 集約的 (dims: [106, 62, 379, 367, 71])",,,,,,
425,robotics,Federated Learning,10,2025-06-18T13:59:16.690521,,,,,,,,,,,,,,,,,,,,,,,,,,,,,,,,,,,,,,,,,,,,,,,,,,,,,,,95.0,1.8728573322296143,cybersecurity,unknown,True,"Episode_95: 中間抽象度, 集約的 (dims: [106, 62, 379, 367, 71])"
426,cybersecurity,Explainable AI,10,2025-06-18T13:59:16.738733,0.0,1.911033272743225,medical diagnosis,unknown,True,"Episode_0: 中間抽象度, 集約的 (dims: [13, 282, 58, 91, 281])",,,,,,,,,,,,,,,,,,,,,,,,,,,,,,,,,,,,,,,,,,,,,,,,,,,,,,
426,cybersecurity,Explainable AI,10,2025-06-18T13:59:16.738733,,,,,,,10.0,1.911033272743225,medical diagnosis,unknown,True,"Episode_10: 中間抽象度, 集約的 (dims: [13, 282, 58, 91, 281])",,,,,,,,,,,,,,,,,,,,,,,,,,,,,,,,,,,,,,,,,,,,,,,,
426,cybersecurity,Explainable AI,10,2025-06-18T13:59:16.738733,,,,,,,,,,,,,20.0,1.911033272743225,medical diagnosis,unknown,True,"Episode_20: 中間抽象度, 集約的 (dims: [13, 282, 58, 91, 281])",,,,,,,,,,,,,,,,,,,,,,,,,,,,,,,,,,,,,,,,,,
426,cybersecurity,Explainable AI,10,2025-06-18T13:59:16.738733,,,,,,,,,,,,,,,,,,,30.0,1.911033272743225,medical diagnosis,unknown,True,"Episode_30: 中間抽象度, 集約的 (dims: [13, 282, 58, 91, 281])",,,,,,,,,,,,,,,,,,,,,,,,,,,,,,,,,,,,
426,cybersecurity,Explainable AI,10,2025-06-18T13:59:16.738733,,,,,,,,,,,,,,,,,,,,,,,,,40.0,1.911033272743225,medical diagnosis,unknown,True,"Episode_40: 中間抽象度, 集約的 (dims: [13, 282, 58, 91, 281])",,,,,,,,,,,,,,,,,,,,,,,,,,,,,,
426,cybersecurity,Explainable AI,10,2025-06-18T13:59:16.738733,,,,,,,,,,,,,,,,,,,,,,,,,,,,,,,50.0,1.911033272743225,medical diagnosis,unknown,True,"Episode_50: 中間抽象度, 集約的 (dims: [13, 282, 58, 91, 281])",,,,,,,,,,,,,,,,,,,,,,,,
426,cybersecurity,Explainable AI,10,2025-06-18T13:59:16.738733,,,,,,,,,,,,,,,,,,,,,,,,,,,,,,,,,,,,,60.0,1.911033272743225,medical diagnosis,unknown,True,"Episode_60: 中間抽象度, 集約的 (dims: [13, 282, 58, 91, 281])",,,,,,,,,,,,,,,,,,
426,cybersecurity,Explainable AI,10,2025-06-18T13:59:16.738733,,,,,,,,,,,,,,,,,,,,,,,,,,,,,,,,,,,,,,,,,,,70.0,1.911033272743225,medical diagnosis,unknown,True,"Episode_70: 中間抽象度, 集約的 (dims: [13, 282, 58, 91, 281])",,,,,,,,,,,,
426,cybersecurity,Explainable AI,10,2025-06-18T13:59:16.738733,,,,,,,,,,,,,,,,,,,,,,,,,,,,,,,,,,,,,,,,,,,,,,,,,80.0,1.911033272743225,medical diagnosis,unknown,True,"Episode_80: 中間抽象度, 集約的 (dims: [13, 282, 58, 91, 281])",,,,,,
426,cybersecurity,Explainable AI,10,2025-06-18T13:59:16.738733,,,,,,,,,,,,,,,,,,,,,,,,,,,,,,,,,,,,,,,,,,,,,,,,,,,,,,,90.0,1.911033272743225,medical diagnosis,unknown,True,"Episode_90: 中間抽象度, 集約的 (dims: [13, 282, 58, 91, 281])"
427,climate modeling,Multimodal Learning,10,2025-06-18T13:59:16.785300,5.0,1.9013603925704956,cybersecurity,unknown,True,"Episode_5: 中間抽象度, 集約的 (dims: [106, 62, 379, 367, 71])",,,,,,,,,,,,,,,,,,,,,,,,,,,,,,,,,,,,,,,,,,,,,,,,,,,,,,
427,climate modeling,Multimodal Learning,10,2025-06-18T13:59:16.785300,,,,,,,15.0,1.9013603925704956,cybersecurity,unknown,True,"Episode_15: 中間抽象度, 集約的 (dims: [106, 62, 379, 367, 71])",,,,,,,,,,,,,,,,,,,,,,,,,,,,,,,,,,,,,,,,,,,,,,,,
427,climate modeling,Multimodal Learning,10,2025-06-18T13:59:16.785300,,,,,,,,,,,,,25.0,1.9013603925704956,cybersecurity,unknown,True,"Episode_25: 中間抽象度, 集約的 (dims: [106, 62, 379, 367, 71])",,,,,,,,,,,,,,,,,,,,,,,,,,,,,,,,,,,,,,,,,,
427,climate modeling,Multimodal Learning,10,2025-06-18T13:59:16.785300,,,,,,,,,,,,,,,,,,,35.0,1.9013603925704956,cybersecurity,unknown,True,"Episode_35: 中間抽象度, 集約的 (dims: [106, 62, 379, 367, 71])",,,,,,,,,,,,,,,,,,,,,,,,,,,,,,,,,,,,
427,climate modeling,Multimodal Learning,10,2025-06-18T13:59:16.785300,,,,,,,,,,,,,,,,,,,,,,,,,45.0,1.9013603925704956,cybersecurity,unknown,True,"Episode_45: 中間抽象度, 集約的 (dims: [106, 62, 379, 367, 71])",,,,,,,,,,,,,,,,,,,,,,,,,,,,,,
427,climate modeling,Multimodal Learning,10,2025-06-18T13:59:16.785300,,,,,,,,,,,,,,,,,,,,,,,,,,,,,,,55.0,1.9013603925704956,cybersecurity,unknown,True,"Episode_55: 中間抽象度, 集約的 (dims: [106, 62, 379, 367, 71])",,,,,,,,,,,,,,,,,,,,,,,,
427,climate modeling,Multimodal Learning,10,2025-06-18T13:59:16.785300,,,,,,,,,,,,,,,,,,,,,,,,,,,,,,,,,,,,,65.0,1.9013603925704956,cybersecurity,unknown,True,"Episode_65: 中間抽象度, 集約的 (dims: [106, 62, 379, 367, 71])",,,,,,,,,,,,,,,,,,
427,climate modeling,Multimodal Learning,10,2025-06-18T13:59:16.785300,,,,,,,,,,,,,,,,,,,,,,,,,,,,,,,,,,,,,,,,,,,75.0,1.9013603925704956,cybersecurity,unknown,True,"Episode_75: 中間抽象度, 集約的 (dims: [106, 62, 379, 367, 71])",,,,,,,,,,,,
427,climate modeling,Multimodal Learning,10,2025-06-18T13:59:16.785300,,,,,,,,,,,,,,,,,,,,,,,,,,,,,,,,,,,,,,,,,,,,,,,,,85.0,1.9013603925704956,cybersecurity,unknown,True,"Episode_85: 中間抽象度, 集約的 (dims: [106, 62, 379, 367, 71])",,,,,,
427,climate modeling,Multimodal Learning,10,2025-06-18T13:59:16.785300,,,,,,,,,,,,,,,,,,,,,,,,,,,,,,,,,,,,,,,,,,,,,,,,,,,,,,,95.0,1.9013603925704956,cybersecurity,unknown,True,"Episode_95: 中間抽象度, 集約的 (dims: [106, 62, 379, 367, 71])"
428,drug discovery,Few-shot Learning,10,2025-06-18T13:59:16.835430,0.0,1.9221811294555664,medical diagnosis,unknown,True,"Episode_0: 中間抽象度, 集約的 (dims: [13, 282, 58, 91, 281])",,,,,,,,,,,,,,,,,,,,,,,,,,,,,,,,,,,,,,,,,,,,,,,,,,,,,,
428,drug discovery,Few-shot Learning,10,2025-06-18T13:59:16.835430,,,,,,,10.0,1.9221811294555664,medical diagnosis,unknown,True,"Episode_10: 中間抽象度, 集約的 (dims: [13, 282, 58, 91, 281])",,,,,,,,,,,,,,,,,,,,,,,,,,,,,,,,,,,,,,,,,,,,,,,,
428,drug discovery,Few-shot Learning,10,2025-06-18T13:59:16.835430,,,,,,,,,,,,,20.0,1.9221811294555664,medical diagnosis,unknown,True,"Episode_20: 中間抽象度, 集約的 (dims: [13, 282, 58, 91, 281])",,,,,,,,,,,,,,,,,,,,,,,,,,,,,,,,,,,,,,,,,,
428,drug discovery,Few-shot Learning,10,2025-06-18T13:59:16.835430,,,,,,,,,,,,,,,,,,,30.0,1.9221811294555664,medical diagnosis,unknown,True,"Episode_30: 中間抽象度, 集約的 (dims: [13, 282, 58, 91, 281])",,,,,,,,,,,,,,,,,,,,,,,,,,,,,,,,,,,,
428,drug discovery,Few-shot Learning,10,2025-06-18T13:59:16.835430,,,,,,,,,,,,,,,,,,,,,,,,,40.0,1.9221811294555664,medical diagnosis,unknown,True,"Episode_40: 中間抽象度, 集約的 (dims: [13, 282, 58, 91, 281])",,,,,,,,,,,,,,,,,,,,,,,,,,,,,,
428,drug discovery,Few-shot Learning,10,2025-06-18T13:59:16.835430,,,,,,,,,,,,,,,,,,,,,,,,,,,,,,,50.0,1.9221811294555664,medical diagnosis,unknown,True,"Episode_50: 中間抽象度, 集約的 (dims: [13, 282, 58, 91, 281])",,,,,,,,,,,,,,,,,,,,,,,,
428,drug discovery,Few-shot Learning,10,2025-06-18T13:59:16.835430,,,,,,,,,,,,,,,,,,,,,,,,,,,,,,,,,,,,,60.0,1.9221811294555664,medical diagnosis,unknown,True,"Episode_60: 中間抽象度, 集約的 (dims: [13, 282, 58, 91, 281])",,,,,,,,,,,,,,,,,,
428,drug discovery,Few-shot Learning,10,2025-06-18T13:59:16.835430,,,,,,,,,,,,,,,,,,,,,,,,,,,,,,,,,,,,,,,,,,,70.0,1.9221811294555664,medical diagnosis,unknown,True,"Episode_70: 中間抽象度, 集約的 (dims: [13, 282, 58, 91, 281])",,,,,,,,,,,,
428,drug discovery,Few-shot Learning,10,2025-06-18T13:59:16.835430,,,,,,,,,,,,,,,,,,,,,,,,,,,,,,,,,,,,,,,,,,,,,,,,,80.0,1.9221811294555664,medical diagnosis,unknown,True,"Episode_80: 中間抽象度, 集約的 (dims: [13, 282, 58, 91, 281])",,,,,,
428,drug discovery,Few-shot Learning,10,2025-06-18T13:59:16.835430,,,,,,,,,,,,,,,,,,,,,,,,,,,,,,,,,,,,,,,,,,,,,,,,,,,,,,,90.0,1.9221811294555664,medical diagnosis,unknown,True,"Episode_90: 中間抽象度, 集約的 (dims: [13, 282, 58, 91, 281])"
429,financial prediction,Transfer Learning,10,2025-06-18T13:59:16.879821,0.0,1.9256962537765503,medical diagnosis,unknown,True,"Episode_0: 中間抽象度, 集約的 (dims: [13, 282, 58, 91, 281])",,,,,,,,,,,,,,,,,,,,,,,,,,,,,,,,,,,,,,,,,,,,,,,,,,,,,,
429,financial prediction,Transfer Learning,10,2025-06-18T13:59:16.879821,,,,,,,10.0,1.9256962537765503,medical diagnosis,unknown,True,"Episode_10: 中間抽象度, 集約的 (dims: [13, 282, 58, 91, 281])",,,,,,,,,,,,,,,,,,,,,,,,,,,,,,,,,,,,,,,,,,,,,,,,
429,financial prediction,Transfer Learning,10,2025-06-18T13:59:16.879821,,,,,,,,,,,,,20.0,1.9256962537765503,medical diagnosis,unknown,True,"Episode_20: 中間抽象度, 集約的 (dims: [13, 282, 58, 91, 281])",,,,,,,,,,,,,,,,,,,,,,,,,,,,,,,,,,,,,,,,,,
429,financial prediction,Transfer Learning,10,2025-06-18T13:59:16.879821,,,,,,,,,,,,,,,,,,,30.0,1.9256962537765503,medical diagnosis,unknown,True,"Episode_30: 中間抽象度, 集約的 (dims: [13, 282, 58, 91, 281])",,,,,,,,,,,,,,,,,,,,,,,,,,,,,,,,,,,,
429,financial prediction,Transfer Learning,10,2025-06-18T13:59:16.879821,,,,,,,,,,,,,,,,,,,,,,,,,40.0,1.9256962537765503,medical diagnosis,unknown,True,"Episode_40: 中間抽象度, 集約的 (dims: [13, 282, 58, 91, 281])",,,,,,,,,,,,,,,,,,,,,,,,,,,,,,
429,financial prediction,Transfer Learning,10,2025-06-18T13:59:16.879821,,,,,,,,,,,,,,,,,,,,,,,,,,,,,,,50.0,1.9256962537765503,medical diagnosis,unknown,True,"Episode_50: 中間抽象度, 集約的 (dims: [13, 282, 58, 91, 281])",,,,,,,,,,,,,,,,,,,,,,,,
429,financial prediction,Transfer Learning,10,2025-06-18T13:59:16.879821,,,,,,,,,,,,,,,,,,,,,,,,,,,,,,,,,,,,,60.0,1.9256962537765503,medical diagnosis,unknown,True,"Episode_60: 中間抽象度, 集約的 (dims: [13, 282, 58, 91, 281])",,,,,,,,,,,,,,,,,,
429,financial prediction,Transfer Learning,10,2025-06-18T13:59:16.879821,,,,,,,,,,,,,,,,,,,,,,,,,,,,,,,,,,,,,,,,,,,70.0,1.9256962537765503,medical diagnosis,unknown,True,"Episode_70: 中間抽象度, 集約的 (dims: [13, 282, 58, 91, 281])",,,,,,,,,,,,
429,financial prediction,Transfer Learning,10,2025-06-18T13:59:16.879821,,,,,,,,,,,,,,,,,,,,,,,,,,,,,,,,,,,,,,,,,,,,,,,,,80.0,1.9256962537765503,medical diagnosis,unknown,True,"Episode_80: 中間抽象度, 集約的 (dims: [13, 282, 58, 91, 281])",,,,,,
429,financial prediction,Transfer Learning,10,2025-06-18T13:59:16.879821,,,,,,,,,,,,,,,,,,,,,,,,,,,,,,,,,,,,,,,,,,,,,,,,,,,,,,,90.0,1.9256962537765503,medical diagnosis,unknown,True,"Episode_90: 中間抽象度, 集約的 (dims: [13, 282, 58, 91, 281])"
430,educational technology,Adversarial Machine Learning,10,2025-06-18T13:59:16.926110,0.0,1.928670048713684,medical diagnosis,unknown,True,"Episode_0: 中間抽象度, 集約的 (dims: [13, 282, 58, 91, 281])",,,,,,,,,,,,,,,,,,,,,,,,,,,,,,,,,,,,,,,,,,,,,,,,,,,,,,
430,educational technology,Adversarial Machine Learning,10,2025-06-18T13:59:16.926110,,,,,,,10.0,1.928670048713684,medical diagnosis,unknown,True,"Episode_10: 中間抽象度, 集約的 (dims: [13, 282, 58, 91, 281])",,,,,,,,,,,,,,,,,,,,,,,,,,,,,,,,,,,,,,,,,,,,,,,,
430,educational technology,Adversarial Machine Learning,10,2025-06-18T13:59:16.926110,,,,,,,,,,,,,20.0,1.928670048713684,medical diagnosis,unknown,True,"Episode_20: 中間抽象度, 集約的 (dims: [13, 282, 58, 91, 281])",,,,,,,,,,,,,,,,,,,,,,,,,,,,,,,,,,,,,,,,,,
430,educational technology,Adversarial Machine Learning,10,2025-06-18T13:59:16.926110,,,,,,,,,,,,,,,,,,,30.0,1.928670048713684,medical diagnosis,unknown,True,"Episode_30: 中間抽象度, 集約的 (dims: [13, 282, 58, 91, 281])",,,,,,,,,,,,,,,,,,,,,,,,,,,,,,,,,,,,
430,educational technology,Adversarial Machine Learning,10,2025-06-18T13:59:16.926110,,,,,,,,,,,,,,,,,,,,,,,,,40.0,1.928670048713684,medical diagnosis,unknown,True,"Episode_40: 中間抽象度, 集約的 (dims: [13, 282, 58, 91, 281])",,,,,,,,,,,,,,,,,,,,,,,,,,,,,,
430,educational technology,Adversarial Machine Learning,10,2025-06-18T13:59:16.926110,,,,,,,,,,,,,,,,,,,,,,,,,,,,,,,50.0,1.928670048713684,medical diagnosis,unknown,True,"Episode_50: 中間抽象度, 集約的 (dims: [13, 282, 58, 91, 281])",,,,,,,,,,,,,,,,,,,,,,,,
430,educational technology,Adversarial Machine Learning,10,2025-06-18T13:59:16.926110,,,,,,,,,,,,,,,,,,,,,,,,,,,,,,,,,,,,,60.0,1.928670048713684,medical diagnosis,unknown,True,"Episode_60: 中間抽象度, 集約的 (dims: [13, 282, 58, 91, 281])",,,,,,,,,,,,,,,,,,
430,educational technology,Adversarial Machine Learning,10,2025-06-18T13:59:16.926110,,,,,,,,,,,,,,,,,,,,,,,,,,,,,,,,,,,,,,,,,,,70.0,1.928670048713684,medical diagnosis,unknown,True,"Episode_70: 中間抽象度, 集約的 (dims: [13, 282, 58, 91, 281])",,,,,,,,,,,,
430,educational technology,Adversarial Machine Learning,10,2025-06-18T13:59:16.926110,,,,,,,,,,,,,,,,,,,,,,,,,,,,,,,,,,,,,,,,,,,,,,,,,80.0,1.928670048713684,medical diagnosis,unknown,True,"Episode_80: 中間抽象度, 集約的 (dims: [13, 282, 58, 91, 281])",,,,,,
430,educational technology,Adversarial Machine Learning,10,2025-06-18T13:59:16.926110,,,,,,,,,,,,,,,,,,,,,,,,,,,,,,,,,,,,,,,,,,,,,,,,,,,,,,,90.0,1.928670048713684,medical diagnosis,unknown,True,"Episode_90: 中間抽象度, 集約的 (dims: [13, 282, 58, 91, 281])"
431,medical diagnosis,Large Language Models,0,2025-06-18T13:59:16.973432,0.0,1.8874430656433105,medical diagnosis,unknown,False,"Episode_0: 中間抽象度, 集約的 (dims: [13, 282, 58, 91, 281])",,,,,,,,,,,,,,,,,,,,,,,,,,,,,,,,,,,,,,,,,,,,,,,,,,,,,,
431,medical diagnosis,Large Language Models,0,2025-06-18T13:59:16.973432,,,,,,,10.0,1.8874430656433105,medical diagnosis,unknown,False,"Episode_10: 中間抽象度, 集約的 (dims: [13, 282, 58, 91, 281])",,,,,,,,,,,,,,,,,,,,,,,,,,,,,,,,,,,,,,,,,,,,,,,,
431,medical diagnosis,Large Language Models,0,2025-06-18T13:59:16.973432,,,,,,,,,,,,,20.0,1.8874430656433105,medical diagnosis,unknown,False,"Episode_20: 中間抽象度, 集約的 (dims: [13, 282, 58, 91, 281])",,,,,,,,,,,,,,,,,,,,,,,,,,,,,,,,,,,,,,,,,,
431,medical diagnosis,Large Language Models,0,2025-06-18T13:59:16.973432,,,,,,,,,,,,,,,,,,,30.0,1.8874430656433105,medical diagnosis,unknown,False,"Episode_30: 中間抽象度, 集約的 (dims: [13, 282, 58, 91, 281])",,,,,,,,,,,,,,,,,,,,,,,,,,,,,,,,,,,,
431,medical diagnosis,Large Language Models,0,2025-06-18T13:59:16.973432,,,,,,,,,,,,,,,,,,,,,,,,,40.0,1.8874430656433105,medical diagnosis,unknown,False,"Episode_40: 中間抽象度, 集約的 (dims: [13, 282, 58, 91, 281])",,,,,,,,,,,,,,,,,,,,,,,,,,,,,,
431,medical diagnosis,Large Language Models,0,2025-06-18T13:59:16.973432,,,,,,,,,,,,,,,,,,,,,,,,,,,,,,,50.0,1.8874430656433105,medical diagnosis,unknown,False,"Episode_50: 中間抽象度, 集約的 (dims: [13, 282, 58, 91, 281])",,,,,,,,,,,,,,,,,,,,,,,,
431,medical diagnosis,Large Language Models,0,2025-06-18T13:59:16.973432,,,,,,,,,,,,,,,,,,,,,,,,,,,,,,,,,,,,,60.0,1.8874430656433105,medical diagnosis,unknown,False,"Episode_60: 中間抽象度, 集約的 (dims: [13, 282, 58, 91, 281])",,,,,,,,,,,,,,,,,,
431,medical diagnosis,Large Language Models,0,2025-06-18T13:59:16.973432,,,,,,,,,,,,,,,,,,,,,,,,,,,,,,,,,,,,,,,,,,,70.0,1.8874430656433105,medical diagnosis,unknown,False,"Episode_70: 中間抽象度, 集約的 (dims: [13, 282, 58, 91, 281])",,,,,,,,,,,,
431,medical diagnosis,Large Language Models,0,2025-06-18T13:59:16.973432,,,,,,,,,,,,,,,,,,,,,,,,,,,,,,,,,,,,,,,,,,,,,,,,,80.0,1.8874430656433105,medical diagnosis,unknown,False,"Episode_80: 中間抽象度, 集約的 (dims: [13, 282, 58, 91, 281])",,,,,,
431,medical diagnosis,Large Language Models,0,2025-06-18T13:59:16.973432,,,,,,,,,,,,,,,,,,,,,,,,,,,,,,,,,,,,,,,,,,,,,,,,,,,,,,,90.0,1.8874430656433105,medical diagnosis,unknown,False,"Episode_90: 中間抽象度, 集約的 (dims: [13, 282, 58, 91, 281])"
432,autonomous systems,Computer Vision,10,2025-06-18T13:59:17.017099,0.0,1.8768787384033203,medical diagnosis,unknown,True,"Episode_0: 中間抽象度, 集約的 (dims: [13, 282, 58, 91, 281])",,,,,,,,,,,,,,,,,,,,,,,,,,,,,,,,,,,,,,,,,,,,,,,,,,,,,,
432,autonomous systems,Computer Vision,10,2025-06-18T13:59:17.017099,,,,,,,10.0,1.8768787384033203,medical diagnosis,unknown,True,"Episode_10: 中間抽象度, 集約的 (dims: [13, 282, 58, 91, 281])",,,,,,,,,,,,,,,,,,,,,,,,,,,,,,,,,,,,,,,,,,,,,,,,
432,autonomous systems,Computer Vision,10,2025-06-18T13:59:17.017099,,,,,,,,,,,,,20.0,1.8768787384033203,medical diagnosis,unknown,True,"Episode_20: 中間抽象度, 集約的 (dims: [13, 282, 58, 91, 281])",,,,,,,,,,,,,,,,,,,,,,,,,,,,,,,,,,,,,,,,,,
432,autonomous systems,Computer Vision,10,2025-06-18T13:59:17.017099,,,,,,,,,,,,,,,,,,,30.0,1.8768787384033203,medical diagnosis,unknown,True,"Episode_30: 中間抽象度, 集約的 (dims: [13, 282, 58, 91, 281])",,,,,,,,,,,,,,,,,,,,,,,,,,,,,,,,,,,,
432,autonomous systems,Computer Vision,10,2025-06-18T13:59:17.017099,,,,,,,,,,,,,,,,,,,,,,,,,40.0,1.8768787384033203,medical diagnosis,unknown,True,"Episode_40: 中間抽象度, 集約的 (dims: [13, 282, 58, 91, 281])",,,,,,,,,,,,,,,,,,,,,,,,,,,,,,
432,autonomous systems,Computer Vision,10,2025-06-18T13:59:17.017099,,,,,,,,,,,,,,,,,,,,,,,,,,,,,,,50.0,1.8768787384033203,medical diagnosis,unknown,True,"Episode_50: 中間抽象度, 集約的 (dims: [13, 282, 58, 91, 281])",,,,,,,,,,,,,,,,,,,,,,,,
432,autonomous systems,Computer Vision,10,2025-06-18T13:59:17.017099,,,,,,,,,,,,,,,,,,,,,,,,,,,,,,,,,,,,,60.0,1.8768787384033203,medical diagnosis,unknown,True,"Episode_60: 中間抽象度, 集約的 (dims: [13, 282, 58, 91, 281])",,,,,,,,,,,,,,,,,,
432,autonomous systems,Computer Vision,10,2025-06-18T13:59:17.017099,,,,,,,,,,,,,,,,,,,,,,,,,,,,,,,,,,,,,,,,,,,70.0,1.8768787384033203,medical diagnosis,unknown,True,"Episode_70: 中間抽象度, 集約的 (dims: [13, 282, 58, 91, 281])",,,,,,,,,,,,
432,autonomous systems,Computer Vision,10,2025-06-18T13:59:17.017099,,,,,,,,,,,,,,,,,,,,,,,,,,,,,,,,,,,,,,,,,,,,,,,,,80.0,1.8768787384033203,medical diagnosis,unknown,True,"Episode_80: 中間抽象度, 集約的 (dims: [13, 282, 58, 91, 281])",,,,,,
432,autonomous systems,Computer Vision,10,2025-06-18T13:59:17.017099,,,,,,,,,,,,,,,,,,,,,,,,,,,,,,,,,,,,,,,,,,,,,,,,,,,,,,,90.0,1.8768787384033203,medical diagnosis,unknown,True,"Episode_90: 中間抽象度, 集約的 (dims: [13, 282, 58, 91, 281])"
433,natural language processing,Reinforcement Learning,10,2025-06-18T13:59:17.061159,5.0,1.8832250833511353,cybersecurity,unknown,True,"Episode_5: 中間抽象度, 集約的 (dims: [106, 62, 379, 367, 71])",,,,,,,,,,,,,,,,,,,,,,,,,,,,,,,,,,,,,,,,,,,,,,,,,,,,,,
433,natural language processing,Reinforcement Learning,10,2025-06-18T13:59:17.061159,,,,,,,15.0,1.8832250833511353,cybersecurity,unknown,True,"Episode_15: 中間抽象度, 集約的 (dims: [106, 62, 379, 367, 71])",,,,,,,,,,,,,,,,,,,,,,,,,,,,,,,,,,,,,,,,,,,,,,,,
433,natural language processing,Reinforcement Learning,10,2025-06-18T13:59:17.061159,,,,,,,,,,,,,25.0,1.8832250833511353,cybersecurity,unknown,True,"Episode_25: 中間抽象度, 集約的 (dims: [106, 62, 379, 367, 71])",,,,,,,,,,,,,,,,,,,,,,,,,,,,,,,,,,,,,,,,,,
433,natural language processing,Reinforcement Learning,10,2025-06-18T13:59:17.061159,,,,,,,,,,,,,,,,,,,35.0,1.8832250833511353,cybersecurity,unknown,True,"Episode_35: 中間抽象度, 集約的 (dims: [106, 62, 379, 367, 71])",,,,,,,,,,,,,,,,,,,,,,,,,,,,,,,,,,,,
433,natural language processing,Reinforcement Learning,10,2025-06-18T13:59:17.061159,,,,,,,,,,,,,,,,,,,,,,,,,45.0,1.8832250833511353,cybersecurity,unknown,True,"Episode_45: 中間抽象度, 集約的 (dims: [106, 62, 379, 367, 71])",,,,,,,,,,,,,,,,,,,,,,,,,,,,,,
433,natural language processing,Reinforcement Learning,10,2025-06-18T13:59:17.061159,,,,,,,,,,,,,,,,,,,,,,,,,,,,,,,55.0,1.8832250833511353,cybersecurity,unknown,True,"Episode_55: 中間抽象度, 集約的 (dims: [106, 62, 379, 367, 71])",,,,,,,,,,,,,,,,,,,,,,,,
433,natural language processing,Reinforcement Learning,10,2025-06-18T13:59:17.061159,,,,,,,,,,,,,,,,,,,,,,,,,,,,,,,,,,,,,65.0,1.8832250833511353,cybersecurity,unknown,True,"Episode_65: 中間抽象度, 集約的 (dims: [106, 62, 379, 367, 71])",,,,,,,,,,,,,,,,,,
433,natural language processing,Reinforcement Learning,10,2025-06-18T13:59:17.061159,,,,,,,,,,,,,,,,,,,,,,,,,,,,,,,,,,,,,,,,,,,75.0,1.8832250833511353,cybersecurity,unknown,True,"Episode_75: 中間抽象度, 集約的 (dims: [106, 62, 379, 367, 71])",,,,,,,,,,,,
433,natural language processing,Reinforcement Learning,10,2025-06-18T13:59:17.061159,,,,,,,,,,,,,,,,,,,,,,,,,,,,,,,,,,,,,,,,,,,,,,,,,85.0,1.8832250833511353,cybersecurity,unknown,True,"Episode_85: 中間抽象度, 集約的 (dims: [106, 62, 379, 367, 71])",,,,,,
433,natural language processing,Reinforcement Learning,10,2025-06-18T13:59:17.061159,,,,,,,,,,,,,,,,,,,,,,,,,,,,,,,,,,,,,,,,,,,,,,,,,,,,,,,95.0,1.8832250833511353,cybersecurity,unknown,True,"Episode_95: 中間抽象度, 集約的 (dims: [106, 62, 379, 367, 71])"
434,computer vision,Graph Neural Networks,10,2025-06-18T13:59:17.106752,0.0,1.894721269607544,medical diagnosis,unknown,True,"Episode_0: 中間抽象度, 集約的 (dims: [13, 282, 58, 91, 281])",,,,,,,,,,,,,,,,,,,,,,,,,,,,,,,,,,,,,,,,,,,,,,,,,,,,,,
434,computer vision,Graph Neural Networks,10,2025-06-18T13:59:17.106752,,,,,,,10.0,1.894721269607544,medical diagnosis,unknown,True,"Episode_10: 中間抽象度, 集約的 (dims: [13, 282, 58, 91, 281])",,,,,,,,,,,,,,,,,,,,,,,,,,,,,,,,,,,,,,,,,,,,,,,,
434,computer vision,Graph Neural Networks,10,2025-06-18T13:59:17.106752,,,,,,,,,,,,,20.0,1.894721269607544,medical diagnosis,unknown,True,"Episode_20: 中間抽象度, 集約的 (dims: [13, 282, 58, 91, 281])",,,,,,,,,,,,,,,,,,,,,,,,,,,,,,,,,,,,,,,,,,
434,computer vision,Graph Neural Networks,10,2025-06-18T13:59:17.106752,,,,,,,,,,,,,,,,,,,30.0,1.894721269607544,medical diagnosis,unknown,True,"Episode_30: 中間抽象度, 集約的 (dims: [13, 282, 58, 91, 281])",,,,,,,,,,,,,,,,,,,,,,,,,,,,,,,,,,,,
434,computer vision,Graph Neural Networks,10,2025-06-18T13:59:17.106752,,,,,,,,,,,,,,,,,,,,,,,,,40.0,1.894721269607544,medical diagnosis,unknown,True,"Episode_40: 中間抽象度, 集約的 (dims: [13, 282, 58, 91, 281])",,,,,,,,,,,,,,,,,,,,,,,,,,,,,,
434,computer vision,Graph Neural Networks,10,2025-06-18T13:59:17.106752,,,,,,,,,,,,,,,,,,,,,,,,,,,,,,,50.0,1.894721269607544,medical diagnosis,unknown,True,"Episode_50: 中間抽象度, 集約的 (dims: [13, 282, 58, 91, 281])",,,,,,,,,,,,,,,,,,,,,,,,
434,computer vision,Graph Neural Networks,10,2025-06-18T13:59:17.106752,,,,,,,,,,,,,,,,,,,,,,,,,,,,,,,,,,,,,60.0,1.894721269607544,medical diagnosis,unknown,True,"Episode_60: 中間抽象度, 集約的 (dims: [13, 282, 58, 91, 281])",,,,,,,,,,,,,,,,,,
434,computer vision,Graph Neural Networks,10,2025-06-18T13:59:17.106752,,,,,,,,,,,,,,,,,,,,,,,,,,,,,,,,,,,,,,,,,,,70.0,1.894721269607544,medical diagnosis,unknown,True,"Episode_70: 中間抽象度, 集約的 (dims: [13, 282, 58, 91, 281])",,,,,,,,,,,,
434,computer vision,Graph Neural Networks,10,2025-06-18T13:59:17.106752,,,,,,,,,,,,,,,,,,,,,,,,,,,,,,,,,,,,,,,,,,,,,,,,,80.0,1.894721269607544,medical diagnosis,unknown,True,"Episode_80: 中間抽象度, 集約的 (dims: [13, 282, 58, 91, 281])",,,,,,
434,computer vision,Graph Neural Networks,10,2025-06-18T13:59:17.106752,,,,,,,,,,,,,,,,,,,,,,,,,,,,,,,,,,,,,,,,,,,,,,,,,,,,,,,90.0,1.894721269607544,medical diagnosis,unknown,True,"Episode_90: 中間抽象度, 集約的 (dims: [13, 282, 58, 91, 281])"
435,robotics,Federated Learning,10,2025-06-18T13:59:17.152418,5.0,1.8728573322296143,cybersecurity,unknown,True,"Episode_5: 中間抽象度, 集約的 (dims: [106, 62, 379, 367, 71])",,,,,,,,,,,,,,,,,,,,,,,,,,,,,,,,,,,,,,,,,,,,,,,,,,,,,,
435,robotics,Federated Learning,10,2025-06-18T13:59:17.152418,,,,,,,15.0,1.8728573322296143,cybersecurity,unknown,True,"Episode_15: 中間抽象度, 集約的 (dims: [106, 62, 379, 367, 71])",,,,,,,,,,,,,,,,,,,,,,,,,,,,,,,,,,,,,,,,,,,,,,,,
435,robotics,Federated Learning,10,2025-06-18T13:59:17.152418,,,,,,,,,,,,,25.0,1.8728573322296143,cybersecurity,unknown,True,"Episode_25: 中間抽象度, 集約的 (dims: [106, 62, 379, 367, 71])",,,,,,,,,,,,,,,,,,,,,,,,,,,,,,,,,,,,,,,,,,
435,robotics,Federated Learning,10,2025-06-18T13:59:17.152418,,,,,,,,,,,,,,,,,,,35.0,1.8728573322296143,cybersecurity,unknown,True,"Episode_35: 中間抽象度, 集約的 (dims: [106, 62, 379, 367, 71])",,,,,,,,,,,,,,,,,,,,,,,,,,,,,,,,,,,,
435,robotics,Federated Learning,10,2025-06-18T13:59:17.152418,,,,,,,,,,,,,,,,,,,,,,,,,45.0,1.8728573322296143,cybersecurity,unknown,True,"Episode_45: 中間抽象度, 集約的 (dims: [106, 62, 379, 367, 71])",,,,,,,,,,,,,,,,,,,,,,,,,,,,,,
435,robotics,Federated Learning,10,2025-06-18T13:59:17.152418,,,,,,,,,,,,,,,,,,,,,,,,,,,,,,,55.0,1.8728573322296143,cybersecurity,unknown,True,"Episode_55: 中間抽象度, 集約的 (dims: [106, 62, 379, 367, 71])",,,,,,,,,,,,,,,,,,,,,,,,
435,robotics,Federated Learning,10,2025-06-18T13:59:17.152418,,,,,,,,,,,,,,,,,,,,,,,,,,,,,,,,,,,,,65.0,1.8728573322296143,cybersecurity,unknown,True,"Episode_65: 中間抽象度, 集約的 (dims: [106, 62, 379, 367, 71])",,,,,,,,,,,,,,,,,,
435,robotics,Federated Learning,10,2025-06-18T13:59:17.152418,,,,,,,,,,,,,,,,,,,,,,,,,,,,,,,,,,,,,,,,,,,75.0,1.8728573322296143,cybersecurity,unknown,True,"Episode_75: 中間抽象度, 集約的 (dims: [106, 62, 379, 367, 71])",,,,,,,,,,,,
435,robotics,Federated Learning,10,2025-06-18T13:59:17.152418,,,,,,,,,,,,,,,,,,,,,,,,,,,,,,,,,,,,,,,,,,,,,,,,,85.0,1.8728573322296143,cybersecurity,unknown,True,"Episode_85: 中間抽象度, 集約的 (dims: [106, 62, 379, 367, 71])",,,,,,
435,robotics,Federated Learning,10,2025-06-18T13:59:17.152418,,,,,,,,,,,,,,,,,,,,,,,,,,,,,,,,,,,,,,,,,,,,,,,,,,,,,,,95.0,1.8728573322296143,cybersecurity,unknown,True,"Episode_95: 中間抽象度, 集約的 (dims: [106, 62, 379, 367, 71])"
436,cybersecurity,Explainable AI,10,2025-06-18T13:59:17.199115,0.0,1.911033272743225,medical diagnosis,unknown,True,"Episode_0: 中間抽象度, 集約的 (dims: [13, 282, 58, 91, 281])",,,,,,,,,,,,,,,,,,,,,,,,,,,,,,,,,,,,,,,,,,,,,,,,,,,,,,
436,cybersecurity,Explainable AI,10,2025-06-18T13:59:17.199115,,,,,,,10.0,1.911033272743225,medical diagnosis,unknown,True,"Episode_10: 中間抽象度, 集約的 (dims: [13, 282, 58, 91, 281])",,,,,,,,,,,,,,,,,,,,,,,,,,,,,,,,,,,,,,,,,,,,,,,,
436,cybersecurity,Explainable AI,10,2025-06-18T13:59:17.199115,,,,,,,,,,,,,20.0,1.911033272743225,medical diagnosis,unknown,True,"Episode_20: 中間抽象度, 集約的 (dims: [13, 282, 58, 91, 281])",,,,,,,,,,,,,,,,,,,,,,,,,,,,,,,,,,,,,,,,,,
436,cybersecurity,Explainable AI,10,2025-06-18T13:59:17.199115,,,,,,,,,,,,,,,,,,,30.0,1.911033272743225,medical diagnosis,unknown,True,"Episode_30: 中間抽象度, 集約的 (dims: [13, 282, 58, 91, 281])",,,,,,,,,,,,,,,,,,,,,,,,,,,,,,,,,,,,
436,cybersecurity,Explainable AI,10,2025-06-18T13:59:17.199115,,,,,,,,,,,,,,,,,,,,,,,,,40.0,1.911033272743225,medical diagnosis,unknown,True,"Episode_40: 中間抽象度, 集約的 (dims: [13, 282, 58, 91, 281])",,,,,,,,,,,,,,,,,,,,,,,,,,,,,,
436,cybersecurity,Explainable AI,10,2025-06-18T13:59:17.199115,,,,,,,,,,,,,,,,,,,,,,,,,,,,,,,50.0,1.911033272743225,medical diagnosis,unknown,True,"Episode_50: 中間抽象度, 集約的 (dims: [13, 282, 58, 91, 281])",,,,,,,,,,,,,,,,,,,,,,,,
436,cybersecurity,Explainable AI,10,2025-06-18T13:59:17.199115,,,,,,,,,,,,,,,,,,,,,,,,,,,,,,,,,,,,,60.0,1.911033272743225,medical diagnosis,unknown,True,"Episode_60: 中間抽象度, 集約的 (dims: [13, 282, 58, 91, 281])",,,,,,,,,,,,,,,,,,
436,cybersecurity,Explainable AI,10,2025-06-18T13:59:17.199115,,,,,,,,,,,,,,,,,,,,,,,,,,,,,,,,,,,,,,,,,,,70.0,1.911033272743225,medical diagnosis,unknown,True,"Episode_70: 中間抽象度, 集約的 (dims: [13, 282, 58, 91, 281])",,,,,,,,,,,,
436,cybersecurity,Explainable AI,10,2025-06-18T13:59:17.199115,,,,,,,,,,,,,,,,,,,,,,,,,,,,,,,,,,,,,,,,,,,,,,,,,80.0,1.911033272743225,medical diagnosis,unknown,True,"Episode_80: 中間抽象度, 集約的 (dims: [13, 282, 58, 91, 281])",,,,,,
436,cybersecurity,Explainable AI,10,2025-06-18T13:59:17.199115,,,,,,,,,,,,,,,,,,,,,,,,,,,,,,,,,,,,,,,,,,,,,,,,,,,,,,,90.0,1.911033272743225,medical diagnosis,unknown,True,"Episode_90: 中間抽象度, 集約的 (dims: [13, 282, 58, 91, 281])"
437,climate modeling,Multimodal Learning,10,2025-06-18T13:59:17.244711,5.0,1.9013603925704956,cybersecurity,unknown,True,"Episode_5: 中間抽象度, 集約的 (dims: [106, 62, 379, 367, 71])",,,,,,,,,,,,,,,,,,,,,,,,,,,,,,,,,,,,,,,,,,,,,,,,,,,,,,
437,climate modeling,Multimodal Learning,10,2025-06-18T13:59:17.244711,,,,,,,15.0,1.9013603925704956,cybersecurity,unknown,True,"Episode_15: 中間抽象度, 集約的 (dims: [106, 62, 379, 367, 71])",,,,,,,,,,,,,,,,,,,,,,,,,,,,,,,,,,,,,,,,,,,,,,,,
437,climate modeling,Multimodal Learning,10,2025-06-18T13:59:17.244711,,,,,,,,,,,,,25.0,1.9013603925704956,cybersecurity,unknown,True,"Episode_25: 中間抽象度, 集約的 (dims: [106, 62, 379, 367, 71])",,,,,,,,,,,,,,,,,,,,,,,,,,,,,,,,,,,,,,,,,,
437,climate modeling,Multimodal Learning,10,2025-06-18T13:59:17.244711,,,,,,,,,,,,,,,,,,,35.0,1.9013603925704956,cybersecurity,unknown,True,"Episode_35: 中間抽象度, 集約的 (dims: [106, 62, 379, 367, 71])",,,,,,,,,,,,,,,,,,,,,,,,,,,,,,,,,,,,
437,climate modeling,Multimodal Learning,10,2025-06-18T13:59:17.244711,,,,,,,,,,,,,,,,,,,,,,,,,45.0,1.9013603925704956,cybersecurity,unknown,True,"Episode_45: 中間抽象度, 集約的 (dims: [106, 62, 379, 367, 71])",,,,,,,,,,,,,,,,,,,,,,,,,,,,,,
437,climate modeling,Multimodal Learning,10,2025-06-18T13:59:17.244711,,,,,,,,,,,,,,,,,,,,,,,,,,,,,,,55.0,1.9013603925704956,cybersecurity,unknown,True,"Episode_55: 中間抽象度, 集約的 (dims: [106, 62, 379, 367, 71])",,,,,,,,,,,,,,,,,,,,,,,,
437,climate modeling,Multimodal Learning,10,2025-06-18T13:59:17.244711,,,,,,,,,,,,,,,,,,,,,,,,,,,,,,,,,,,,,65.0,1.9013603925704956,cybersecurity,unknown,True,"Episode_65: 中間抽象度, 集約的 (dims: [106, 62, 379, 367, 71])",,,,,,,,,,,,,,,,,,
437,climate modeling,Multimodal Learning,10,2025-06-18T13:59:17.244711,,,,,,,,,,,,,,,,,,,,,,,,,,,,,,,,,,,,,,,,,,,75.0,1.9013603925704956,cybersecurity,unknown,True,"Episode_75: 中間抽象度, 集約的 (dims: [106, 62, 379, 367, 71])",,,,,,,,,,,,
437,climate modeling,Multimodal Learning,10,2025-06-18T13:59:17.244711,,,,,,,,,,,,,,,,,,,,,,,,,,,,,,,,,,,,,,,,,,,,,,,,,85.0,1.9013603925704956,cybersecurity,unknown,True,"Episode_85: 中間抽象度, 集約的 (dims: [106, 62, 379, 367, 71])",,,,,,
437,climate modeling,Multimodal Learning,10,2025-06-18T13:59:17.244711,,,,,,,,,,,,,,,,,,,,,,,,,,,,,,,,,,,,,,,,,,,,,,,,,,,,,,,95.0,1.9013603925704956,cybersecurity,unknown,True,"Episode_95: 中間抽象度, 集約的 (dims: [106, 62, 379, 367, 71])"
438,drug discovery,Few-shot Learning,10,2025-06-18T13:59:17.291228,0.0,1.9221811294555664,medical diagnosis,unknown,True,"Episode_0: 中間抽象度, 集約的 (dims: [13, 282, 58, 91, 281])",,,,,,,,,,,,,,,,,,,,,,,,,,,,,,,,,,,,,,,,,,,,,,,,,,,,,,
438,drug discovery,Few-shot Learning,10,2025-06-18T13:59:17.291228,,,,,,,10.0,1.9221811294555664,medical diagnosis,unknown,True,"Episode_10: 中間抽象度, 集約的 (dims: [13, 282, 58, 91, 281])",,,,,,,,,,,,,,,,,,,,,,,,,,,,,,,,,,,,,,,,,,,,,,,,
438,drug discovery,Few-shot Learning,10,2025-06-18T13:59:17.291228,,,,,,,,,,,,,20.0,1.9221811294555664,medical diagnosis,unknown,True,"Episode_20: 中間抽象度, 集約的 (dims: [13, 282, 58, 91, 281])",,,,,,,,,,,,,,,,,,,,,,,,,,,,,,,,,,,,,,,,,,
438,drug discovery,Few-shot Learning,10,2025-06-18T13:59:17.291228,,,,,,,,,,,,,,,,,,,30.0,1.9221811294555664,medical diagnosis,unknown,True,"Episode_30: 中間抽象度, 集約的 (dims: [13, 282, 58, 91, 281])",,,,,,,,,,,,,,,,,,,,,,,,,,,,,,,,,,,,
438,drug discovery,Few-shot Learning,10,2025-06-18T13:59:17.291228,,,,,,,,,,,,,,,,,,,,,,,,,40.0,1.9221811294555664,medical diagnosis,unknown,True,"Episode_40: 中間抽象度, 集約的 (dims: [13, 282, 58, 91, 281])",,,,,,,,,,,,,,,,,,,,,,,,,,,,,,
438,drug discovery,Few-shot Learning,10,2025-06-18T13:59:17.291228,,,,,,,,,,,,,,,,,,,,,,,,,,,,,,,50.0,1.9221811294555664,medical diagnosis,unknown,True,"Episode_50: 中間抽象度, 集約的 (dims: [13, 282, 58, 91, 281])",,,,,,,,,,,,,,,,,,,,,,,,
438,drug discovery,Few-shot Learning,10,2025-06-18T13:59:17.291228,,,,,,,,,,,,,,,,,,,,,,,,,,,,,,,,,,,,,60.0,1.9221811294555664,medical diagnosis,unknown,True,"Episode_60: 中間抽象度, 集約的 (dims: [13, 282, 58, 91, 281])",,,,,,,,,,,,,,,,,,
438,drug discovery,Few-shot Learning,10,2025-06-18T13:59:17.291228,,,,,,,,,,,,,,,,,,,,,,,,,,,,,,,,,,,,,,,,,,,70.0,1.9221811294555664,medical diagnosis,unknown,True,"Episode_70: 中間抽象度, 集約的 (dims: [13, 282, 58, 91, 281])",,,,,,,,,,,,
438,drug discovery,Few-shot Learning,10,2025-06-18T13:59:17.291228,,,,,,,,,,,,,,,,,,,,,,,,,,,,,,,,,,,,,,,,,,,,,,,,,80.0,1.9221811294555664,medical diagnosis,unknown,True,"Episode_80: 中間抽象度, 集約的 (dims: [13, 282, 58, 91, 281])",,,,,,
438,drug discovery,Few-shot Learning,10,2025-06-18T13:59:17.291228,,,,,,,,,,,,,,,,,,,,,,,,,,,,,,,,,,,,,,,,,,,,,,,,,,,,,,,90.0,1.9221811294555664,medical diagnosis,unknown,True,"Episode_90: 中間抽象度, 集約的 (dims: [13, 282, 58, 91, 281])"
439,financial prediction,Transfer Learning,10,2025-06-18T13:59:17.335759,0.0,1.9256962537765503,medical diagnosis,unknown,True,"Episode_0: 中間抽象度, 集約的 (dims: [13, 282, 58, 91, 281])",,,,,,,,,,,,,,,,,,,,,,,,,,,,,,,,,,,,,,,,,,,,,,,,,,,,,,
439,financial prediction,Transfer Learning,10,2025-06-18T13:59:17.335759,,,,,,,10.0,1.9256962537765503,medical diagnosis,unknown,True,"Episode_10: 中間抽象度, 集約的 (dims: [13, 282, 58, 91, 281])",,,,,,,,,,,,,,,,,,,,,,,,,,,,,,,,,,,,,,,,,,,,,,,,
439,financial prediction,Transfer Learning,10,2025-06-18T13:59:17.335759,,,,,,,,,,,,,20.0,1.9256962537765503,medical diagnosis,unknown,True,"Episode_20: 中間抽象度, 集約的 (dims: [13, 282, 58, 91, 281])",,,,,,,,,,,,,,,,,,,,,,,,,,,,,,,,,,,,,,,,,,
439,financial prediction,Transfer Learning,10,2025-06-18T13:59:17.335759,,,,,,,,,,,,,,,,,,,30.0,1.9256962537765503,medical diagnosis,unknown,True,"Episode_30: 中間抽象度, 集約的 (dims: [13, 282, 58, 91, 281])",,,,,,,,,,,,,,,,,,,,,,,,,,,,,,,,,,,,
439,financial prediction,Transfer Learning,10,2025-06-18T13:59:17.335759,,,,,,,,,,,,,,,,,,,,,,,,,40.0,1.9256962537765503,medical diagnosis,unknown,True,"Episode_40: 中間抽象度, 集約的 (dims: [13, 282, 58, 91, 281])",,,,,,,,,,,,,,,,,,,,,,,,,,,,,,
439,financial prediction,Transfer Learning,10,2025-06-18T13:59:17.335759,,,,,,,,,,,,,,,,,,,,,,,,,,,,,,,50.0,1.9256962537765503,medical diagnosis,unknown,True,"Episode_50: 中間抽象度, 集約的 (dims: [13, 282, 58, 91, 281])",,,,,,,,,,,,,,,,,,,,,,,,
439,financial prediction,Transfer Learning,10,2025-06-18T13:59:17.335759,,,,,,,,,,,,,,,,,,,,,,,,,,,,,,,,,,,,,60.0,1.9256962537765503,medical diagnosis,unknown,True,"Episode_60: 中間抽象度, 集約的 (dims: [13, 282, 58, 91, 281])",,,,,,,,,,,,,,,,,,
439,financial prediction,Transfer Learning,10,2025-06-18T13:59:17.335759,,,,,,,,,,,,,,,,,,,,,,,,,,,,,,,,,,,,,,,,,,,70.0,1.9256962537765503,medical diagnosis,unknown,True,"Episode_70: 中間抽象度, 集約的 (dims: [13, 282, 58, 91, 281])",,,,,,,,,,,,
439,financial prediction,Transfer Learning,10,2025-06-18T13:59:17.335759,,,,,,,,,,,,,,,,,,,,,,,,,,,,,,,,,,,,,,,,,,,,,,,,,80.0,1.9256962537765503,medical diagnosis,unknown,True,"Episode_80: 中間抽象度, 集約的 (dims: [13, 282, 58, 91, 281])",,,,,,
439,financial prediction,Transfer Learning,10,2025-06-18T13:59:17.335759,,,,,,,,,,,,,,,,,,,,,,,,,,,,,,,,,,,,,,,,,,,,,,,,,,,,,,,90.0,1.9256962537765503,medical diagnosis,unknown,True,"Episode_90: 中間抽象度, 集約的 (dims: [13, 282, 58, 91, 281])"
440,educational technology,Adversarial Machine Learning,10,2025-06-18T13:59:17.381212,0.0,1.928670048713684,medical diagnosis,unknown,True,"Episode_0: 中間抽象度, 集約的 (dims: [13, 282, 58, 91, 281])",,,,,,,,,,,,,,,,,,,,,,,,,,,,,,,,,,,,,,,,,,,,,,,,,,,,,,
440,educational technology,Adversarial Machine Learning,10,2025-06-18T13:59:17.381212,,,,,,,10.0,1.928670048713684,medical diagnosis,unknown,True,"Episode_10: 中間抽象度, 集約的 (dims: [13, 282, 58, 91, 281])",,,,,,,,,,,,,,,,,,,,,,,,,,,,,,,,,,,,,,,,,,,,,,,,
440,educational technology,Adversarial Machine Learning,10,2025-06-18T13:59:17.381212,,,,,,,,,,,,,20.0,1.928670048713684,medical diagnosis,unknown,True,"Episode_20: 中間抽象度, 集約的 (dims: [13, 282, 58, 91, 281])",,,,,,,,,,,,,,,,,,,,,,,,,,,,,,,,,,,,,,,,,,
440,educational technology,Adversarial Machine Learning,10,2025-06-18T13:59:17.381212,,,,,,,,,,,,,,,,,,,30.0,1.928670048713684,medical diagnosis,unknown,True,"Episode_30: 中間抽象度, 集約的 (dims: [13, 282, 58, 91, 281])",,,,,,,,,,,,,,,,,,,,,,,,,,,,,,,,,,,,
440,educational technology,Adversarial Machine Learning,10,2025-06-18T13:59:17.381212,,,,,,,,,,,,,,,,,,,,,,,,,40.0,1.928670048713684,medical diagnosis,unknown,True,"Episode_40: 中間抽象度, 集約的 (dims: [13, 282, 58, 91, 281])",,,,,,,,,,,,,,,,,,,,,,,,,,,,,,
440,educational technology,Adversarial Machine Learning,10,2025-06-18T13:59:17.381212,,,,,,,,,,,,,,,,,,,,,,,,,,,,,,,50.0,1.928670048713684,medical diagnosis,unknown,True,"Episode_50: 中間抽象度, 集約的 (dims: [13, 282, 58, 91, 281])",,,,,,,,,,,,,,,,,,,,,,,,
440,educational technology,Adversarial Machine Learning,10,2025-06-18T13:59:17.381212,,,,,,,,,,,,,,,,,,,,,,,,,,,,,,,,,,,,,60.0,1.928670048713684,medical diagnosis,unknown,True,"Episode_60: 中間抽象度, 集約的 (dims: [13, 282, 58, 91, 281])",,,,,,,,,,,,,,,,,,
440,educational technology,Adversarial Machine Learning,10,2025-06-18T13:59:17.381212,,,,,,,,,,,,,,,,,,,,,,,,,,,,,,,,,,,,,,,,,,,70.0,1.928670048713684,medical diagnosis,unknown,True,"Episode_70: 中間抽象度, 集約的 (dims: [13, 282, 58, 91, 281])",,,,,,,,,,,,
440,educational technology,Adversarial Machine Learning,10,2025-06-18T13:59:17.381212,,,,,,,,,,,,,,,,,,,,,,,,,,,,,,,,,,,,,,,,,,,,,,,,,80.0,1.928670048713684,medical diagnosis,unknown,True,"Episode_80: 中間抽象度, 集約的 (dims: [13, 282, 58, 91, 281])",,,,,,
440,educational technology,Adversarial Machine Learning,10,2025-06-18T13:59:17.381212,,,,,,,,,,,,,,,,,,,,,,,,,,,,,,,,,,,,,,,,,,,,,,,,,,,,,,,90.0,1.928670048713684,medical diagnosis,unknown,True,"Episode_90: 中間抽象度, 集約的 (dims: [13, 282, 58, 91, 281])"
441,medical diagnosis,Large Language Models,0,2025-06-18T13:59:17.427569,0.0,1.8874430656433105,medical diagnosis,unknown,False,"Episode_0: 中間抽象度, 集約的 (dims: [13, 282, 58, 91, 281])",,,,,,,,,,,,,,,,,,,,,,,,,,,,,,,,,,,,,,,,,,,,,,,,,,,,,,
441,medical diagnosis,Large Language Models,0,2025-06-18T13:59:17.427569,,,,,,,10.0,1.8874430656433105,medical diagnosis,unknown,False,"Episode_10: 中間抽象度, 集約的 (dims: [13, 282, 58, 91, 281])",,,,,,,,,,,,,,,,,,,,,,,,,,,,,,,,,,,,,,,,,,,,,,,,
441,medical diagnosis,Large Language Models,0,2025-06-18T13:59:17.427569,,,,,,,,,,,,,20.0,1.8874430656433105,medical diagnosis,unknown,False,"Episode_20: 中間抽象度, 集約的 (dims: [13, 282, 58, 91, 281])",,,,,,,,,,,,,,,,,,,,,,,,,,,,,,,,,,,,,,,,,,
441,medical diagnosis,Large Language Models,0,2025-06-18T13:59:17.427569,,,,,,,,,,,,,,,,,,,30.0,1.8874430656433105,medical diagnosis,unknown,False,"Episode_30: 中間抽象度, 集約的 (dims: [13, 282, 58, 91, 281])",,,,,,,,,,,,,,,,,,,,,,,,,,,,,,,,,,,,
441,medical diagnosis,Large Language Models,0,2025-06-18T13:59:17.427569,,,,,,,,,,,,,,,,,,,,,,,,,40.0,1.8874430656433105,medical diagnosis,unknown,False,"Episode_40: 中間抽象度, 集約的 (dims: [13, 282, 58, 91, 281])",,,,,,,,,,,,,,,,,,,,,,,,,,,,,,
441,medical diagnosis,Large Language Models,0,2025-06-18T13:59:17.427569,,,,,,,,,,,,,,,,,,,,,,,,,,,,,,,50.0,1.8874430656433105,medical diagnosis,unknown,False,"Episode_50: 中間抽象度, 集約的 (dims: [13, 282, 58, 91, 281])",,,,,,,,,,,,,,,,,,,,,,,,
441,medical diagnosis,Large Language Models,0,2025-06-18T13:59:17.427569,,,,,,,,,,,,,,,,,,,,,,,,,,,,,,,,,,,,,60.0,1.8874430656433105,medical diagnosis,unknown,False,"Episode_60: 中間抽象度, 集約的 (dims: [13, 282, 58, 91, 281])",,,,,,,,,,,,,,,,,,
441,medical diagnosis,Large Language Models,0,2025-06-18T13:59:17.427569,,,,,,,,,,,,,,,,,,,,,,,,,,,,,,,,,,,,,,,,,,,70.0,1.8874430656433105,medical diagnosis,unknown,False,"Episode_70: 中間抽象度, 集約的 (dims: [13, 282, 58, 91, 281])",,,,,,,,,,,,
441,medical diagnosis,Large Language Models,0,2025-06-18T13:59:17.427569,,,,,,,,,,,,,,,,,,,,,,,,,,,,,,,,,,,,,,,,,,,,,,,,,80.0,1.8874430656433105,medical diagnosis,unknown,False,"Episode_80: 中間抽象度, 集約的 (dims: [13, 282, 58, 91, 281])",,,,,,
441,medical diagnosis,Large Language Models,0,2025-06-18T13:59:17.427569,,,,,,,,,,,,,,,,,,,,,,,,,,,,,,,,,,,,,,,,,,,,,,,,,,,,,,,90.0,1.8874430656433105,medical diagnosis,unknown,False,"Episode_90: 中間抽象度, 集約的 (dims: [13, 282, 58, 91, 281])"
442,autonomous systems,Computer Vision,10,2025-06-18T13:59:17.472077,0.0,1.8768787384033203,medical diagnosis,unknown,True,"Episode_0: 中間抽象度, 集約的 (dims: [13, 282, 58, 91, 281])",,,,,,,,,,,,,,,,,,,,,,,,,,,,,,,,,,,,,,,,,,,,,,,,,,,,,,
442,autonomous systems,Computer Vision,10,2025-06-18T13:59:17.472077,,,,,,,10.0,1.8768787384033203,medical diagnosis,unknown,True,"Episode_10: 中間抽象度, 集約的 (dims: [13, 282, 58, 91, 281])",,,,,,,,,,,,,,,,,,,,,,,,,,,,,,,,,,,,,,,,,,,,,,,,
442,autonomous systems,Computer Vision,10,2025-06-18T13:59:17.472077,,,,,,,,,,,,,20.0,1.8768787384033203,medical diagnosis,unknown,True,"Episode_20: 中間抽象度, 集約的 (dims: [13, 282, 58, 91, 281])",,,,,,,,,,,,,,,,,,,,,,,,,,,,,,,,,,,,,,,,,,
442,autonomous systems,Computer Vision,10,2025-06-18T13:59:17.472077,,,,,,,,,,,,,,,,,,,30.0,1.8768787384033203,medical diagnosis,unknown,True,"Episode_30: 中間抽象度, 集約的 (dims: [13, 282, 58, 91, 281])",,,,,,,,,,,,,,,,,,,,,,,,,,,,,,,,,,,,
442,autonomous systems,Computer Vision,10,2025-06-18T13:59:17.472077,,,,,,,,,,,,,,,,,,,,,,,,,40.0,1.8768787384033203,medical diagnosis,unknown,True,"Episode_40: 中間抽象度, 集約的 (dims: [13, 282, 58, 91, 281])",,,,,,,,,,,,,,,,,,,,,,,,,,,,,,
442,autonomous systems,Computer Vision,10,2025-06-18T13:59:17.472077,,,,,,,,,,,,,,,,,,,,,,,,,,,,,,,50.0,1.8768787384033203,medical diagnosis,unknown,True,"Episode_50: 中間抽象度, 集約的 (dims: [13, 282, 58, 91, 281])",,,,,,,,,,,,,,,,,,,,,,,,
442,autonomous systems,Computer Vision,10,2025-06-18T13:59:17.472077,,,,,,,,,,,,,,,,,,,,,,,,,,,,,,,,,,,,,60.0,1.8768787384033203,medical diagnosis,unknown,True,"Episode_60: 中間抽象度, 集約的 (dims: [13, 282, 58, 91, 281])",,,,,,,,,,,,,,,,,,
442,autonomous systems,Computer Vision,10,2025-06-18T13:59:17.472077,,,,,,,,,,,,,,,,,,,,,,,,,,,,,,,,,,,,,,,,,,,70.0,1.8768787384033203,medical diagnosis,unknown,True,"Episode_70: 中間抽象度, 集約的 (dims: [13, 282, 58, 91, 281])",,,,,,,,,,,,
442,autonomous systems,Computer Vision,10,2025-06-18T13:59:17.472077,,,,,,,,,,,,,,,,,,,,,,,,,,,,,,,,,,,,,,,,,,,,,,,,,80.0,1.8768787384033203,medical diagnosis,unknown,True,"Episode_80: 中間抽象度, 集約的 (dims: [13, 282, 58, 91, 281])",,,,,,
442,autonomous systems,Computer Vision,10,2025-06-18T13:59:17.472077,,,,,,,,,,,,,,,,,,,,,,,,,,,,,,,,,,,,,,,,,,,,,,,,,,,,,,,90.0,1.8768787384033203,medical diagnosis,unknown,True,"Episode_90: 中間抽象度, 集約的 (dims: [13, 282, 58, 91, 281])"
443,natural language processing,Reinforcement Learning,10,2025-06-18T13:59:17.516937,5.0,1.8832250833511353,cybersecurity,unknown,True,"Episode_5: 中間抽象度, 集約的 (dims: [106, 62, 379, 367, 71])",,,,,,,,,,,,,,,,,,,,,,,,,,,,,,,,,,,,,,,,,,,,,,,,,,,,,,
443,natural language processing,Reinforcement Learning,10,2025-06-18T13:59:17.516937,,,,,,,15.0,1.8832250833511353,cybersecurity,unknown,True,"Episode_15: 中間抽象度, 集約的 (dims: [106, 62, 379, 367, 71])",,,,,,,,,,,,,,,,,,,,,,,,,,,,,,,,,,,,,,,,,,,,,,,,
443,natural language processing,Reinforcement Learning,10,2025-06-18T13:59:17.516937,,,,,,,,,,,,,25.0,1.8832250833511353,cybersecurity,unknown,True,"Episode_25: 中間抽象度, 集約的 (dims: [106, 62, 379, 367, 71])",,,,,,,,,,,,,,,,,,,,,,,,,,,,,,,,,,,,,,,,,,
443,natural language processing,Reinforcement Learning,10,2025-06-18T13:59:17.516937,,,,,,,,,,,,,,,,,,,35.0,1.8832250833511353,cybersecurity,unknown,True,"Episode_35: 中間抽象度, 集約的 (dims: [106, 62, 379, 367, 71])",,,,,,,,,,,,,,,,,,,,,,,,,,,,,,,,,,,,
443,natural language processing,Reinforcement Learning,10,2025-06-18T13:59:17.516937,,,,,,,,,,,,,,,,,,,,,,,,,45.0,1.8832250833511353,cybersecurity,unknown,True,"Episode_45: 中間抽象度, 集約的 (dims: [106, 62, 379, 367, 71])",,,,,,,,,,,,,,,,,,,,,,,,,,,,,,
443,natural language processing,Reinforcement Learning,10,2025-06-18T13:59:17.516937,,,,,,,,,,,,,,,,,,,,,,,,,,,,,,,55.0,1.8832250833511353,cybersecurity,unknown,True,"Episode_55: 中間抽象度, 集約的 (dims: [106, 62, 379, 367, 71])",,,,,,,,,,,,,,,,,,,,,,,,
443,natural language processing,Reinforcement Learning,10,2025-06-18T13:59:17.516937,,,,,,,,,,,,,,,,,,,,,,,,,,,,,,,,,,,,,65.0,1.8832250833511353,cybersecurity,unknown,True,"Episode_65: 中間抽象度, 集約的 (dims: [106, 62, 379, 367, 71])",,,,,,,,,,,,,,,,,,
443,natural language processing,Reinforcement Learning,10,2025-06-18T13:59:17.516937,,,,,,,,,,,,,,,,,,,,,,,,,,,,,,,,,,,,,,,,,,,75.0,1.8832250833511353,cybersecurity,unknown,True,"Episode_75: 中間抽象度, 集約的 (dims: [106, 62, 379, 367, 71])",,,,,,,,,,,,
443,natural language processing,Reinforcement Learning,10,2025-06-18T13:59:17.516937,,,,,,,,,,,,,,,,,,,,,,,,,,,,,,,,,,,,,,,,,,,,,,,,,85.0,1.8832250833511353,cybersecurity,unknown,True,"Episode_85: 中間抽象度, 集約的 (dims: [106, 62, 379, 367, 71])",,,,,,
443,natural language processing,Reinforcement Learning,10,2025-06-18T13:59:17.516937,,,,,,,,,,,,,,,,,,,,,,,,,,,,,,,,,,,,,,,,,,,,,,,,,,,,,,,95.0,1.8832250833511353,cybersecurity,unknown,True,"Episode_95: 中間抽象度, 集約的 (dims: [106, 62, 379, 367, 71])"
444,computer vision,Graph Neural Networks,10,2025-06-18T13:59:17.562484,0.0,1.894721269607544,medical diagnosis,unknown,True,"Episode_0: 中間抽象度, 集約的 (dims: [13, 282, 58, 91, 281])",,,,,,,,,,,,,,,,,,,,,,,,,,,,,,,,,,,,,,,,,,,,,,,,,,,,,,
444,computer vision,Graph Neural Networks,10,2025-06-18T13:59:17.562484,,,,,,,10.0,1.894721269607544,medical diagnosis,unknown,True,"Episode_10: 中間抽象度, 集約的 (dims: [13, 282, 58, 91, 281])",,,,,,,,,,,,,,,,,,,,,,,,,,,,,,,,,,,,,,,,,,,,,,,,
444,computer vision,Graph Neural Networks,10,2025-06-18T13:59:17.562484,,,,,,,,,,,,,20.0,1.894721269607544,medical diagnosis,unknown,True,"Episode_20: 中間抽象度, 集約的 (dims: [13, 282, 58, 91, 281])",,,,,,,,,,,,,,,,,,,,,,,,,,,,,,,,,,,,,,,,,,
444,computer vision,Graph Neural Networks,10,2025-06-18T13:59:17.562484,,,,,,,,,,,,,,,,,,,30.0,1.894721269607544,medical diagnosis,unknown,True,"Episode_30: 中間抽象度, 集約的 (dims: [13, 282, 58, 91, 281])",,,,,,,,,,,,,,,,,,,,,,,,,,,,,,,,,,,,
444,computer vision,Graph Neural Networks,10,2025-06-18T13:59:17.562484,,,,,,,,,,,,,,,,,,,,,,,,,40.0,1.894721269607544,medical diagnosis,unknown,True,"Episode_40: 中間抽象度, 集約的 (dims: [13, 282, 58, 91, 281])",,,,,,,,,,,,,,,,,,,,,,,,,,,,,,
444,computer vision,Graph Neural Networks,10,2025-06-18T13:59:17.562484,,,,,,,,,,,,,,,,,,,,,,,,,,,,,,,50.0,1.894721269607544,medical diagnosis,unknown,True,"Episode_50: 中間抽象度, 集約的 (dims: [13, 282, 58, 91, 281])",,,,,,,,,,,,,,,,,,,,,,,,
444,computer vision,Graph Neural Networks,10,2025-06-18T13:59:17.562484,,,,,,,,,,,,,,,,,,,,,,,,,,,,,,,,,,,,,60.0,1.894721269607544,medical diagnosis,unknown,True,"Episode_60: 中間抽象度, 集約的 (dims: [13, 282, 58, 91, 281])",,,,,,,,,,,,,,,,,,
444,computer vision,Graph Neural Networks,10,2025-06-18T13:59:17.562484,,,,,,,,,,,,,,,,,,,,,,,,,,,,,,,,,,,,,,,,,,,70.0,1.894721269607544,medical diagnosis,unknown,True,"Episode_70: 中間抽象度, 集約的 (dims: [13, 282, 58, 91, 281])",,,,,,,,,,,,
444,computer vision,Graph Neural Networks,10,2025-06-18T13:59:17.562484,,,,,,,,,,,,,,,,,,,,,,,,,,,,,,,,,,,,,,,,,,,,,,,,,80.0,1.894721269607544,medical diagnosis,unknown,True,"Episode_80: 中間抽象度, 集約的 (dims: [13, 282, 58, 91, 281])",,,,,,
444,computer vision,Graph Neural Networks,10,2025-06-18T13:59:17.562484,,,,,,,,,,,,,,,,,,,,,,,,,,,,,,,,,,,,,,,,,,,,,,,,,,,,,,,90.0,1.894721269607544,medical diagnosis,unknown,True,"Episode_90: 中間抽象度, 集約的 (dims: [13, 282, 58, 91, 281])"
445,robotics,Federated Learning,10,2025-06-18T13:59:17.608730,5.0,1.8728573322296143,cybersecurity,unknown,True,"Episode_5: 中間抽象度, 集約的 (dims: [106, 62, 379, 367, 71])",,,,,,,,,,,,,,,,,,,,,,,,,,,,,,,,,,,,,,,,,,,,,,,,,,,,,,
445,robotics,Federated Learning,10,2025-06-18T13:59:17.608730,,,,,,,15.0,1.8728573322296143,cybersecurity,unknown,True,"Episode_15: 中間抽象度, 集約的 (dims: [106, 62, 379, 367, 71])",,,,,,,,,,,,,,,,,,,,,,,,,,,,,,,,,,,,,,,,,,,,,,,,
445,robotics,Federated Learning,10,2025-06-18T13:59:17.608730,,,,,,,,,,,,,25.0,1.8728573322296143,cybersecurity,unknown,True,"Episode_25: 中間抽象度, 集約的 (dims: [106, 62, 379, 367, 71])",,,,,,,,,,,,,,,,,,,,,,,,,,,,,,,,,,,,,,,,,,
445,robotics,Federated Learning,10,2025-06-18T13:59:17.608730,,,,,,,,,,,,,,,,,,,35.0,1.8728573322296143,cybersecurity,unknown,True,"Episode_35: 中間抽象度, 集約的 (dims: [106, 62, 379, 367, 71])",,,,,,,,,,,,,,,,,,,,,,,,,,,,,,,,,,,,
445,robotics,Federated Learning,10,2025-06-18T13:59:17.608730,,,,,,,,,,,,,,,,,,,,,,,,,45.0,1.8728573322296143,cybersecurity,unknown,True,"Episode_45: 中間抽象度, 集約的 (dims: [106, 62, 379, 367, 71])",,,,,,,,,,,,,,,,,,,,,,,,,,,,,,
445,robotics,Federated Learning,10,2025-06-18T13:59:17.608730,,,,,,,,,,,,,,,,,,,,,,,,,,,,,,,55.0,1.8728573322296143,cybersecurity,unknown,True,"Episode_55: 中間抽象度, 集約的 (dims: [106, 62, 379, 367, 71])",,,,,,,,,,,,,,,,,,,,,,,,
445,robotics,Federated Learning,10,2025-06-18T13:59:17.608730,,,,,,,,,,,,,,,,,,,,,,,,,,,,,,,,,,,,,65.0,1.8728573322296143,cybersecurity,unknown,True,"Episode_65: 中間抽象度, 集約的 (dims: [106, 62, 379, 367, 71])",,,,,,,,,,,,,,,,,,
445,robotics,Federated Learning,10,2025-06-18T13:59:17.608730,,,,,,,,,,,,,,,,,,,,,,,,,,,,,,,,,,,,,,,,,,,75.0,1.8728573322296143,cybersecurity,unknown,True,"Episode_75: 中間抽象度, 集約的 (dims: [106, 62, 379, 367, 71])",,,,,,,,,,,,
445,robotics,Federated Learning,10,2025-06-18T13:59:17.608730,,,,,,,,,,,,,,,,,,,,,,,,,,,,,,,,,,,,,,,,,,,,,,,,,85.0,1.8728573322296143,cybersecurity,unknown,True,"Episode_85: 中間抽象度, 集約的 (dims: [106, 62, 379, 367, 71])",,,,,,
445,robotics,Federated Learning,10,2025-06-18T13:59:17.608730,,,,,,,,,,,,,,,,,,,,,,,,,,,,,,,,,,,,,,,,,,,,,,,,,,,,,,,95.0,1.8728573322296143,cybersecurity,unknown,True,"Episode_95: 中間抽象度, 集約的 (dims: [106, 62, 379, 367, 71])"
446,cybersecurity,Explainable AI,10,2025-06-18T13:59:17.656058,0.0,1.911033272743225,medical diagnosis,unknown,True,"Episode_0: 中間抽象度, 集約的 (dims: [13, 282, 58, 91, 281])",,,,,,,,,,,,,,,,,,,,,,,,,,,,,,,,,,,,,,,,,,,,,,,,,,,,,,
446,cybersecurity,Explainable AI,10,2025-06-18T13:59:17.656058,,,,,,,10.0,1.911033272743225,medical diagnosis,unknown,True,"Episode_10: 中間抽象度, 集約的 (dims: [13, 282, 58, 91, 281])",,,,,,,,,,,,,,,,,,,,,,,,,,,,,,,,,,,,,,,,,,,,,,,,
446,cybersecurity,Explainable AI,10,2025-06-18T13:59:17.656058,,,,,,,,,,,,,20.0,1.911033272743225,medical diagnosis,unknown,True,"Episode_20: 中間抽象度, 集約的 (dims: [13, 282, 58, 91, 281])",,,,,,,,,,,,,,,,,,,,,,,,,,,,,,,,,,,,,,,,,,
446,cybersecurity,Explainable AI,10,2025-06-18T13:59:17.656058,,,,,,,,,,,,,,,,,,,30.0,1.911033272743225,medical diagnosis,unknown,True,"Episode_30: 中間抽象度, 集約的 (dims: [13, 282, 58, 91, 281])",,,,,,,,,,,,,,,,,,,,,,,,,,,,,,,,,,,,
446,cybersecurity,Explainable AI,10,2025-06-18T13:59:17.656058,,,,,,,,,,,,,,,,,,,,,,,,,40.0,1.911033272743225,medical diagnosis,unknown,True,"Episode_40: 中間抽象度, 集約的 (dims: [13, 282, 58, 91, 281])",,,,,,,,,,,,,,,,,,,,,,,,,,,,,,
446,cybersecurity,Explainable AI,10,2025-06-18T13:59:17.656058,,,,,,,,,,,,,,,,,,,,,,,,,,,,,,,50.0,1.911033272743225,medical diagnosis,unknown,True,"Episode_50: 中間抽象度, 集約的 (dims: [13, 282, 58, 91, 281])",,,,,,,,,,,,,,,,,,,,,,,,
446,cybersecurity,Explainable AI,10,2025-06-18T13:59:17.656058,,,,,,,,,,,,,,,,,,,,,,,,,,,,,,,,,,,,,60.0,1.911033272743225,medical diagnosis,unknown,True,"Episode_60: 中間抽象度, 集約的 (dims: [13, 282, 58, 91, 281])",,,,,,,,,,,,,,,,,,
446,cybersecurity,Explainable AI,10,2025-06-18T13:59:17.656058,,,,,,,,,,,,,,,,,,,,,,,,,,,,,,,,,,,,,,,,,,,70.0,1.911033272743225,medical diagnosis,unknown,True,"Episode_70: 中間抽象度, 集約的 (dims: [13, 282, 58, 91, 281])",,,,,,,,,,,,
446,cybersecurity,Explainable AI,10,2025-06-18T13:59:17.656058,,,,,,,,,,,,,,,,,,,,,,,,,,,,,,,,,,,,,,,,,,,,,,,,,80.0,1.911033272743225,medical diagnosis,unknown,True,"Episode_80: 中間抽象度, 集約的 (dims: [13, 282, 58, 91, 281])",,,,,,
446,cybersecurity,Explainable AI,10,2025-06-18T13:59:17.656058,,,,,,,,,,,,,,,,,,,,,,,,,,,,,,,,,,,,,,,,,,,,,,,,,,,,,,,90.0,1.911033272743225,medical diagnosis,unknown,True,"Episode_90: 中間抽象度, 集約的 (dims: [13, 282, 58, 91, 281])"
447,climate modeling,Multimodal Learning,10,2025-06-18T13:59:17.701260,5.0,1.9013603925704956,cybersecurity,unknown,True,"Episode_5: 中間抽象度, 集約的 (dims: [106, 62, 379, 367, 71])",,,,,,,,,,,,,,,,,,,,,,,,,,,,,,,,,,,,,,,,,,,,,,,,,,,,,,
447,climate modeling,Multimodal Learning,10,2025-06-18T13:59:17.701260,,,,,,,15.0,1.9013603925704956,cybersecurity,unknown,True,"Episode_15: 中間抽象度, 集約的 (dims: [106, 62, 379, 367, 71])",,,,,,,,,,,,,,,,,,,,,,,,,,,,,,,,,,,,,,,,,,,,,,,,
447,climate modeling,Multimodal Learning,10,2025-06-18T13:59:17.701260,,,,,,,,,,,,,25.0,1.9013603925704956,cybersecurity,unknown,True,"Episode_25: 中間抽象度, 集約的 (dims: [106, 62, 379, 367, 71])",,,,,,,,,,,,,,,,,,,,,,,,,,,,,,,,,,,,,,,,,,
447,climate modeling,Multimodal Learning,10,2025-06-18T13:59:17.701260,,,,,,,,,,,,,,,,,,,35.0,1.9013603925704956,cybersecurity,unknown,True,"Episode_35: 中間抽象度, 集約的 (dims: [106, 62, 379, 367, 71])",,,,,,,,,,,,,,,,,,,,,,,,,,,,,,,,,,,,
447,climate modeling,Multimodal Learning,10,2025-06-18T13:59:17.701260,,,,,,,,,,,,,,,,,,,,,,,,,45.0,1.9013603925704956,cybersecurity,unknown,True,"Episode_45: 中間抽象度, 集約的 (dims: [106, 62, 379, 367, 71])",,,,,,,,,,,,,,,,,,,,,,,,,,,,,,
447,climate modeling,Multimodal Learning,10,2025-06-18T13:59:17.701260,,,,,,,,,,,,,,,,,,,,,,,,,,,,,,,55.0,1.9013603925704956,cybersecurity,unknown,True,"Episode_55: 中間抽象度, 集約的 (dims: [106, 62, 379, 367, 71])",,,,,,,,,,,,,,,,,,,,,,,,
447,climate modeling,Multimodal Learning,10,2025-06-18T13:59:17.701260,,,,,,,,,,,,,,,,,,,,,,,,,,,,,,,,,,,,,65.0,1.9013603925704956,cybersecurity,unknown,True,"Episode_65: 中間抽象度, 集約的 (dims: [106, 62, 379, 367, 71])",,,,,,,,,,,,,,,,,,
447,climate modeling,Multimodal Learning,10,2025-06-18T13:59:17.701260,,,,,,,,,,,,,,,,,,,,,,,,,,,,,,,,,,,,,,,,,,,75.0,1.9013603925704956,cybersecurity,unknown,True,"Episode_75: 中間抽象度, 集約的 (dims: [106, 62, 379, 367, 71])",,,,,,,,,,,,
447,climate modeling,Multimodal Learning,10,2025-06-18T13:59:17.701260,,,,,,,,,,,,,,,,,,,,,,,,,,,,,,,,,,,,,,,,,,,,,,,,,85.0,1.9013603925704956,cybersecurity,unknown,True,"Episode_85: 中間抽象度, 集約的 (dims: [106, 62, 379, 367, 71])",,,,,,
447,climate modeling,Multimodal Learning,10,2025-06-18T13:59:17.701260,,,,,,,,,,,,,,,,,,,,,,,,,,,,,,,,,,,,,,,,,,,,,,,,,,,,,,,95.0,1.9013603925704956,cybersecurity,unknown,True,"Episode_95: 中間抽象度, 集約的 (dims: [106, 62, 379, 367, 71])"
448,drug discovery,Few-shot Learning,10,2025-06-18T13:59:17.747658,0.0,1.9221811294555664,medical diagnosis,unknown,True,"Episode_0: 中間抽象度, 集約的 (dims: [13, 282, 58, 91, 281])",,,,,,,,,,,,,,,,,,,,,,,,,,,,,,,,,,,,,,,,,,,,,,,,,,,,,,
448,drug discovery,Few-shot Learning,10,2025-06-18T13:59:17.747658,,,,,,,10.0,1.9221811294555664,medical diagnosis,unknown,True,"Episode_10: 中間抽象度, 集約的 (dims: [13, 282, 58, 91, 281])",,,,,,,,,,,,,,,,,,,,,,,,,,,,,,,,,,,,,,,,,,,,,,,,
448,drug discovery,Few-shot Learning,10,2025-06-18T13:59:17.747658,,,,,,,,,,,,,20.0,1.9221811294555664,medical diagnosis,unknown,True,"Episode_20: 中間抽象度, 集約的 (dims: [13, 282, 58, 91, 281])",,,,,,,,,,,,,,,,,,,,,,,,,,,,,,,,,,,,,,,,,,
448,drug discovery,Few-shot Learning,10,2025-06-18T13:59:17.747658,,,,,,,,,,,,,,,,,,,30.0,1.9221811294555664,medical diagnosis,unknown,True,"Episode_30: 中間抽象度, 集約的 (dims: [13, 282, 58, 91, 281])",,,,,,,,,,,,,,,,,,,,,,,,,,,,,,,,,,,,
448,drug discovery,Few-shot Learning,10,2025-06-18T13:59:17.747658,,,,,,,,,,,,,,,,,,,,,,,,,40.0,1.9221811294555664,medical diagnosis,unknown,True,"Episode_40: 中間抽象度, 集約的 (dims: [13, 282, 58, 91, 281])",,,,,,,,,,,,,,,,,,,,,,,,,,,,,,
448,drug discovery,Few-shot Learning,10,2025-06-18T13:59:17.747658,,,,,,,,,,,,,,,,,,,,,,,,,,,,,,,50.0,1.9221811294555664,medical diagnosis,unknown,True,"Episode_50: 中間抽象度, 集約的 (dims: [13, 282, 58, 91, 281])",,,,,,,,,,,,,,,,,,,,,,,,
448,drug discovery,Few-shot Learning,10,2025-06-18T13:59:17.747658,,,,,,,,,,,,,,,,,,,,,,,,,,,,,,,,,,,,,60.0,1.9221811294555664,medical diagnosis,unknown,True,"Episode_60: 中間抽象度, 集約的 (dims: [13, 282, 58, 91, 281])",,,,,,,,,,,,,,,,,,
448,drug discovery,Few-shot Learning,10,2025-06-18T13:59:17.747658,,,,,,,,,,,,,,,,,,,,,,,,,,,,,,,,,,,,,,,,,,,70.0,1.9221811294555664,medical diagnosis,unknown,True,"Episode_70: 中間抽象度, 集約的 (dims: [13, 282, 58, 91, 281])",,,,,,,,,,,,
448,drug discovery,Few-shot Learning,10,2025-06-18T13:59:17.747658,,,,,,,,,,,,,,,,,,,,,,,,,,,,,,,,,,,,,,,,,,,,,,,,,80.0,1.9221811294555664,medical diagnosis,unknown,True,"Episode_80: 中間抽象度, 集約的 (dims: [13, 282, 58, 91, 281])",,,,,,
448,drug discovery,Few-shot Learning,10,2025-06-18T13:59:17.747658,,,,,,,,,,,,,,,,,,,,,,,,,,,,,,,,,,,,,,,,,,,,,,,,,,,,,,,90.0,1.9221811294555664,medical diagnosis,unknown,True,"Episode_90: 中間抽象度, 集約的 (dims: [13, 282, 58, 91, 281])"
449,financial prediction,Transfer Learning,10,2025-06-18T13:59:17.793611,0.0,1.9256962537765503,medical diagnosis,unknown,True,"Episode_0: 中間抽象度, 集約的 (dims: [13, 282, 58, 91, 281])",,,,,,,,,,,,,,,,,,,,,,,,,,,,,,,,,,,,,,,,,,,,,,,,,,,,,,
449,financial prediction,Transfer Learning,10,2025-06-18T13:59:17.793611,,,,,,,10.0,1.9256962537765503,medical diagnosis,unknown,True,"Episode_10: 中間抽象度, 集約的 (dims: [13, 282, 58, 91, 281])",,,,,,,,,,,,,,,,,,,,,,,,,,,,,,,,,,,,,,,,,,,,,,,,
449,financial prediction,Transfer Learning,10,2025-06-18T13:59:17.793611,,,,,,,,,,,,,20.0,1.9256962537765503,medical diagnosis,unknown,True,"Episode_20: 中間抽象度, 集約的 (dims: [13, 282, 58, 91, 281])",,,,,,,,,,,,,,,,,,,,,,,,,,,,,,,,,,,,,,,,,,
449,financial prediction,Transfer Learning,10,2025-06-18T13:59:17.793611,,,,,,,,,,,,,,,,,,,30.0,1.9256962537765503,medical diagnosis,unknown,True,"Episode_30: 中間抽象度, 集約的 (dims: [13, 282, 58, 91, 281])",,,,,,,,,,,,,,,,,,,,,,,,,,,,,,,,,,,,
449,financial prediction,Transfer Learning,10,2025-06-18T13:59:17.793611,,,,,,,,,,,,,,,,,,,,,,,,,40.0,1.9256962537765503,medical diagnosis,unknown,True,"Episode_40: 中間抽象度, 集約的 (dims: [13, 282, 58, 91, 281])",,,,,,,,,,,,,,,,,,,,,,,,,,,,,,
449,financial prediction,Transfer Learning,10,2025-06-18T13:59:17.793611,,,,,,,,,,,,,,,,,,,,,,,,,,,,,,,50.0,1.9256962537765503,medical diagnosis,unknown,True,"Episode_50: 中間抽象度, 集約的 (dims: [13, 282, 58, 91, 281])",,,,,,,,,,,,,,,,,,,,,,,,
449,financial prediction,Transfer Learning,10,2025-06-18T13:59:17.793611,,,,,,,,,,,,,,,,,,,,,,,,,,,,,,,,,,,,,60.0,1.9256962537765503,medical diagnosis,unknown,True,"Episode_60: 中間抽象度, 集約的 (dims: [13, 282, 58, 91, 281])",,,,,,,,,,,,,,,,,,
449,financial prediction,Transfer Learning,10,2025-06-18T13:59:17.793611,,,,,,,,,,,,,,,,,,,,,,,,,,,,,,,,,,,,,,,,,,,70.0,1.9256962537765503,medical diagnosis,unknown,True,"Episode_70: 中間抽象度, 集約的 (dims: [13, 282, 58, 91, 281])",,,,,,,,,,,,
449,financial prediction,Transfer Learning,10,2025-06-18T13:59:17.793611,,,,,,,,,,,,,,,,,,,,,,,,,,,,,,,,,,,,,,,,,,,,,,,,,80.0,1.9256962537765503,medical diagnosis,unknown,True,"Episode_80: 中間抽象度, 集約的 (dims: [13, 282, 58, 91, 281])",,,,,,
449,financial prediction,Transfer Learning,10,2025-06-18T13:59:17.793611,,,,,,,,,,,,,,,,,,,,,,,,,,,,,,,,,,,,,,,,,,,,,,,,,,,,,,,90.0,1.9256962537765503,medical diagnosis,unknown,True,"Episode_90: 中間抽象度, 集約的 (dims: [13, 282, 58, 91, 281])"
450,educational technology,Adversarial Machine Learning,10,2025-06-18T13:59:17.840496,0.0,1.928670048713684,medical diagnosis,unknown,True,"Episode_0: 中間抽象度, 集約的 (dims: [13, 282, 58, 91, 281])",,,,,,,,,,,,,,,,,,,,,,,,,,,,,,,,,,,,,,,,,,,,,,,,,,,,,,
450,educational technology,Adversarial Machine Learning,10,2025-06-18T13:59:17.840496,,,,,,,10.0,1.928670048713684,medical diagnosis,unknown,True,"Episode_10: 中間抽象度, 集約的 (dims: [13, 282, 58, 91, 281])",,,,,,,,,,,,,,,,,,,,,,,,,,,,,,,,,,,,,,,,,,,,,,,,
450,educational technology,Adversarial Machine Learning,10,2025-06-18T13:59:17.840496,,,,,,,,,,,,,20.0,1.928670048713684,medical diagnosis,unknown,True,"Episode_20: 中間抽象度, 集約的 (dims: [13, 282, 58, 91, 281])",,,,,,,,,,,,,,,,,,,,,,,,,,,,,,,,,,,,,,,,,,
450,educational technology,Adversarial Machine Learning,10,2025-06-18T13:59:17.840496,,,,,,,,,,,,,,,,,,,30.0,1.928670048713684,medical diagnosis,unknown,True,"Episode_30: 中間抽象度, 集約的 (dims: [13, 282, 58, 91, 281])",,,,,,,,,,,,,,,,,,,,,,,,,,,,,,,,,,,,
450,educational technology,Adversarial Machine Learning,10,2025-06-18T13:59:17.840496,,,,,,,,,,,,,,,,,,,,,,,,,40.0,1.928670048713684,medical diagnosis,unknown,True,"Episode_40: 中間抽象度, 集約的 (dims: [13, 282, 58, 91, 281])",,,,,,,,,,,,,,,,,,,,,,,,,,,,,,
450,educational technology,Adversarial Machine Learning,10,2025-06-18T13:59:17.840496,,,,,,,,,,,,,,,,,,,,,,,,,,,,,,,50.0,1.928670048713684,medical diagnosis,unknown,True,"Episode_50: 中間抽象度, 集約的 (dims: [13, 282, 58, 91, 281])",,,,,,,,,,,,,,,,,,,,,,,,
450,educational technology,Adversarial Machine Learning,10,2025-06-18T13:59:17.840496,,,,,,,,,,,,,,,,,,,,,,,,,,,,,,,,,,,,,60.0,1.928670048713684,medical diagnosis,unknown,True,"Episode_60: 中間抽象度, 集約的 (dims: [13, 282, 58, 91, 281])",,,,,,,,,,,,,,,,,,
450,educational technology,Adversarial Machine Learning,10,2025-06-18T13:59:17.840496,,,,,,,,,,,,,,,,,,,,,,,,,,,,,,,,,,,,,,,,,,,70.0,1.928670048713684,medical diagnosis,unknown,True,"Episode_70: 中間抽象度, 集約的 (dims: [13, 282, 58, 91, 281])",,,,,,,,,,,,
450,educational technology,Adversarial Machine Learning,10,2025-06-18T13:59:17.840496,,,,,,,,,,,,,,,,,,,,,,,,,,,,,,,,,,,,,,,,,,,,,,,,,80.0,1.928670048713684,medical diagnosis,unknown,True,"Episode_80: 中間抽象度, 集約的 (dims: [13, 282, 58, 91, 281])",,,,,,
450,educational technology,Adversarial Machine Learning,10,2025-06-18T13:59:17.840496,,,,,,,,,,,,,,,,,,,,,,,,,,,,,,,,,,,,,,,,,,,,,,,,,,,,,,,90.0,1.928670048713684,medical diagnosis,unknown,True,"Episode_90: 中間抽象度, 集約的 (dims: [13, 282, 58, 91, 281])"
451,medical diagnosis,Large Language Models,0,2025-06-18T13:59:17.887651,0.0,1.8874430656433105,medical diagnosis,unknown,False,"Episode_0: 中間抽象度, 集約的 (dims: [13, 282, 58, 91, 281])",,,,,,,,,,,,,,,,,,,,,,,,,,,,,,,,,,,,,,,,,,,,,,,,,,,,,,
451,medical diagnosis,Large Language Models,0,2025-06-18T13:59:17.887651,,,,,,,10.0,1.8874430656433105,medical diagnosis,unknown,False,"Episode_10: 中間抽象度, 集約的 (dims: [13, 282, 58, 91, 281])",,,,,,,,,,,,,,,,,,,,,,,,,,,,,,,,,,,,,,,,,,,,,,,,
451,medical diagnosis,Large Language Models,0,2025-06-18T13:59:17.887651,,,,,,,,,,,,,20.0,1.8874430656433105,medical diagnosis,unknown,False,"Episode_20: 中間抽象度, 集約的 (dims: [13, 282, 58, 91, 281])",,,,,,,,,,,,,,,,,,,,,,,,,,,,,,,,,,,,,,,,,,
451,medical diagnosis,Large Language Models,0,2025-06-18T13:59:17.887651,,,,,,,,,,,,,,,,,,,30.0,1.8874430656433105,medical diagnosis,unknown,False,"Episode_30: 中間抽象度, 集約的 (dims: [13, 282, 58, 91, 281])",,,,,,,,,,,,,,,,,,,,,,,,,,,,,,,,,,,,
451,medical diagnosis,Large Language Models,0,2025-06-18T13:59:17.887651,,,,,,,,,,,,,,,,,,,,,,,,,40.0,1.8874430656433105,medical diagnosis,unknown,False,"Episode_40: 中間抽象度, 集約的 (dims: [13, 282, 58, 91, 281])",,,,,,,,,,,,,,,,,,,,,,,,,,,,,,
451,medical diagnosis,Large Language Models,0,2025-06-18T13:59:17.887651,,,,,,,,,,,,,,,,,,,,,,,,,,,,,,,50.0,1.8874430656433105,medical diagnosis,unknown,False,"Episode_50: 中間抽象度, 集約的 (dims: [13, 282, 58, 91, 281])",,,,,,,,,,,,,,,,,,,,,,,,
451,medical diagnosis,Large Language Models,0,2025-06-18T13:59:17.887651,,,,,,,,,,,,,,,,,,,,,,,,,,,,,,,,,,,,,60.0,1.8874430656433105,medical diagnosis,unknown,False,"Episode_60: 中間抽象度, 集約的 (dims: [13, 282, 58, 91, 281])",,,,,,,,,,,,,,,,,,
451,medical diagnosis,Large Language Models,0,2025-06-18T13:59:17.887651,,,,,,,,,,,,,,,,,,,,,,,,,,,,,,,,,,,,,,,,,,,70.0,1.8874430656433105,medical diagnosis,unknown,False,"Episode_70: 中間抽象度, 集約的 (dims: [13, 282, 58, 91, 281])",,,,,,,,,,,,
451,medical diagnosis,Large Language Models,0,2025-06-18T13:59:17.887651,,,,,,,,,,,,,,,,,,,,,,,,,,,,,,,,,,,,,,,,,,,,,,,,,80.0,1.8874430656433105,medical diagnosis,unknown,False,"Episode_80: 中間抽象度, 集約的 (dims: [13, 282, 58, 91, 281])",,,,,,
451,medical diagnosis,Large Language Models,0,2025-06-18T13:59:17.887651,,,,,,,,,,,,,,,,,,,,,,,,,,,,,,,,,,,,,,,,,,,,,,,,,,,,,,,90.0,1.8874430656433105,medical diagnosis,unknown,False,"Episode_90: 中間抽象度, 集約的 (dims: [13, 282, 58, 91, 281])"
452,autonomous systems,Computer Vision,10,2025-06-18T13:59:17.931634,0.0,1.8768787384033203,medical diagnosis,unknown,True,"Episode_0: 中間抽象度, 集約的 (dims: [13, 282, 58, 91, 281])",,,,,,,,,,,,,,,,,,,,,,,,,,,,,,,,,,,,,,,,,,,,,,,,,,,,,,
452,autonomous systems,Computer Vision,10,2025-06-18T13:59:17.931634,,,,,,,10.0,1.8768787384033203,medical diagnosis,unknown,True,"Episode_10: 中間抽象度, 集約的 (dims: [13, 282, 58, 91, 281])",,,,,,,,,,,,,,,,,,,,,,,,,,,,,,,,,,,,,,,,,,,,,,,,
452,autonomous systems,Computer Vision,10,2025-06-18T13:59:17.931634,,,,,,,,,,,,,20.0,1.8768787384033203,medical diagnosis,unknown,True,"Episode_20: 中間抽象度, 集約的 (dims: [13, 282, 58, 91, 281])",,,,,,,,,,,,,,,,,,,,,,,,,,,,,,,,,,,,,,,,,,
452,autonomous systems,Computer Vision,10,2025-06-18T13:59:17.931634,,,,,,,,,,,,,,,,,,,30.0,1.8768787384033203,medical diagnosis,unknown,True,"Episode_30: 中間抽象度, 集約的 (dims: [13, 282, 58, 91, 281])",,,,,,,,,,,,,,,,,,,,,,,,,,,,,,,,,,,,
452,autonomous systems,Computer Vision,10,2025-06-18T13:59:17.931634,,,,,,,,,,,,,,,,,,,,,,,,,40.0,1.8768787384033203,medical diagnosis,unknown,True,"Episode_40: 中間抽象度, 集約的 (dims: [13, 282, 58, 91, 281])",,,,,,,,,,,,,,,,,,,,,,,,,,,,,,
452,autonomous systems,Computer Vision,10,2025-06-18T13:59:17.931634,,,,,,,,,,,,,,,,,,,,,,,,,,,,,,,50.0,1.8768787384033203,medical diagnosis,unknown,True,"Episode_50: 中間抽象度, 集約的 (dims: [13, 282, 58, 91, 281])",,,,,,,,,,,,,,,,,,,,,,,,
452,autonomous systems,Computer Vision,10,2025-06-18T13:59:17.931634,,,,,,,,,,,,,,,,,,,,,,,,,,,,,,,,,,,,,60.0,1.8768787384033203,medical diagnosis,unknown,True,"Episode_60: 中間抽象度, 集約的 (dims: [13, 282, 58, 91, 281])",,,,,,,,,,,,,,,,,,
452,autonomous systems,Computer Vision,10,2025-06-18T13:59:17.931634,,,,,,,,,,,,,,,,,,,,,,,,,,,,,,,,,,,,,,,,,,,70.0,1.8768787384033203,medical diagnosis,unknown,True,"Episode_70: 中間抽象度, 集約的 (dims: [13, 282, 58, 91, 281])",,,,,,,,,,,,
452,autonomous systems,Computer Vision,10,2025-06-18T13:59:17.931634,,,,,,,,,,,,,,,,,,,,,,,,,,,,,,,,,,,,,,,,,,,,,,,,,80.0,1.8768787384033203,medical diagnosis,unknown,True,"Episode_80: 中間抽象度, 集約的 (dims: [13, 282, 58, 91, 281])",,,,,,
452,autonomous systems,Computer Vision,10,2025-06-18T13:59:17.931634,,,,,,,,,,,,,,,,,,,,,,,,,,,,,,,,,,,,,,,,,,,,,,,,,,,,,,,90.0,1.8768787384033203,medical diagnosis,unknown,True,"Episode_90: 中間抽象度, 集約的 (dims: [13, 282, 58, 91, 281])"
453,natural language processing,Reinforcement Learning,10,2025-06-18T13:59:17.975699,5.0,1.8832250833511353,cybersecurity,unknown,True,"Episode_5: 中間抽象度, 集約的 (dims: [106, 62, 379, 367, 71])",,,,,,,,,,,,,,,,,,,,,,,,,,,,,,,,,,,,,,,,,,,,,,,,,,,,,,
453,natural language processing,Reinforcement Learning,10,2025-06-18T13:59:17.975699,,,,,,,15.0,1.8832250833511353,cybersecurity,unknown,True,"Episode_15: 中間抽象度, 集約的 (dims: [106, 62, 379, 367, 71])",,,,,,,,,,,,,,,,,,,,,,,,,,,,,,,,,,,,,,,,,,,,,,,,
453,natural language processing,Reinforcement Learning,10,2025-06-18T13:59:17.975699,,,,,,,,,,,,,25.0,1.8832250833511353,cybersecurity,unknown,True,"Episode_25: 中間抽象度, 集約的 (dims: [106, 62, 379, 367, 71])",,,,,,,,,,,,,,,,,,,,,,,,,,,,,,,,,,,,,,,,,,
453,natural language processing,Reinforcement Learning,10,2025-06-18T13:59:17.975699,,,,,,,,,,,,,,,,,,,35.0,1.8832250833511353,cybersecurity,unknown,True,"Episode_35: 中間抽象度, 集約的 (dims: [106, 62, 379, 367, 71])",,,,,,,,,,,,,,,,,,,,,,,,,,,,,,,,,,,,
453,natural language processing,Reinforcement Learning,10,2025-06-18T13:59:17.975699,,,,,,,,,,,,,,,,,,,,,,,,,45.0,1.8832250833511353,cybersecurity,unknown,True,"Episode_45: 中間抽象度, 集約的 (dims: [106, 62, 379, 367, 71])",,,,,,,,,,,,,,,,,,,,,,,,,,,,,,
453,natural language processing,Reinforcement Learning,10,2025-06-18T13:59:17.975699,,,,,,,,,,,,,,,,,,,,,,,,,,,,,,,55.0,1.8832250833511353,cybersecurity,unknown,True,"Episode_55: 中間抽象度, 集約的 (dims: [106, 62, 379, 367, 71])",,,,,,,,,,,,,,,,,,,,,,,,
453,natural language processing,Reinforcement Learning,10,2025-06-18T13:59:17.975699,,,,,,,,,,,,,,,,,,,,,,,,,,,,,,,,,,,,,65.0,1.8832250833511353,cybersecurity,unknown,True,"Episode_65: 中間抽象度, 集約的 (dims: [106, 62, 379, 367, 71])",,,,,,,,,,,,,,,,,,
453,natural language processing,Reinforcement Learning,10,2025-06-18T13:59:17.975699,,,,,,,,,,,,,,,,,,,,,,,,,,,,,,,,,,,,,,,,,,,75.0,1.8832250833511353,cybersecurity,unknown,True,"Episode_75: 中間抽象度, 集約的 (dims: [106, 62, 379, 367, 71])",,,,,,,,,,,,
453,natural language processing,Reinforcement Learning,10,2025-06-18T13:59:17.975699,,,,,,,,,,,,,,,,,,,,,,,,,,,,,,,,,,,,,,,,,,,,,,,,,85.0,1.8832250833511353,cybersecurity,unknown,True,"Episode_85: 中間抽象度, 集約的 (dims: [106, 62, 379, 367, 71])",,,,,,
453,natural language processing,Reinforcement Learning,10,2025-06-18T13:59:17.975699,,,,,,,,,,,,,,,,,,,,,,,,,,,,,,,,,,,,,,,,,,,,,,,,,,,,,,,95.0,1.8832250833511353,cybersecurity,unknown,True,"Episode_95: 中間抽象度, 集約的 (dims: [106, 62, 379, 367, 71])"
454,computer vision,Graph Neural Networks,10,2025-06-18T13:59:18.020665,0.0,1.894721269607544,medical diagnosis,unknown,True,"Episode_0: 中間抽象度, 集約的 (dims: [13, 282, 58, 91, 281])",,,,,,,,,,,,,,,,,,,,,,,,,,,,,,,,,,,,,,,,,,,,,,,,,,,,,,
454,computer vision,Graph Neural Networks,10,2025-06-18T13:59:18.020665,,,,,,,10.0,1.894721269607544,medical diagnosis,unknown,True,"Episode_10: 中間抽象度, 集約的 (dims: [13, 282, 58, 91, 281])",,,,,,,,,,,,,,,,,,,,,,,,,,,,,,,,,,,,,,,,,,,,,,,,
454,computer vision,Graph Neural Networks,10,2025-06-18T13:59:18.020665,,,,,,,,,,,,,20.0,1.894721269607544,medical diagnosis,unknown,True,"Episode_20: 中間抽象度, 集約的 (dims: [13, 282, 58, 91, 281])",,,,,,,,,,,,,,,,,,,,,,,,,,,,,,,,,,,,,,,,,,
454,computer vision,Graph Neural Networks,10,2025-06-18T13:59:18.020665,,,,,,,,,,,,,,,,,,,30.0,1.894721269607544,medical diagnosis,unknown,True,"Episode_30: 中間抽象度, 集約的 (dims: [13, 282, 58, 91, 281])",,,,,,,,,,,,,,,,,,,,,,,,,,,,,,,,,,,,
454,computer vision,Graph Neural Networks,10,2025-06-18T13:59:18.020665,,,,,,,,,,,,,,,,,,,,,,,,,40.0,1.894721269607544,medical diagnosis,unknown,True,"Episode_40: 中間抽象度, 集約的 (dims: [13, 282, 58, 91, 281])",,,,,,,,,,,,,,,,,,,,,,,,,,,,,,
454,computer vision,Graph Neural Networks,10,2025-06-18T13:59:18.020665,,,,,,,,,,,,,,,,,,,,,,,,,,,,,,,50.0,1.894721269607544,medical diagnosis,unknown,True,"Episode_50: 中間抽象度, 集約的 (dims: [13, 282, 58, 91, 281])",,,,,,,,,,,,,,,,,,,,,,,,
454,computer vision,Graph Neural Networks,10,2025-06-18T13:59:18.020665,,,,,,,,,,,,,,,,,,,,,,,,,,,,,,,,,,,,,60.0,1.894721269607544,medical diagnosis,unknown,True,"Episode_60: 中間抽象度, 集約的 (dims: [13, 282, 58, 91, 281])",,,,,,,,,,,,,,,,,,
454,computer vision,Graph Neural Networks,10,2025-06-18T13:59:18.020665,,,,,,,,,,,,,,,,,,,,,,,,,,,,,,,,,,,,,,,,,,,70.0,1.894721269607544,medical diagnosis,unknown,True,"Episode_70: 中間抽象度, 集約的 (dims: [13, 282, 58, 91, 281])",,,,,,,,,,,,
454,computer vision,Graph Neural Networks,10,2025-06-18T13:59:18.020665,,,,,,,,,,,,,,,,,,,,,,,,,,,,,,,,,,,,,,,,,,,,,,,,,80.0,1.894721269607544,medical diagnosis,unknown,True,"Episode_80: 中間抽象度, 集約的 (dims: [13, 282, 58, 91, 281])",,,,,,
454,computer vision,Graph Neural Networks,10,2025-06-18T13:59:18.020665,,,,,,,,,,,,,,,,,,,,,,,,,,,,,,,,,,,,,,,,,,,,,,,,,,,,,,,90.0,1.894721269607544,medical diagnosis,unknown,True,"Episode_90: 中間抽象度, 集約的 (dims: [13, 282, 58, 91, 281])"
455,robotics,Federated Learning,10,2025-06-18T13:59:18.064419,5.0,1.8728573322296143,cybersecurity,unknown,True,"Episode_5: 中間抽象度, 集約的 (dims: [106, 62, 379, 367, 71])",,,,,,,,,,,,,,,,,,,,,,,,,,,,,,,,,,,,,,,,,,,,,,,,,,,,,,
455,robotics,Federated Learning,10,2025-06-18T13:59:18.064419,,,,,,,15.0,1.8728573322296143,cybersecurity,unknown,True,"Episode_15: 中間抽象度, 集約的 (dims: [106, 62, 379, 367, 71])",,,,,,,,,,,,,,,,,,,,,,,,,,,,,,,,,,,,,,,,,,,,,,,,
455,robotics,Federated Learning,10,2025-06-18T13:59:18.064419,,,,,,,,,,,,,25.0,1.8728573322296143,cybersecurity,unknown,True,"Episode_25: 中間抽象度, 集約的 (dims: [106, 62, 379, 367, 71])",,,,,,,,,,,,,,,,,,,,,,,,,,,,,,,,,,,,,,,,,,
455,robotics,Federated Learning,10,2025-06-18T13:59:18.064419,,,,,,,,,,,,,,,,,,,35.0,1.8728573322296143,cybersecurity,unknown,True,"Episode_35: 中間抽象度, 集約的 (dims: [106, 62, 379, 367, 71])",,,,,,,,,,,,,,,,,,,,,,,,,,,,,,,,,,,,
455,robotics,Federated Learning,10,2025-06-18T13:59:18.064419,,,,,,,,,,,,,,,,,,,,,,,,,45.0,1.8728573322296143,cybersecurity,unknown,True,"Episode_45: 中間抽象度, 集約的 (dims: [106, 62, 379, 367, 71])",,,,,,,,,,,,,,,,,,,,,,,,,,,,,,
455,robotics,Federated Learning,10,2025-06-18T13:59:18.064419,,,,,,,,,,,,,,,,,,,,,,,,,,,,,,,55.0,1.8728573322296143,cybersecurity,unknown,True,"Episode_55: 中間抽象度, 集約的 (dims: [106, 62, 379, 367, 71])",,,,,,,,,,,,,,,,,,,,,,,,
455,robotics,Federated Learning,10,2025-06-18T13:59:18.064419,,,,,,,,,,,,,,,,,,,,,,,,,,,,,,,,,,,,,65.0,1.8728573322296143,cybersecurity,unknown,True,"Episode_65: 中間抽象度, 集約的 (dims: [106, 62, 379, 367, 71])",,,,,,,,,,,,,,,,,,
455,robotics,Federated Learning,10,2025-06-18T13:59:18.064419,,,,,,,,,,,,,,,,,,,,,,,,,,,,,,,,,,,,,,,,,,,75.0,1.8728573322296143,cybersecurity,unknown,True,"Episode_75: 中間抽象度, 集約的 (dims: [106, 62, 379, 367, 71])",,,,,,,,,,,,
455,robotics,Federated Learning,10,2025-06-18T13:59:18.064419,,,,,,,,,,,,,,,,,,,,,,,,,,,,,,,,,,,,,,,,,,,,,,,,,85.0,1.8728573322296143,cybersecurity,unknown,True,"Episode_85: 中間抽象度, 集約的 (dims: [106, 62, 379, 367, 71])",,,,,,
455,robotics,Federated Learning,10,2025-06-18T13:59:18.064419,,,,,,,,,,,,,,,,,,,,,,,,,,,,,,,,,,,,,,,,,,,,,,,,,,,,,,,95.0,1.8728573322296143,cybersecurity,unknown,True,"Episode_95: 中間抽象度, 集約的 (dims: [106, 62, 379, 367, 71])"
456,cybersecurity,Explainable AI,10,2025-06-18T13:59:18.110390,0.0,1.911033272743225,medical diagnosis,unknown,True,"Episode_0: 中間抽象度, 集約的 (dims: [13, 282, 58, 91, 281])",,,,,,,,,,,,,,,,,,,,,,,,,,,,,,,,,,,,,,,,,,,,,,,,,,,,,,
456,cybersecurity,Explainable AI,10,2025-06-18T13:59:18.110390,,,,,,,10.0,1.911033272743225,medical diagnosis,unknown,True,"Episode_10: 中間抽象度, 集約的 (dims: [13, 282, 58, 91, 281])",,,,,,,,,,,,,,,,,,,,,,,,,,,,,,,,,,,,,,,,,,,,,,,,
456,cybersecurity,Explainable AI,10,2025-06-18T13:59:18.110390,,,,,,,,,,,,,20.0,1.911033272743225,medical diagnosis,unknown,True,"Episode_20: 中間抽象度, 集約的 (dims: [13, 282, 58, 91, 281])",,,,,,,,,,,,,,,,,,,,,,,,,,,,,,,,,,,,,,,,,,
456,cybersecurity,Explainable AI,10,2025-06-18T13:59:18.110390,,,,,,,,,,,,,,,,,,,30.0,1.911033272743225,medical diagnosis,unknown,True,"Episode_30: 中間抽象度, 集約的 (dims: [13, 282, 58, 91, 281])",,,,,,,,,,,,,,,,,,,,,,,,,,,,,,,,,,,,
456,cybersecurity,Explainable AI,10,2025-06-18T13:59:18.110390,,,,,,,,,,,,,,,,,,,,,,,,,40.0,1.911033272743225,medical diagnosis,unknown,True,"Episode_40: 中間抽象度, 集約的 (dims: [13, 282, 58, 91, 281])",,,,,,,,,,,,,,,,,,,,,,,,,,,,,,
456,cybersecurity,Explainable AI,10,2025-06-18T13:59:18.110390,,,,,,,,,,,,,,,,,,,,,,,,,,,,,,,50.0,1.911033272743225,medical diagnosis,unknown,True,"Episode_50: 中間抽象度, 集約的 (dims: [13, 282, 58, 91, 281])",,,,,,,,,,,,,,,,,,,,,,,,
456,cybersecurity,Explainable AI,10,2025-06-18T13:59:18.110390,,,,,,,,,,,,,,,,,,,,,,,,,,,,,,,,,,,,,60.0,1.911033272743225,medical diagnosis,unknown,True,"Episode_60: 中間抽象度, 集約的 (dims: [13, 282, 58, 91, 281])",,,,,,,,,,,,,,,,,,
456,cybersecurity,Explainable AI,10,2025-06-18T13:59:18.110390,,,,,,,,,,,,,,,,,,,,,,,,,,,,,,,,,,,,,,,,,,,70.0,1.911033272743225,medical diagnosis,unknown,True,"Episode_70: 中間抽象度, 集約的 (dims: [13, 282, 58, 91, 281])",,,,,,,,,,,,
456,cybersecurity,Explainable AI,10,2025-06-18T13:59:18.110390,,,,,,,,,,,,,,,,,,,,,,,,,,,,,,,,,,,,,,,,,,,,,,,,,80.0,1.911033272743225,medical diagnosis,unknown,True,"Episode_80: 中間抽象度, 集約的 (dims: [13, 282, 58, 91, 281])",,,,,,
456,cybersecurity,Explainable AI,10,2025-06-18T13:59:18.110390,,,,,,,,,,,,,,,,,,,,,,,,,,,,,,,,,,,,,,,,,,,,,,,,,,,,,,,90.0,1.911033272743225,medical diagnosis,unknown,True,"Episode_90: 中間抽象度, 集約的 (dims: [13, 282, 58, 91, 281])"
457,climate modeling,Multimodal Learning,10,2025-06-18T13:59:18.156133,5.0,1.9013603925704956,cybersecurity,unknown,True,"Episode_5: 中間抽象度, 集約的 (dims: [106, 62, 379, 367, 71])",,,,,,,,,,,,,,,,,,,,,,,,,,,,,,,,,,,,,,,,,,,,,,,,,,,,,,
457,climate modeling,Multimodal Learning,10,2025-06-18T13:59:18.156133,,,,,,,15.0,1.9013603925704956,cybersecurity,unknown,True,"Episode_15: 中間抽象度, 集約的 (dims: [106, 62, 379, 367, 71])",,,,,,,,,,,,,,,,,,,,,,,,,,,,,,,,,,,,,,,,,,,,,,,,
457,climate modeling,Multimodal Learning,10,2025-06-18T13:59:18.156133,,,,,,,,,,,,,25.0,1.9013603925704956,cybersecurity,unknown,True,"Episode_25: 中間抽象度, 集約的 (dims: [106, 62, 379, 367, 71])",,,,,,,,,,,,,,,,,,,,,,,,,,,,,,,,,,,,,,,,,,
457,climate modeling,Multimodal Learning,10,2025-06-18T13:59:18.156133,,,,,,,,,,,,,,,,,,,35.0,1.9013603925704956,cybersecurity,unknown,True,"Episode_35: 中間抽象度, 集約的 (dims: [106, 62, 379, 367, 71])",,,,,,,,,,,,,,,,,,,,,,,,,,,,,,,,,,,,
457,climate modeling,Multimodal Learning,10,2025-06-18T13:59:18.156133,,,,,,,,,,,,,,,,,,,,,,,,,45.0,1.9013603925704956,cybersecurity,unknown,True,"Episode_45: 中間抽象度, 集約的 (dims: [106, 62, 379, 367, 71])",,,,,,,,,,,,,,,,,,,,,,,,,,,,,,
457,climate modeling,Multimodal Learning,10,2025-06-18T13:59:18.156133,,,,,,,,,,,,,,,,,,,,,,,,,,,,,,,55.0,1.9013603925704956,cybersecurity,unknown,True,"Episode_55: 中間抽象度, 集約的 (dims: [106, 62, 379, 367, 71])",,,,,,,,,,,,,,,,,,,,,,,,
457,climate modeling,Multimodal Learning,10,2025-06-18T13:59:18.156133,,,,,,,,,,,,,,,,,,,,,,,,,,,,,,,,,,,,,65.0,1.9013603925704956,cybersecurity,unknown,True,"Episode_65: 中間抽象度, 集約的 (dims: [106, 62, 379, 367, 71])",,,,,,,,,,,,,,,,,,
457,climate modeling,Multimodal Learning,10,2025-06-18T13:59:18.156133,,,,,,,,,,,,,,,,,,,,,,,,,,,,,,,,,,,,,,,,,,,75.0,1.9013603925704956,cybersecurity,unknown,True,"Episode_75: 中間抽象度, 集約的 (dims: [106, 62, 379, 367, 71])",,,,,,,,,,,,
457,climate modeling,Multimodal Learning,10,2025-06-18T13:59:18.156133,,,,,,,,,,,,,,,,,,,,,,,,,,,,,,,,,,,,,,,,,,,,,,,,,85.0,1.9013603925704956,cybersecurity,unknown,True,"Episode_85: 中間抽象度, 集約的 (dims: [106, 62, 379, 367, 71])",,,,,,
457,climate modeling,Multimodal Learning,10,2025-06-18T13:59:18.156133,,,,,,,,,,,,,,,,,,,,,,,,,,,,,,,,,,,,,,,,,,,,,,,,,,,,,,,95.0,1.9013603925704956,cybersecurity,unknown,True,"Episode_95: 中間抽象度, 集約的 (dims: [106, 62, 379, 367, 71])"
458,drug discovery,Few-shot Learning,10,2025-06-18T13:59:18.202870,0.0,1.9221811294555664,medical diagnosis,unknown,True,"Episode_0: 中間抽象度, 集約的 (dims: [13, 282, 58, 91, 281])",,,,,,,,,,,,,,,,,,,,,,,,,,,,,,,,,,,,,,,,,,,,,,,,,,,,,,
458,drug discovery,Few-shot Learning,10,2025-06-18T13:59:18.202870,,,,,,,10.0,1.9221811294555664,medical diagnosis,unknown,True,"Episode_10: 中間抽象度, 集約的 (dims: [13, 282, 58, 91, 281])",,,,,,,,,,,,,,,,,,,,,,,,,,,,,,,,,,,,,,,,,,,,,,,,
458,drug discovery,Few-shot Learning,10,2025-06-18T13:59:18.202870,,,,,,,,,,,,,20.0,1.9221811294555664,medical diagnosis,unknown,True,"Episode_20: 中間抽象度, 集約的 (dims: [13, 282, 58, 91, 281])",,,,,,,,,,,,,,,,,,,,,,,,,,,,,,,,,,,,,,,,,,
458,drug discovery,Few-shot Learning,10,2025-06-18T13:59:18.202870,,,,,,,,,,,,,,,,,,,30.0,1.9221811294555664,medical diagnosis,unknown,True,"Episode_30: 中間抽象度, 集約的 (dims: [13, 282, 58, 91, 281])",,,,,,,,,,,,,,,,,,,,,,,,,,,,,,,,,,,,
458,drug discovery,Few-shot Learning,10,2025-06-18T13:59:18.202870,,,,,,,,,,,,,,,,,,,,,,,,,40.0,1.9221811294555664,medical diagnosis,unknown,True,"Episode_40: 中間抽象度, 集約的 (dims: [13, 282, 58, 91, 281])",,,,,,,,,,,,,,,,,,,,,,,,,,,,,,
458,drug discovery,Few-shot Learning,10,2025-06-18T13:59:18.202870,,,,,,,,,,,,,,,,,,,,,,,,,,,,,,,50.0,1.9221811294555664,medical diagnosis,unknown,True,"Episode_50: 中間抽象度, 集約的 (dims: [13, 282, 58, 91, 281])",,,,,,,,,,,,,,,,,,,,,,,,
458,drug discovery,Few-shot Learning,10,2025-06-18T13:59:18.202870,,,,,,,,,,,,,,,,,,,,,,,,,,,,,,,,,,,,,60.0,1.9221811294555664,medical diagnosis,unknown,True,"Episode_60: 中間抽象度, 集約的 (dims: [13, 282, 58, 91, 281])",,,,,,,,,,,,,,,,,,
458,drug discovery,Few-shot Learning,10,2025-06-18T13:59:18.202870,,,,,,,,,,,,,,,,,,,,,,,,,,,,,,,,,,,,,,,,,,,70.0,1.9221811294555664,medical diagnosis,unknown,True,"Episode_70: 中間抽象度, 集約的 (dims: [13, 282, 58, 91, 281])",,,,,,,,,,,,
458,drug discovery,Few-shot Learning,10,2025-06-18T13:59:18.202870,,,,,,,,,,,,,,,,,,,,,,,,,,,,,,,,,,,,,,,,,,,,,,,,,80.0,1.9221811294555664,medical diagnosis,unknown,True,"Episode_80: 中間抽象度, 集約的 (dims: [13, 282, 58, 91, 281])",,,,,,
458,drug discovery,Few-shot Learning,10,2025-06-18T13:59:18.202870,,,,,,,,,,,,,,,,,,,,,,,,,,,,,,,,,,,,,,,,,,,,,,,,,,,,,,,90.0,1.9221811294555664,medical diagnosis,unknown,True,"Episode_90: 中間抽象度, 集約的 (dims: [13, 282, 58, 91, 281])"
459,financial prediction,Transfer Learning,10,2025-06-18T13:59:18.248048,0.0,1.9256962537765503,medical diagnosis,unknown,True,"Episode_0: 中間抽象度, 集約的 (dims: [13, 282, 58, 91, 281])",,,,,,,,,,,,,,,,,,,,,,,,,,,,,,,,,,,,,,,,,,,,,,,,,,,,,,
459,financial prediction,Transfer Learning,10,2025-06-18T13:59:18.248048,,,,,,,10.0,1.9256962537765503,medical diagnosis,unknown,True,"Episode_10: 中間抽象度, 集約的 (dims: [13, 282, 58, 91, 281])",,,,,,,,,,,,,,,,,,,,,,,,,,,,,,,,,,,,,,,,,,,,,,,,
459,financial prediction,Transfer Learning,10,2025-06-18T13:59:18.248048,,,,,,,,,,,,,20.0,1.9256962537765503,medical diagnosis,unknown,True,"Episode_20: 中間抽象度, 集約的 (dims: [13, 282, 58, 91, 281])",,,,,,,,,,,,,,,,,,,,,,,,,,,,,,,,,,,,,,,,,,
459,financial prediction,Transfer Learning,10,2025-06-18T13:59:18.248048,,,,,,,,,,,,,,,,,,,30.0,1.9256962537765503,medical diagnosis,unknown,True,"Episode_30: 中間抽象度, 集約的 (dims: [13, 282, 58, 91, 281])",,,,,,,,,,,,,,,,,,,,,,,,,,,,,,,,,,,,
459,financial prediction,Transfer Learning,10,2025-06-18T13:59:18.248048,,,,,,,,,,,,,,,,,,,,,,,,,40.0,1.9256962537765503,medical diagnosis,unknown,True,"Episode_40: 中間抽象度, 集約的 (dims: [13, 282, 58, 91, 281])",,,,,,,,,,,,,,,,,,,,,,,,,,,,,,
459,financial prediction,Transfer Learning,10,2025-06-18T13:59:18.248048,,,,,,,,,,,,,,,,,,,,,,,,,,,,,,,50.0,1.9256962537765503,medical diagnosis,unknown,True,"Episode_50: 中間抽象度, 集約的 (dims: [13, 282, 58, 91, 281])",,,,,,,,,,,,,,,,,,,,,,,,
459,financial prediction,Transfer Learning,10,2025-06-18T13:59:18.248048,,,,,,,,,,,,,,,,,,,,,,,,,,,,,,,,,,,,,60.0,1.9256962537765503,medical diagnosis,unknown,True,"Episode_60: 中間抽象度, 集約的 (dims: [13, 282, 58, 91, 281])",,,,,,,,,,,,,,,,,,
459,financial prediction,Transfer Learning,10,2025-06-18T13:59:18.248048,,,,,,,,,,,,,,,,,,,,,,,,,,,,,,,,,,,,,,,,,,,70.0,1.9256962537765503,medical diagnosis,unknown,True,"Episode_70: 中間抽象度, 集約的 (dims: [13, 282, 58, 91, 281])",,,,,,,,,,,,
459,financial prediction,Transfer Learning,10,2025-06-18T13:59:18.248048,,,,,,,,,,,,,,,,,,,,,,,,,,,,,,,,,,,,,,,,,,,,,,,,,80.0,1.9256962537765503,medical diagnosis,unknown,True,"Episode_80: 中間抽象度, 集約的 (dims: [13, 282, 58, 91, 281])",,,,,,
459,financial prediction,Transfer Learning,10,2025-06-18T13:59:18.248048,,,,,,,,,,,,,,,,,,,,,,,,,,,,,,,,,,,,,,,,,,,,,,,,,,,,,,,90.0,1.9256962537765503,medical diagnosis,unknown,True,"Episode_90: 中間抽象度, 集約的 (dims: [13, 282, 58, 91, 281])"
460,educational technology,Adversarial Machine Learning,10,2025-06-18T13:59:18.295464,0.0,1.928670048713684,medical diagnosis,unknown,True,"Episode_0: 中間抽象度, 集約的 (dims: [13, 282, 58, 91, 281])",,,,,,,,,,,,,,,,,,,,,,,,,,,,,,,,,,,,,,,,,,,,,,,,,,,,,,
460,educational technology,Adversarial Machine Learning,10,2025-06-18T13:59:18.295464,,,,,,,10.0,1.928670048713684,medical diagnosis,unknown,True,"Episode_10: 中間抽象度, 集約的 (dims: [13, 282, 58, 91, 281])",,,,,,,,,,,,,,,,,,,,,,,,,,,,,,,,,,,,,,,,,,,,,,,,
460,educational technology,Adversarial Machine Learning,10,2025-06-18T13:59:18.295464,,,,,,,,,,,,,20.0,1.928670048713684,medical diagnosis,unknown,True,"Episode_20: 中間抽象度, 集約的 (dims: [13, 282, 58, 91, 281])",,,,,,,,,,,,,,,,,,,,,,,,,,,,,,,,,,,,,,,,,,
460,educational technology,Adversarial Machine Learning,10,2025-06-18T13:59:18.295464,,,,,,,,,,,,,,,,,,,30.0,1.928670048713684,medical diagnosis,unknown,True,"Episode_30: 中間抽象度, 集約的 (dims: [13, 282, 58, 91, 281])",,,,,,,,,,,,,,,,,,,,,,,,,,,,,,,,,,,,
460,educational technology,Adversarial Machine Learning,10,2025-06-18T13:59:18.295464,,,,,,,,,,,,,,,,,,,,,,,,,40.0,1.928670048713684,medical diagnosis,unknown,True,"Episode_40: 中間抽象度, 集約的 (dims: [13, 282, 58, 91, 281])",,,,,,,,,,,,,,,,,,,,,,,,,,,,,,
460,educational technology,Adversarial Machine Learning,10,2025-06-18T13:59:18.295464,,,,,,,,,,,,,,,,,,,,,,,,,,,,,,,50.0,1.928670048713684,medical diagnosis,unknown,True,"Episode_50: 中間抽象度, 集約的 (dims: [13, 282, 58, 91, 281])",,,,,,,,,,,,,,,,,,,,,,,,
460,educational technology,Adversarial Machine Learning,10,2025-06-18T13:59:18.295464,,,,,,,,,,,,,,,,,,,,,,,,,,,,,,,,,,,,,60.0,1.928670048713684,medical diagnosis,unknown,True,"Episode_60: 中間抽象度, 集約的 (dims: [13, 282, 58, 91, 281])",,,,,,,,,,,,,,,,,,
460,educational technology,Adversarial Machine Learning,10,2025-06-18T13:59:18.295464,,,,,,,,,,,,,,,,,,,,,,,,,,,,,,,,,,,,,,,,,,,70.0,1.928670048713684,medical diagnosis,unknown,True,"Episode_70: 中間抽象度, 集約的 (dims: [13, 282, 58, 91, 281])",,,,,,,,,,,,
460,educational technology,Adversarial Machine Learning,10,2025-06-18T13:59:18.295464,,,,,,,,,,,,,,,,,,,,,,,,,,,,,,,,,,,,,,,,,,,,,,,,,80.0,1.928670048713684,medical diagnosis,unknown,True,"Episode_80: 中間抽象度, 集約的 (dims: [13, 282, 58, 91, 281])",,,,,,
460,educational technology,Adversarial Machine Learning,10,2025-06-18T13:59:18.295464,,,,,,,,,,,,,,,,,,,,,,,,,,,,,,,,,,,,,,,,,,,,,,,,,,,,,,,90.0,1.928670048713684,medical diagnosis,unknown,True,"Episode_90: 中間抽象度, 集約的 (dims: [13, 282, 58, 91, 281])"
461,medical diagnosis,Large Language Models,0,2025-06-18T13:59:18.342499,0.0,1.8874430656433105,medical diagnosis,unknown,False,"Episode_0: 中間抽象度, 集約的 (dims: [13, 282, 58, 91, 281])",,,,,,,,,,,,,,,,,,,,,,,,,,,,,,,,,,,,,,,,,,,,,,,,,,,,,,
461,medical diagnosis,Large Language Models,0,2025-06-18T13:59:18.342499,,,,,,,10.0,1.8874430656433105,medical diagnosis,unknown,False,"Episode_10: 中間抽象度, 集約的 (dims: [13, 282, 58, 91, 281])",,,,,,,,,,,,,,,,,,,,,,,,,,,,,,,,,,,,,,,,,,,,,,,,
461,medical diagnosis,Large Language Models,0,2025-06-18T13:59:18.342499,,,,,,,,,,,,,20.0,1.8874430656433105,medical diagnosis,unknown,False,"Episode_20: 中間抽象度, 集約的 (dims: [13, 282, 58, 91, 281])",,,,,,,,,,,,,,,,,,,,,,,,,,,,,,,,,,,,,,,,,,
461,medical diagnosis,Large Language Models,0,2025-06-18T13:59:18.342499,,,,,,,,,,,,,,,,,,,30.0,1.8874430656433105,medical diagnosis,unknown,False,"Episode_30: 中間抽象度, 集約的 (dims: [13, 282, 58, 91, 281])",,,,,,,,,,,,,,,,,,,,,,,,,,,,,,,,,,,,
461,medical diagnosis,Large Language Models,0,2025-06-18T13:59:18.342499,,,,,,,,,,,,,,,,,,,,,,,,,40.0,1.8874430656433105,medical diagnosis,unknown,False,"Episode_40: 中間抽象度, 集約的 (dims: [13, 282, 58, 91, 281])",,,,,,,,,,,,,,,,,,,,,,,,,,,,,,
461,medical diagnosis,Large Language Models,0,2025-06-18T13:59:18.342499,,,,,,,,,,,,,,,,,,,,,,,,,,,,,,,50.0,1.8874430656433105,medical diagnosis,unknown,False,"Episode_50: 中間抽象度, 集約的 (dims: [13, 282, 58, 91, 281])",,,,,,,,,,,,,,,,,,,,,,,,
461,medical diagnosis,Large Language Models,0,2025-06-18T13:59:18.342499,,,,,,,,,,,,,,,,,,,,,,,,,,,,,,,,,,,,,60.0,1.8874430656433105,medical diagnosis,unknown,False,"Episode_60: 中間抽象度, 集約的 (dims: [13, 282, 58, 91, 281])",,,,,,,,,,,,,,,,,,
461,medical diagnosis,Large Language Models,0,2025-06-18T13:59:18.342499,,,,,,,,,,,,,,,,,,,,,,,,,,,,,,,,,,,,,,,,,,,70.0,1.8874430656433105,medical diagnosis,unknown,False,"Episode_70: 中間抽象度, 集約的 (dims: [13, 282, 58, 91, 281])",,,,,,,,,,,,
461,medical diagnosis,Large Language Models,0,2025-06-18T13:59:18.342499,,,,,,,,,,,,,,,,,,,,,,,,,,,,,,,,,,,,,,,,,,,,,,,,,80.0,1.8874430656433105,medical diagnosis,unknown,False,"Episode_80: 中間抽象度, 集約的 (dims: [13, 282, 58, 91, 281])",,,,,,
461,medical diagnosis,Large Language Models,0,2025-06-18T13:59:18.342499,,,,,,,,,,,,,,,,,,,,,,,,,,,,,,,,,,,,,,,,,,,,,,,,,,,,,,,90.0,1.8874430656433105,medical diagnosis,unknown,False,"Episode_90: 中間抽象度, 集約的 (dims: [13, 282, 58, 91, 281])"
462,autonomous systems,Computer Vision,10,2025-06-18T13:59:18.386061,0.0,1.8768787384033203,medical diagnosis,unknown,True,"Episode_0: 中間抽象度, 集約的 (dims: [13, 282, 58, 91, 281])",,,,,,,,,,,,,,,,,,,,,,,,,,,,,,,,,,,,,,,,,,,,,,,,,,,,,,
462,autonomous systems,Computer Vision,10,2025-06-18T13:59:18.386061,,,,,,,10.0,1.8768787384033203,medical diagnosis,unknown,True,"Episode_10: 中間抽象度, 集約的 (dims: [13, 282, 58, 91, 281])",,,,,,,,,,,,,,,,,,,,,,,,,,,,,,,,,,,,,,,,,,,,,,,,
462,autonomous systems,Computer Vision,10,2025-06-18T13:59:18.386061,,,,,,,,,,,,,20.0,1.8768787384033203,medical diagnosis,unknown,True,"Episode_20: 中間抽象度, 集約的 (dims: [13, 282, 58, 91, 281])",,,,,,,,,,,,,,,,,,,,,,,,,,,,,,,,,,,,,,,,,,
462,autonomous systems,Computer Vision,10,2025-06-18T13:59:18.386061,,,,,,,,,,,,,,,,,,,30.0,1.8768787384033203,medical diagnosis,unknown,True,"Episode_30: 中間抽象度, 集約的 (dims: [13, 282, 58, 91, 281])",,,,,,,,,,,,,,,,,,,,,,,,,,,,,,,,,,,,
462,autonomous systems,Computer Vision,10,2025-06-18T13:59:18.386061,,,,,,,,,,,,,,,,,,,,,,,,,40.0,1.8768787384033203,medical diagnosis,unknown,True,"Episode_40: 中間抽象度, 集約的 (dims: [13, 282, 58, 91, 281])",,,,,,,,,,,,,,,,,,,,,,,,,,,,,,
462,autonomous systems,Computer Vision,10,2025-06-18T13:59:18.386061,,,,,,,,,,,,,,,,,,,,,,,,,,,,,,,50.0,1.8768787384033203,medical diagnosis,unknown,True,"Episode_50: 中間抽象度, 集約的 (dims: [13, 282, 58, 91, 281])",,,,,,,,,,,,,,,,,,,,,,,,
462,autonomous systems,Computer Vision,10,2025-06-18T13:59:18.386061,,,,,,,,,,,,,,,,,,,,,,,,,,,,,,,,,,,,,60.0,1.8768787384033203,medical diagnosis,unknown,True,"Episode_60: 中間抽象度, 集約的 (dims: [13, 282, 58, 91, 281])",,,,,,,,,,,,,,,,,,
462,autonomous systems,Computer Vision,10,2025-06-18T13:59:18.386061,,,,,,,,,,,,,,,,,,,,,,,,,,,,,,,,,,,,,,,,,,,70.0,1.8768787384033203,medical diagnosis,unknown,True,"Episode_70: 中間抽象度, 集約的 (dims: [13, 282, 58, 91, 281])",,,,,,,,,,,,
462,autonomous systems,Computer Vision,10,2025-06-18T13:59:18.386061,,,,,,,,,,,,,,,,,,,,,,,,,,,,,,,,,,,,,,,,,,,,,,,,,80.0,1.8768787384033203,medical diagnosis,unknown,True,"Episode_80: 中間抽象度, 集約的 (dims: [13, 282, 58, 91, 281])",,,,,,
462,autonomous systems,Computer Vision,10,2025-06-18T13:59:18.386061,,,,,,,,,,,,,,,,,,,,,,,,,,,,,,,,,,,,,,,,,,,,,,,,,,,,,,,90.0,1.8768787384033203,medical diagnosis,unknown,True,"Episode_90: 中間抽象度, 集約的 (dims: [13, 282, 58, 91, 281])"
463,natural language processing,Reinforcement Learning,10,2025-06-18T13:59:18.430239,5.0,1.8832250833511353,cybersecurity,unknown,True,"Episode_5: 中間抽象度, 集約的 (dims: [106, 62, 379, 367, 71])",,,,,,,,,,,,,,,,,,,,,,,,,,,,,,,,,,,,,,,,,,,,,,,,,,,,,,
463,natural language processing,Reinforcement Learning,10,2025-06-18T13:59:18.430239,,,,,,,15.0,1.8832250833511353,cybersecurity,unknown,True,"Episode_15: 中間抽象度, 集約的 (dims: [106, 62, 379, 367, 71])",,,,,,,,,,,,,,,,,,,,,,,,,,,,,,,,,,,,,,,,,,,,,,,,
463,natural language processing,Reinforcement Learning,10,2025-06-18T13:59:18.430239,,,,,,,,,,,,,25.0,1.8832250833511353,cybersecurity,unknown,True,"Episode_25: 中間抽象度, 集約的 (dims: [106, 62, 379, 367, 71])",,,,,,,,,,,,,,,,,,,,,,,,,,,,,,,,,,,,,,,,,,
463,natural language processing,Reinforcement Learning,10,2025-06-18T13:59:18.430239,,,,,,,,,,,,,,,,,,,35.0,1.8832250833511353,cybersecurity,unknown,True,"Episode_35: 中間抽象度, 集約的 (dims: [106, 62, 379, 367, 71])",,,,,,,,,,,,,,,,,,,,,,,,,,,,,,,,,,,,
463,natural language processing,Reinforcement Learning,10,2025-06-18T13:59:18.430239,,,,,,,,,,,,,,,,,,,,,,,,,45.0,1.8832250833511353,cybersecurity,unknown,True,"Episode_45: 中間抽象度, 集約的 (dims: [106, 62, 379, 367, 71])",,,,,,,,,,,,,,,,,,,,,,,,,,,,,,
463,natural language processing,Reinforcement Learning,10,2025-06-18T13:59:18.430239,,,,,,,,,,,,,,,,,,,,,,,,,,,,,,,55.0,1.8832250833511353,cybersecurity,unknown,True,"Episode_55: 中間抽象度, 集約的 (dims: [106, 62, 379, 367, 71])",,,,,,,,,,,,,,,,,,,,,,,,
463,natural language processing,Reinforcement Learning,10,2025-06-18T13:59:18.430239,,,,,,,,,,,,,,,,,,,,,,,,,,,,,,,,,,,,,65.0,1.8832250833511353,cybersecurity,unknown,True,"Episode_65: 中間抽象度, 集約的 (dims: [106, 62, 379, 367, 71])",,,,,,,,,,,,,,,,,,
463,natural language processing,Reinforcement Learning,10,2025-06-18T13:59:18.430239,,,,,,,,,,,,,,,,,,,,,,,,,,,,,,,,,,,,,,,,,,,75.0,1.8832250833511353,cybersecurity,unknown,True,"Episode_75: 中間抽象度, 集約的 (dims: [106, 62, 379, 367, 71])",,,,,,,,,,,,
463,natural language processing,Reinforcement Learning,10,2025-06-18T13:59:18.430239,,,,,,,,,,,,,,,,,,,,,,,,,,,,,,,,,,,,,,,,,,,,,,,,,85.0,1.8832250833511353,cybersecurity,unknown,True,"Episode_85: 中間抽象度, 集約的 (dims: [106, 62, 379, 367, 71])",,,,,,
463,natural language processing,Reinforcement Learning,10,2025-06-18T13:59:18.430239,,,,,,,,,,,,,,,,,,,,,,,,,,,,,,,,,,,,,,,,,,,,,,,,,,,,,,,95.0,1.8832250833511353,cybersecurity,unknown,True,"Episode_95: 中間抽象度, 集約的 (dims: [106, 62, 379, 367, 71])"
464,computer vision,Graph Neural Networks,10,2025-06-18T13:59:18.477372,0.0,1.894721269607544,medical diagnosis,unknown,True,"Episode_0: 中間抽象度, 集約的 (dims: [13, 282, 58, 91, 281])",,,,,,,,,,,,,,,,,,,,,,,,,,,,,,,,,,,,,,,,,,,,,,,,,,,,,,
464,computer vision,Graph Neural Networks,10,2025-06-18T13:59:18.477372,,,,,,,10.0,1.894721269607544,medical diagnosis,unknown,True,"Episode_10: 中間抽象度, 集約的 (dims: [13, 282, 58, 91, 281])",,,,,,,,,,,,,,,,,,,,,,,,,,,,,,,,,,,,,,,,,,,,,,,,
464,computer vision,Graph Neural Networks,10,2025-06-18T13:59:18.477372,,,,,,,,,,,,,20.0,1.894721269607544,medical diagnosis,unknown,True,"Episode_20: 中間抽象度, 集約的 (dims: [13, 282, 58, 91, 281])",,,,,,,,,,,,,,,,,,,,,,,,,,,,,,,,,,,,,,,,,,
464,computer vision,Graph Neural Networks,10,2025-06-18T13:59:18.477372,,,,,,,,,,,,,,,,,,,30.0,1.894721269607544,medical diagnosis,unknown,True,"Episode_30: 中間抽象度, 集約的 (dims: [13, 282, 58, 91, 281])",,,,,,,,,,,,,,,,,,,,,,,,,,,,,,,,,,,,
464,computer vision,Graph Neural Networks,10,2025-06-18T13:59:18.477372,,,,,,,,,,,,,,,,,,,,,,,,,40.0,1.894721269607544,medical diagnosis,unknown,True,"Episode_40: 中間抽象度, 集約的 (dims: [13, 282, 58, 91, 281])",,,,,,,,,,,,,,,,,,,,,,,,,,,,,,
464,computer vision,Graph Neural Networks,10,2025-06-18T13:59:18.477372,,,,,,,,,,,,,,,,,,,,,,,,,,,,,,,50.0,1.894721269607544,medical diagnosis,unknown,True,"Episode_50: 中間抽象度, 集約的 (dims: [13, 282, 58, 91, 281])",,,,,,,,,,,,,,,,,,,,,,,,
464,computer vision,Graph Neural Networks,10,2025-06-18T13:59:18.477372,,,,,,,,,,,,,,,,,,,,,,,,,,,,,,,,,,,,,60.0,1.894721269607544,medical diagnosis,unknown,True,"Episode_60: 中間抽象度, 集約的 (dims: [13, 282, 58, 91, 281])",,,,,,,,,,,,,,,,,,
464,computer vision,Graph Neural Networks,10,2025-06-18T13:59:18.477372,,,,,,,,,,,,,,,,,,,,,,,,,,,,,,,,,,,,,,,,,,,70.0,1.894721269607544,medical diagnosis,unknown,True,"Episode_70: 中間抽象度, 集約的 (dims: [13, 282, 58, 91, 281])",,,,,,,,,,,,
464,computer vision,Graph Neural Networks,10,2025-06-18T13:59:18.477372,,,,,,,,,,,,,,,,,,,,,,,,,,,,,,,,,,,,,,,,,,,,,,,,,80.0,1.894721269607544,medical diagnosis,unknown,True,"Episode_80: 中間抽象度, 集約的 (dims: [13, 282, 58, 91, 281])",,,,,,
464,computer vision,Graph Neural Networks,10,2025-06-18T13:59:18.477372,,,,,,,,,,,,,,,,,,,,,,,,,,,,,,,,,,,,,,,,,,,,,,,,,,,,,,,90.0,1.894721269607544,medical diagnosis,unknown,True,"Episode_90: 中間抽象度, 集約的 (dims: [13, 282, 58, 91, 281])"
465,robotics,Federated Learning,10,2025-06-18T13:59:18.524643,5.0,1.8728573322296143,cybersecurity,unknown,True,"Episode_5: 中間抽象度, 集約的 (dims: [106, 62, 379, 367, 71])",,,,,,,,,,,,,,,,,,,,,,,,,,,,,,,,,,,,,,,,,,,,,,,,,,,,,,
465,robotics,Federated Learning,10,2025-06-18T13:59:18.524643,,,,,,,15.0,1.8728573322296143,cybersecurity,unknown,True,"Episode_15: 中間抽象度, 集約的 (dims: [106, 62, 379, 367, 71])",,,,,,,,,,,,,,,,,,,,,,,,,,,,,,,,,,,,,,,,,,,,,,,,
465,robotics,Federated Learning,10,2025-06-18T13:59:18.524643,,,,,,,,,,,,,25.0,1.8728573322296143,cybersecurity,unknown,True,"Episode_25: 中間抽象度, 集約的 (dims: [106, 62, 379, 367, 71])",,,,,,,,,,,,,,,,,,,,,,,,,,,,,,,,,,,,,,,,,,
465,robotics,Federated Learning,10,2025-06-18T13:59:18.524643,,,,,,,,,,,,,,,,,,,35.0,1.8728573322296143,cybersecurity,unknown,True,"Episode_35: 中間抽象度, 集約的 (dims: [106, 62, 379, 367, 71])",,,,,,,,,,,,,,,,,,,,,,,,,,,,,,,,,,,,
465,robotics,Federated Learning,10,2025-06-18T13:59:18.524643,,,,,,,,,,,,,,,,,,,,,,,,,45.0,1.8728573322296143,cybersecurity,unknown,True,"Episode_45: 中間抽象度, 集約的 (dims: [106, 62, 379, 367, 71])",,,,,,,,,,,,,,,,,,,,,,,,,,,,,,
465,robotics,Federated Learning,10,2025-06-18T13:59:18.524643,,,,,,,,,,,,,,,,,,,,,,,,,,,,,,,55.0,1.8728573322296143,cybersecurity,unknown,True,"Episode_55: 中間抽象度, 集約的 (dims: [106, 62, 379, 367, 71])",,,,,,,,,,,,,,,,,,,,,,,,
465,robotics,Federated Learning,10,2025-06-18T13:59:18.524643,,,,,,,,,,,,,,,,,,,,,,,,,,,,,,,,,,,,,65.0,1.8728573322296143,cybersecurity,unknown,True,"Episode_65: 中間抽象度, 集約的 (dims: [106, 62, 379, 367, 71])",,,,,,,,,,,,,,,,,,
465,robotics,Federated Learning,10,2025-06-18T13:59:18.524643,,,,,,,,,,,,,,,,,,,,,,,,,,,,,,,,,,,,,,,,,,,75.0,1.8728573322296143,cybersecurity,unknown,True,"Episode_75: 中間抽象度, 集約的 (dims: [106, 62, 379, 367, 71])",,,,,,,,,,,,
465,robotics,Federated Learning,10,2025-06-18T13:59:18.524643,,,,,,,,,,,,,,,,,,,,,,,,,,,,,,,,,,,,,,,,,,,,,,,,,85.0,1.8728573322296143,cybersecurity,unknown,True,"Episode_85: 中間抽象度, 集約的 (dims: [106, 62, 379, 367, 71])",,,,,,
465,robotics,Federated Learning,10,2025-06-18T13:59:18.524643,,,,,,,,,,,,,,,,,,,,,,,,,,,,,,,,,,,,,,,,,,,,,,,,,,,,,,,95.0,1.8728573322296143,cybersecurity,unknown,True,"Episode_95: 中間抽象度, 集約的 (dims: [106, 62, 379, 367, 71])"
466,cybersecurity,Explainable AI,10,2025-06-18T13:59:18.575106,0.0,1.911033272743225,medical diagnosis,unknown,True,"Episode_0: 中間抽象度, 集約的 (dims: [13, 282, 58, 91, 281])",,,,,,,,,,,,,,,,,,,,,,,,,,,,,,,,,,,,,,,,,,,,,,,,,,,,,,
466,cybersecurity,Explainable AI,10,2025-06-18T13:59:18.575106,,,,,,,10.0,1.911033272743225,medical diagnosis,unknown,True,"Episode_10: 中間抽象度, 集約的 (dims: [13, 282, 58, 91, 281])",,,,,,,,,,,,,,,,,,,,,,,,,,,,,,,,,,,,,,,,,,,,,,,,
466,cybersecurity,Explainable AI,10,2025-06-18T13:59:18.575106,,,,,,,,,,,,,20.0,1.911033272743225,medical diagnosis,unknown,True,"Episode_20: 中間抽象度, 集約的 (dims: [13, 282, 58, 91, 281])",,,,,,,,,,,,,,,,,,,,,,,,,,,,,,,,,,,,,,,,,,
466,cybersecurity,Explainable AI,10,2025-06-18T13:59:18.575106,,,,,,,,,,,,,,,,,,,30.0,1.911033272743225,medical diagnosis,unknown,True,"Episode_30: 中間抽象度, 集約的 (dims: [13, 282, 58, 91, 281])",,,,,,,,,,,,,,,,,,,,,,,,,,,,,,,,,,,,
466,cybersecurity,Explainable AI,10,2025-06-18T13:59:18.575106,,,,,,,,,,,,,,,,,,,,,,,,,40.0,1.911033272743225,medical diagnosis,unknown,True,"Episode_40: 中間抽象度, 集約的 (dims: [13, 282, 58, 91, 281])",,,,,,,,,,,,,,,,,,,,,,,,,,,,,,
466,cybersecurity,Explainable AI,10,2025-06-18T13:59:18.575106,,,,,,,,,,,,,,,,,,,,,,,,,,,,,,,50.0,1.911033272743225,medical diagnosis,unknown,True,"Episode_50: 中間抽象度, 集約的 (dims: [13, 282, 58, 91, 281])",,,,,,,,,,,,,,,,,,,,,,,,
466,cybersecurity,Explainable AI,10,2025-06-18T13:59:18.575106,,,,,,,,,,,,,,,,,,,,,,,,,,,,,,,,,,,,,60.0,1.911033272743225,medical diagnosis,unknown,True,"Episode_60: 中間抽象度, 集約的 (dims: [13, 282, 58, 91, 281])",,,,,,,,,,,,,,,,,,
466,cybersecurity,Explainable AI,10,2025-06-18T13:59:18.575106,,,,,,,,,,,,,,,,,,,,,,,,,,,,,,,,,,,,,,,,,,,70.0,1.911033272743225,medical diagnosis,unknown,True,"Episode_70: 中間抽象度, 集約的 (dims: [13, 282, 58, 91, 281])",,,,,,,,,,,,
466,cybersecurity,Explainable AI,10,2025-06-18T13:59:18.575106,,,,,,,,,,,,,,,,,,,,,,,,,,,,,,,,,,,,,,,,,,,,,,,,,80.0,1.911033272743225,medical diagnosis,unknown,True,"Episode_80: 中間抽象度, 集約的 (dims: [13, 282, 58, 91, 281])",,,,,,
466,cybersecurity,Explainable AI,10,2025-06-18T13:59:18.575106,,,,,,,,,,,,,,,,,,,,,,,,,,,,,,,,,,,,,,,,,,,,,,,,,,,,,,,90.0,1.911033272743225,medical diagnosis,unknown,True,"Episode_90: 中間抽象度, 集約的 (dims: [13, 282, 58, 91, 281])"
467,climate modeling,Multimodal Learning,10,2025-06-18T13:59:18.625970,5.0,1.9013603925704956,cybersecurity,unknown,True,"Episode_5: 中間抽象度, 集約的 (dims: [106, 62, 379, 367, 71])",,,,,,,,,,,,,,,,,,,,,,,,,,,,,,,,,,,,,,,,,,,,,,,,,,,,,,
467,climate modeling,Multimodal Learning,10,2025-06-18T13:59:18.625970,,,,,,,15.0,1.9013603925704956,cybersecurity,unknown,True,"Episode_15: 中間抽象度, 集約的 (dims: [106, 62, 379, 367, 71])",,,,,,,,,,,,,,,,,,,,,,,,,,,,,,,,,,,,,,,,,,,,,,,,
467,climate modeling,Multimodal Learning,10,2025-06-18T13:59:18.625970,,,,,,,,,,,,,25.0,1.9013603925704956,cybersecurity,unknown,True,"Episode_25: 中間抽象度, 集約的 (dims: [106, 62, 379, 367, 71])",,,,,,,,,,,,,,,,,,,,,,,,,,,,,,,,,,,,,,,,,,
467,climate modeling,Multimodal Learning,10,2025-06-18T13:59:18.625970,,,,,,,,,,,,,,,,,,,35.0,1.9013603925704956,cybersecurity,unknown,True,"Episode_35: 中間抽象度, 集約的 (dims: [106, 62, 379, 367, 71])",,,,,,,,,,,,,,,,,,,,,,,,,,,,,,,,,,,,
467,climate modeling,Multimodal Learning,10,2025-06-18T13:59:18.625970,,,,,,,,,,,,,,,,,,,,,,,,,45.0,1.9013603925704956,cybersecurity,unknown,True,"Episode_45: 中間抽象度, 集約的 (dims: [106, 62, 379, 367, 71])",,,,,,,,,,,,,,,,,,,,,,,,,,,,,,
467,climate modeling,Multimodal Learning,10,2025-06-18T13:59:18.625970,,,,,,,,,,,,,,,,,,,,,,,,,,,,,,,55.0,1.9013603925704956,cybersecurity,unknown,True,"Episode_55: 中間抽象度, 集約的 (dims: [106, 62, 379, 367, 71])",,,,,,,,,,,,,,,,,,,,,,,,
467,climate modeling,Multimodal Learning,10,2025-06-18T13:59:18.625970,,,,,,,,,,,,,,,,,,,,,,,,,,,,,,,,,,,,,65.0,1.9013603925704956,cybersecurity,unknown,True,"Episode_65: 中間抽象度, 集約的 (dims: [106, 62, 379, 367, 71])",,,,,,,,,,,,,,,,,,
467,climate modeling,Multimodal Learning,10,2025-06-18T13:59:18.625970,,,,,,,,,,,,,,,,,,,,,,,,,,,,,,,,,,,,,,,,,,,75.0,1.9013603925704956,cybersecurity,unknown,True,"Episode_75: 中間抽象度, 集約的 (dims: [106, 62, 379, 367, 71])",,,,,,,,,,,,
467,climate modeling,Multimodal Learning,10,2025-06-18T13:59:18.625970,,,,,,,,,,,,,,,,,,,,,,,,,,,,,,,,,,,,,,,,,,,,,,,,,85.0,1.9013603925704956,cybersecurity,unknown,True,"Episode_85: 中間抽象度, 集約的 (dims: [106, 62, 379, 367, 71])",,,,,,
467,climate modeling,Multimodal Learning,10,2025-06-18T13:59:18.625970,,,,,,,,,,,,,,,,,,,,,,,,,,,,,,,,,,,,,,,,,,,,,,,,,,,,,,,95.0,1.9013603925704956,cybersecurity,unknown,True,"Episode_95: 中間抽象度, 集約的 (dims: [106, 62, 379, 367, 71])"
468,drug discovery,Few-shot Learning,10,2025-06-18T13:59:18.677665,0.0,1.9221811294555664,medical diagnosis,unknown,True,"Episode_0: 中間抽象度, 集約的 (dims: [13, 282, 58, 91, 281])",,,,,,,,,,,,,,,,,,,,,,,,,,,,,,,,,,,,,,,,,,,,,,,,,,,,,,
468,drug discovery,Few-shot Learning,10,2025-06-18T13:59:18.677665,,,,,,,10.0,1.9221811294555664,medical diagnosis,unknown,True,"Episode_10: 中間抽象度, 集約的 (dims: [13, 282, 58, 91, 281])",,,,,,,,,,,,,,,,,,,,,,,,,,,,,,,,,,,,,,,,,,,,,,,,
468,drug discovery,Few-shot Learning,10,2025-06-18T13:59:18.677665,,,,,,,,,,,,,20.0,1.9221811294555664,medical diagnosis,unknown,True,"Episode_20: 中間抽象度, 集約的 (dims: [13, 282, 58, 91, 281])",,,,,,,,,,,,,,,,,,,,,,,,,,,,,,,,,,,,,,,,,,
468,drug discovery,Few-shot Learning,10,2025-06-18T13:59:18.677665,,,,,,,,,,,,,,,,,,,30.0,1.9221811294555664,medical diagnosis,unknown,True,"Episode_30: 中間抽象度, 集約的 (dims: [13, 282, 58, 91, 281])",,,,,,,,,,,,,,,,,,,,,,,,,,,,,,,,,,,,
468,drug discovery,Few-shot Learning,10,2025-06-18T13:59:18.677665,,,,,,,,,,,,,,,,,,,,,,,,,40.0,1.9221811294555664,medical diagnosis,unknown,True,"Episode_40: 中間抽象度, 集約的 (dims: [13, 282, 58, 91, 281])",,,,,,,,,,,,,,,,,,,,,,,,,,,,,,
468,drug discovery,Few-shot Learning,10,2025-06-18T13:59:18.677665,,,,,,,,,,,,,,,,,,,,,,,,,,,,,,,50.0,1.9221811294555664,medical diagnosis,unknown,True,"Episode_50: 中間抽象度, 集約的 (dims: [13, 282, 58, 91, 281])",,,,,,,,,,,,,,,,,,,,,,,,
468,drug discovery,Few-shot Learning,10,2025-06-18T13:59:18.677665,,,,,,,,,,,,,,,,,,,,,,,,,,,,,,,,,,,,,60.0,1.9221811294555664,medical diagnosis,unknown,True,"Episode_60: 中間抽象度, 集約的 (dims: [13, 282, 58, 91, 281])",,,,,,,,,,,,,,,,,,
468,drug discovery,Few-shot Learning,10,2025-06-18T13:59:18.677665,,,,,,,,,,,,,,,,,,,,,,,,,,,,,,,,,,,,,,,,,,,70.0,1.9221811294555664,medical diagnosis,unknown,True,"Episode_70: 中間抽象度, 集約的 (dims: [13, 282, 58, 91, 281])",,,,,,,,,,,,
468,drug discovery,Few-shot Learning,10,2025-06-18T13:59:18.677665,,,,,,,,,,,,,,,,,,,,,,,,,,,,,,,,,,,,,,,,,,,,,,,,,80.0,1.9221811294555664,medical diagnosis,unknown,True,"Episode_80: 中間抽象度, 集約的 (dims: [13, 282, 58, 91, 281])",,,,,,
468,drug discovery,Few-shot Learning,10,2025-06-18T13:59:18.677665,,,,,,,,,,,,,,,,,,,,,,,,,,,,,,,,,,,,,,,,,,,,,,,,,,,,,,,90.0,1.9221811294555664,medical diagnosis,unknown,True,"Episode_90: 中間抽象度, 集約的 (dims: [13, 282, 58, 91, 281])"
469,financial prediction,Transfer Learning,10,2025-06-18T13:59:18.727656,0.0,1.9256962537765503,medical diagnosis,unknown,True,"Episode_0: 中間抽象度, 集約的 (dims: [13, 282, 58, 91, 281])",,,,,,,,,,,,,,,,,,,,,,,,,,,,,,,,,,,,,,,,,,,,,,,,,,,,,,
469,financial prediction,Transfer Learning,10,2025-06-18T13:59:18.727656,,,,,,,10.0,1.9256962537765503,medical diagnosis,unknown,True,"Episode_10: 中間抽象度, 集約的 (dims: [13, 282, 58, 91, 281])",,,,,,,,,,,,,,,,,,,,,,,,,,,,,,,,,,,,,,,,,,,,,,,,
469,financial prediction,Transfer Learning,10,2025-06-18T13:59:18.727656,,,,,,,,,,,,,20.0,1.9256962537765503,medical diagnosis,unknown,True,"Episode_20: 中間抽象度, 集約的 (dims: [13, 282, 58, 91, 281])",,,,,,,,,,,,,,,,,,,,,,,,,,,,,,,,,,,,,,,,,,
469,financial prediction,Transfer Learning,10,2025-06-18T13:59:18.727656,,,,,,,,,,,,,,,,,,,30.0,1.9256962537765503,medical diagnosis,unknown,True,"Episode_30: 中間抽象度, 集約的 (dims: [13, 282, 58, 91, 281])",,,,,,,,,,,,,,,,,,,,,,,,,,,,,,,,,,,,
469,financial prediction,Transfer Learning,10,2025-06-18T13:59:18.727656,,,,,,,,,,,,,,,,,,,,,,,,,40.0,1.9256962537765503,medical diagnosis,unknown,True,"Episode_40: 中間抽象度, 集約的 (dims: [13, 282, 58, 91, 281])",,,,,,,,,,,,,,,,,,,,,,,,,,,,,,
469,financial prediction,Transfer Learning,10,2025-06-18T13:59:18.727656,,,,,,,,,,,,,,,,,,,,,,,,,,,,,,,50.0,1.9256962537765503,medical diagnosis,unknown,True,"Episode_50: 中間抽象度, 集約的 (dims: [13, 282, 58, 91, 281])",,,,,,,,,,,,,,,,,,,,,,,,
469,financial prediction,Transfer Learning,10,2025-06-18T13:59:18.727656,,,,,,,,,,,,,,,,,,,,,,,,,,,,,,,,,,,,,60.0,1.9256962537765503,medical diagnosis,unknown,True,"Episode_60: 中間抽象度, 集約的 (dims: [13, 282, 58, 91, 281])",,,,,,,,,,,,,,,,,,
469,financial prediction,Transfer Learning,10,2025-06-18T13:59:18.727656,,,,,,,,,,,,,,,,,,,,,,,,,,,,,,,,,,,,,,,,,,,70.0,1.9256962537765503,medical diagnosis,unknown,True,"Episode_70: 中間抽象度, 集約的 (dims: [13, 282, 58, 91, 281])",,,,,,,,,,,,
469,financial prediction,Transfer Learning,10,2025-06-18T13:59:18.727656,,,,,,,,,,,,,,,,,,,,,,,,,,,,,,,,,,,,,,,,,,,,,,,,,80.0,1.9256962537765503,medical diagnosis,unknown,True,"Episode_80: 中間抽象度, 集約的 (dims: [13, 282, 58, 91, 281])",,,,,,
469,financial prediction,Transfer Learning,10,2025-06-18T13:59:18.727656,,,,,,,,,,,,,,,,,,,,,,,,,,,,,,,,,,,,,,,,,,,,,,,,,,,,,,,90.0,1.9256962537765503,medical diagnosis,unknown,True,"Episode_90: 中間抽象度, 集約的 (dims: [13, 282, 58, 91, 281])"
470,educational technology,Adversarial Machine Learning,10,2025-06-18T13:59:18.774910,0.0,1.928670048713684,medical diagnosis,unknown,True,"Episode_0: 中間抽象度, 集約的 (dims: [13, 282, 58, 91, 281])",,,,,,,,,,,,,,,,,,,,,,,,,,,,,,,,,,,,,,,,,,,,,,,,,,,,,,
470,educational technology,Adversarial Machine Learning,10,2025-06-18T13:59:18.774910,,,,,,,10.0,1.928670048713684,medical diagnosis,unknown,True,"Episode_10: 中間抽象度, 集約的 (dims: [13, 282, 58, 91, 281])",,,,,,,,,,,,,,,,,,,,,,,,,,,,,,,,,,,,,,,,,,,,,,,,
470,educational technology,Adversarial Machine Learning,10,2025-06-18T13:59:18.774910,,,,,,,,,,,,,20.0,1.928670048713684,medical diagnosis,unknown,True,"Episode_20: 中間抽象度, 集約的 (dims: [13, 282, 58, 91, 281])",,,,,,,,,,,,,,,,,,,,,,,,,,,,,,,,,,,,,,,,,,
470,educational technology,Adversarial Machine Learning,10,2025-06-18T13:59:18.774910,,,,,,,,,,,,,,,,,,,30.0,1.928670048713684,medical diagnosis,unknown,True,"Episode_30: 中間抽象度, 集約的 (dims: [13, 282, 58, 91, 281])",,,,,,,,,,,,,,,,,,,,,,,,,,,,,,,,,,,,
470,educational technology,Adversarial Machine Learning,10,2025-06-18T13:59:18.774910,,,,,,,,,,,,,,,,,,,,,,,,,40.0,1.928670048713684,medical diagnosis,unknown,True,"Episode_40: 中間抽象度, 集約的 (dims: [13, 282, 58, 91, 281])",,,,,,,,,,,,,,,,,,,,,,,,,,,,,,
470,educational technology,Adversarial Machine Learning,10,2025-06-18T13:59:18.774910,,,,,,,,,,,,,,,,,,,,,,,,,,,,,,,50.0,1.928670048713684,medical diagnosis,unknown,True,"Episode_50: 中間抽象度, 集約的 (dims: [13, 282, 58, 91, 281])",,,,,,,,,,,,,,,,,,,,,,,,
470,educational technology,Adversarial Machine Learning,10,2025-06-18T13:59:18.774910,,,,,,,,,,,,,,,,,,,,,,,,,,,,,,,,,,,,,60.0,1.928670048713684,medical diagnosis,unknown,True,"Episode_60: 中間抽象度, 集約的 (dims: [13, 282, 58, 91, 281])",,,,,,,,,,,,,,,,,,
470,educational technology,Adversarial Machine Learning,10,2025-06-18T13:59:18.774910,,,,,,,,,,,,,,,,,,,,,,,,,,,,,,,,,,,,,,,,,,,70.0,1.928670048713684,medical diagnosis,unknown,True,"Episode_70: 中間抽象度, 集約的 (dims: [13, 282, 58, 91, 281])",,,,,,,,,,,,
470,educational technology,Adversarial Machine Learning,10,2025-06-18T13:59:18.774910,,,,,,,,,,,,,,,,,,,,,,,,,,,,,,,,,,,,,,,,,,,,,,,,,80.0,1.928670048713684,medical diagnosis,unknown,True,"Episode_80: 中間抽象度, 集約的 (dims: [13, 282, 58, 91, 281])",,,,,,
470,educational technology,Adversarial Machine Learning,10,2025-06-18T13:59:18.774910,,,,,,,,,,,,,,,,,,,,,,,,,,,,,,,,,,,,,,,,,,,,,,,,,,,,,,,90.0,1.928670048713684,medical diagnosis,unknown,True,"Episode_90: 中間抽象度, 集約的 (dims: [13, 282, 58, 91, 281])"
471,medical diagnosis,Large Language Models,0,2025-06-18T13:59:18.823032,0.0,1.8874430656433105,medical diagnosis,unknown,False,"Episode_0: 中間抽象度, 集約的 (dims: [13, 282, 58, 91, 281])",,,,,,,,,,,,,,,,,,,,,,,,,,,,,,,,,,,,,,,,,,,,,,,,,,,,,,
471,medical diagnosis,Large Language Models,0,2025-06-18T13:59:18.823032,,,,,,,10.0,1.8874430656433105,medical diagnosis,unknown,False,"Episode_10: 中間抽象度, 集約的 (dims: [13, 282, 58, 91, 281])",,,,,,,,,,,,,,,,,,,,,,,,,,,,,,,,,,,,,,,,,,,,,,,,
471,medical diagnosis,Large Language Models,0,2025-06-18T13:59:18.823032,,,,,,,,,,,,,20.0,1.8874430656433105,medical diagnosis,unknown,False,"Episode_20: 中間抽象度, 集約的 (dims: [13, 282, 58, 91, 281])",,,,,,,,,,,,,,,,,,,,,,,,,,,,,,,,,,,,,,,,,,
471,medical diagnosis,Large Language Models,0,2025-06-18T13:59:18.823032,,,,,,,,,,,,,,,,,,,30.0,1.8874430656433105,medical diagnosis,unknown,False,"Episode_30: 中間抽象度, 集約的 (dims: [13, 282, 58, 91, 281])",,,,,,,,,,,,,,,,,,,,,,,,,,,,,,,,,,,,
471,medical diagnosis,Large Language Models,0,2025-06-18T13:59:18.823032,,,,,,,,,,,,,,,,,,,,,,,,,40.0,1.8874430656433105,medical diagnosis,unknown,False,"Episode_40: 中間抽象度, 集約的 (dims: [13, 282, 58, 91, 281])",,,,,,,,,,,,,,,,,,,,,,,,,,,,,,
471,medical diagnosis,Large Language Models,0,2025-06-18T13:59:18.823032,,,,,,,,,,,,,,,,,,,,,,,,,,,,,,,50.0,1.8874430656433105,medical diagnosis,unknown,False,"Episode_50: 中間抽象度, 集約的 (dims: [13, 282, 58, 91, 281])",,,,,,,,,,,,,,,,,,,,,,,,
471,medical diagnosis,Large Language Models,0,2025-06-18T13:59:18.823032,,,,,,,,,,,,,,,,,,,,,,,,,,,,,,,,,,,,,60.0,1.8874430656433105,medical diagnosis,unknown,False,"Episode_60: 中間抽象度, 集約的 (dims: [13, 282, 58, 91, 281])",,,,,,,,,,,,,,,,,,
471,medical diagnosis,Large Language Models,0,2025-06-18T13:59:18.823032,,,,,,,,,,,,,,,,,,,,,,,,,,,,,,,,,,,,,,,,,,,70.0,1.8874430656433105,medical diagnosis,unknown,False,"Episode_70: 中間抽象度, 集約的 (dims: [13, 282, 58, 91, 281])",,,,,,,,,,,,
471,medical diagnosis,Large Language Models,0,2025-06-18T13:59:18.823032,,,,,,,,,,,,,,,,,,,,,,,,,,,,,,,,,,,,,,,,,,,,,,,,,80.0,1.8874430656433105,medical diagnosis,unknown,False,"Episode_80: 中間抽象度, 集約的 (dims: [13, 282, 58, 91, 281])",,,,,,
471,medical diagnosis,Large Language Models,0,2025-06-18T13:59:18.823032,,,,,,,,,,,,,,,,,,,,,,,,,,,,,,,,,,,,,,,,,,,,,,,,,,,,,,,90.0,1.8874430656433105,medical diagnosis,unknown,False,"Episode_90: 中間抽象度, 集約的 (dims: [13, 282, 58, 91, 281])"
472,autonomous systems,Computer Vision,10,2025-06-18T13:59:18.868210,0.0,1.8768787384033203,medical diagnosis,unknown,True,"Episode_0: 中間抽象度, 集約的 (dims: [13, 282, 58, 91, 281])",,,,,,,,,,,,,,,,,,,,,,,,,,,,,,,,,,,,,,,,,,,,,,,,,,,,,,
472,autonomous systems,Computer Vision,10,2025-06-18T13:59:18.868210,,,,,,,10.0,1.8768787384033203,medical diagnosis,unknown,True,"Episode_10: 中間抽象度, 集約的 (dims: [13, 282, 58, 91, 281])",,,,,,,,,,,,,,,,,,,,,,,,,,,,,,,,,,,,,,,,,,,,,,,,
472,autonomous systems,Computer Vision,10,2025-06-18T13:59:18.868210,,,,,,,,,,,,,20.0,1.8768787384033203,medical diagnosis,unknown,True,"Episode_20: 中間抽象度, 集約的 (dims: [13, 282, 58, 91, 281])",,,,,,,,,,,,,,,,,,,,,,,,,,,,,,,,,,,,,,,,,,
472,autonomous systems,Computer Vision,10,2025-06-18T13:59:18.868210,,,,,,,,,,,,,,,,,,,30.0,1.8768787384033203,medical diagnosis,unknown,True,"Episode_30: 中間抽象度, 集約的 (dims: [13, 282, 58, 91, 281])",,,,,,,,,,,,,,,,,,,,,,,,,,,,,,,,,,,,
472,autonomous systems,Computer Vision,10,2025-06-18T13:59:18.868210,,,,,,,,,,,,,,,,,,,,,,,,,40.0,1.8768787384033203,medical diagnosis,unknown,True,"Episode_40: 中間抽象度, 集約的 (dims: [13, 282, 58, 91, 281])",,,,,,,,,,,,,,,,,,,,,,,,,,,,,,
472,autonomous systems,Computer Vision,10,2025-06-18T13:59:18.868210,,,,,,,,,,,,,,,,,,,,,,,,,,,,,,,50.0,1.8768787384033203,medical diagnosis,unknown,True,"Episode_50: 中間抽象度, 集約的 (dims: [13, 282, 58, 91, 281])",,,,,,,,,,,,,,,,,,,,,,,,
472,autonomous systems,Computer Vision,10,2025-06-18T13:59:18.868210,,,,,,,,,,,,,,,,,,,,,,,,,,,,,,,,,,,,,60.0,1.8768787384033203,medical diagnosis,unknown,True,"Episode_60: 中間抽象度, 集約的 (dims: [13, 282, 58, 91, 281])",,,,,,,,,,,,,,,,,,
472,autonomous systems,Computer Vision,10,2025-06-18T13:59:18.868210,,,,,,,,,,,,,,,,,,,,,,,,,,,,,,,,,,,,,,,,,,,70.0,1.8768787384033203,medical diagnosis,unknown,True,"Episode_70: 中間抽象度, 集約的 (dims: [13, 282, 58, 91, 281])",,,,,,,,,,,,
472,autonomous systems,Computer Vision,10,2025-06-18T13:59:18.868210,,,,,,,,,,,,,,,,,,,,,,,,,,,,,,,,,,,,,,,,,,,,,,,,,80.0,1.8768787384033203,medical diagnosis,unknown,True,"Episode_80: 中間抽象度, 集約的 (dims: [13, 282, 58, 91, 281])",,,,,,
472,autonomous systems,Computer Vision,10,2025-06-18T13:59:18.868210,,,,,,,,,,,,,,,,,,,,,,,,,,,,,,,,,,,,,,,,,,,,,,,,,,,,,,,90.0,1.8768787384033203,medical diagnosis,unknown,True,"Episode_90: 中間抽象度, 集約的 (dims: [13, 282, 58, 91, 281])"
473,natural language processing,Reinforcement Learning,10,2025-06-18T13:59:18.912580,5.0,1.8832250833511353,cybersecurity,unknown,True,"Episode_5: 中間抽象度, 集約的 (dims: [106, 62, 379, 367, 71])",,,,,,,,,,,,,,,,,,,,,,,,,,,,,,,,,,,,,,,,,,,,,,,,,,,,,,
473,natural language processing,Reinforcement Learning,10,2025-06-18T13:59:18.912580,,,,,,,15.0,1.8832250833511353,cybersecurity,unknown,True,"Episode_15: 中間抽象度, 集約的 (dims: [106, 62, 379, 367, 71])",,,,,,,,,,,,,,,,,,,,,,,,,,,,,,,,,,,,,,,,,,,,,,,,
473,natural language processing,Reinforcement Learning,10,2025-06-18T13:59:18.912580,,,,,,,,,,,,,25.0,1.8832250833511353,cybersecurity,unknown,True,"Episode_25: 中間抽象度, 集約的 (dims: [106, 62, 379, 367, 71])",,,,,,,,,,,,,,,,,,,,,,,,,,,,,,,,,,,,,,,,,,
473,natural language processing,Reinforcement Learning,10,2025-06-18T13:59:18.912580,,,,,,,,,,,,,,,,,,,35.0,1.8832250833511353,cybersecurity,unknown,True,"Episode_35: 中間抽象度, 集約的 (dims: [106, 62, 379, 367, 71])",,,,,,,,,,,,,,,,,,,,,,,,,,,,,,,,,,,,
473,natural language processing,Reinforcement Learning,10,2025-06-18T13:59:18.912580,,,,,,,,,,,,,,,,,,,,,,,,,45.0,1.8832250833511353,cybersecurity,unknown,True,"Episode_45: 中間抽象度, 集約的 (dims: [106, 62, 379, 367, 71])",,,,,,,,,,,,,,,,,,,,,,,,,,,,,,
473,natural language processing,Reinforcement Learning,10,2025-06-18T13:59:18.912580,,,,,,,,,,,,,,,,,,,,,,,,,,,,,,,55.0,1.8832250833511353,cybersecurity,unknown,True,"Episode_55: 中間抽象度, 集約的 (dims: [106, 62, 379, 367, 71])",,,,,,,,,,,,,,,,,,,,,,,,
473,natural language processing,Reinforcement Learning,10,2025-06-18T13:59:18.912580,,,,,,,,,,,,,,,,,,,,,,,,,,,,,,,,,,,,,65.0,1.8832250833511353,cybersecurity,unknown,True,"Episode_65: 中間抽象度, 集約的 (dims: [106, 62, 379, 367, 71])",,,,,,,,,,,,,,,,,,
473,natural language processing,Reinforcement Learning,10,2025-06-18T13:59:18.912580,,,,,,,,,,,,,,,,,,,,,,,,,,,,,,,,,,,,,,,,,,,75.0,1.8832250833511353,cybersecurity,unknown,True,"Episode_75: 中間抽象度, 集約的 (dims: [106, 62, 379, 367, 71])",,,,,,,,,,,,
473,natural language processing,Reinforcement Learning,10,2025-06-18T13:59:18.912580,,,,,,,,,,,,,,,,,,,,,,,,,,,,,,,,,,,,,,,,,,,,,,,,,85.0,1.8832250833511353,cybersecurity,unknown,True,"Episode_85: 中間抽象度, 集約的 (dims: [106, 62, 379, 367, 71])",,,,,,
473,natural language processing,Reinforcement Learning,10,2025-06-18T13:59:18.912580,,,,,,,,,,,,,,,,,,,,,,,,,,,,,,,,,,,,,,,,,,,,,,,,,,,,,,,95.0,1.8832250833511353,cybersecurity,unknown,True,"Episode_95: 中間抽象度, 集約的 (dims: [106, 62, 379, 367, 71])"
474,computer vision,Graph Neural Networks,10,2025-06-18T13:59:18.957579,0.0,1.894721269607544,medical diagnosis,unknown,True,"Episode_0: 中間抽象度, 集約的 (dims: [13, 282, 58, 91, 281])",,,,,,,,,,,,,,,,,,,,,,,,,,,,,,,,,,,,,,,,,,,,,,,,,,,,,,
474,computer vision,Graph Neural Networks,10,2025-06-18T13:59:18.957579,,,,,,,10.0,1.894721269607544,medical diagnosis,unknown,True,"Episode_10: 中間抽象度, 集約的 (dims: [13, 282, 58, 91, 281])",,,,,,,,,,,,,,,,,,,,,,,,,,,,,,,,,,,,,,,,,,,,,,,,
474,computer vision,Graph Neural Networks,10,2025-06-18T13:59:18.957579,,,,,,,,,,,,,20.0,1.894721269607544,medical diagnosis,unknown,True,"Episode_20: 中間抽象度, 集約的 (dims: [13, 282, 58, 91, 281])",,,,,,,,,,,,,,,,,,,,,,,,,,,,,,,,,,,,,,,,,,
474,computer vision,Graph Neural Networks,10,2025-06-18T13:59:18.957579,,,,,,,,,,,,,,,,,,,30.0,1.894721269607544,medical diagnosis,unknown,True,"Episode_30: 中間抽象度, 集約的 (dims: [13, 282, 58, 91, 281])",,,,,,,,,,,,,,,,,,,,,,,,,,,,,,,,,,,,
474,computer vision,Graph Neural Networks,10,2025-06-18T13:59:18.957579,,,,,,,,,,,,,,,,,,,,,,,,,40.0,1.894721269607544,medical diagnosis,unknown,True,"Episode_40: 中間抽象度, 集約的 (dims: [13, 282, 58, 91, 281])",,,,,,,,,,,,,,,,,,,,,,,,,,,,,,
474,computer vision,Graph Neural Networks,10,2025-06-18T13:59:18.957579,,,,,,,,,,,,,,,,,,,,,,,,,,,,,,,50.0,1.894721269607544,medical diagnosis,unknown,True,"Episode_50: 中間抽象度, 集約的 (dims: [13, 282, 58, 91, 281])",,,,,,,,,,,,,,,,,,,,,,,,
474,computer vision,Graph Neural Networks,10,2025-06-18T13:59:18.957579,,,,,,,,,,,,,,,,,,,,,,,,,,,,,,,,,,,,,60.0,1.894721269607544,medical diagnosis,unknown,True,"Episode_60: 中間抽象度, 集約的 (dims: [13, 282, 58, 91, 281])",,,,,,,,,,,,,,,,,,
474,computer vision,Graph Neural Networks,10,2025-06-18T13:59:18.957579,,,,,,,,,,,,,,,,,,,,,,,,,,,,,,,,,,,,,,,,,,,70.0,1.894721269607544,medical diagnosis,unknown,True,"Episode_70: 中間抽象度, 集約的 (dims: [13, 282, 58, 91, 281])",,,,,,,,,,,,
474,computer vision,Graph Neural Networks,10,2025-06-18T13:59:18.957579,,,,,,,,,,,,,,,,,,,,,,,,,,,,,,,,,,,,,,,,,,,,,,,,,80.0,1.894721269607544,medical diagnosis,unknown,True,"Episode_80: 中間抽象度, 集約的 (dims: [13, 282, 58, 91, 281])",,,,,,
474,computer vision,Graph Neural Networks,10,2025-06-18T13:59:18.957579,,,,,,,,,,,,,,,,,,,,,,,,,,,,,,,,,,,,,,,,,,,,,,,,,,,,,,,90.0,1.894721269607544,medical diagnosis,unknown,True,"Episode_90: 中間抽象度, 集約的 (dims: [13, 282, 58, 91, 281])"
475,robotics,Federated Learning,10,2025-06-18T13:59:19.001576,5.0,1.8728573322296143,cybersecurity,unknown,True,"Episode_5: 中間抽象度, 集約的 (dims: [106, 62, 379, 367, 71])",,,,,,,,,,,,,,,,,,,,,,,,,,,,,,,,,,,,,,,,,,,,,,,,,,,,,,
475,robotics,Federated Learning,10,2025-06-18T13:59:19.001576,,,,,,,15.0,1.8728573322296143,cybersecurity,unknown,True,"Episode_15: 中間抽象度, 集約的 (dims: [106, 62, 379, 367, 71])",,,,,,,,,,,,,,,,,,,,,,,,,,,,,,,,,,,,,,,,,,,,,,,,
475,robotics,Federated Learning,10,2025-06-18T13:59:19.001576,,,,,,,,,,,,,25.0,1.8728573322296143,cybersecurity,unknown,True,"Episode_25: 中間抽象度, 集約的 (dims: [106, 62, 379, 367, 71])",,,,,,,,,,,,,,,,,,,,,,,,,,,,,,,,,,,,,,,,,,
475,robotics,Federated Learning,10,2025-06-18T13:59:19.001576,,,,,,,,,,,,,,,,,,,35.0,1.8728573322296143,cybersecurity,unknown,True,"Episode_35: 中間抽象度, 集約的 (dims: [106, 62, 379, 367, 71])",,,,,,,,,,,,,,,,,,,,,,,,,,,,,,,,,,,,
475,robotics,Federated Learning,10,2025-06-18T13:59:19.001576,,,,,,,,,,,,,,,,,,,,,,,,,45.0,1.8728573322296143,cybersecurity,unknown,True,"Episode_45: 中間抽象度, 集約的 (dims: [106, 62, 379, 367, 71])",,,,,,,,,,,,,,,,,,,,,,,,,,,,,,
475,robotics,Federated Learning,10,2025-06-18T13:59:19.001576,,,,,,,,,,,,,,,,,,,,,,,,,,,,,,,55.0,1.8728573322296143,cybersecurity,unknown,True,"Episode_55: 中間抽象度, 集約的 (dims: [106, 62, 379, 367, 71])",,,,,,,,,,,,,,,,,,,,,,,,
475,robotics,Federated Learning,10,2025-06-18T13:59:19.001576,,,,,,,,,,,,,,,,,,,,,,,,,,,,,,,,,,,,,65.0,1.8728573322296143,cybersecurity,unknown,True,"Episode_65: 中間抽象度, 集約的 (dims: [106, 62, 379, 367, 71])",,,,,,,,,,,,,,,,,,
475,robotics,Federated Learning,10,2025-06-18T13:59:19.001576,,,,,,,,,,,,,,,,,,,,,,,,,,,,,,,,,,,,,,,,,,,75.0,1.8728573322296143,cybersecurity,unknown,True,"Episode_75: 中間抽象度, 集約的 (dims: [106, 62, 379, 367, 71])",,,,,,,,,,,,
475,robotics,Federated Learning,10,2025-06-18T13:59:19.001576,,,,,,,,,,,,,,,,,,,,,,,,,,,,,,,,,,,,,,,,,,,,,,,,,85.0,1.8728573322296143,cybersecurity,unknown,True,"Episode_85: 中間抽象度, 集約的 (dims: [106, 62, 379, 367, 71])",,,,,,
475,robotics,Federated Learning,10,2025-06-18T13:59:19.001576,,,,,,,,,,,,,,,,,,,,,,,,,,,,,,,,,,,,,,,,,,,,,,,,,,,,,,,95.0,1.8728573322296143,cybersecurity,unknown,True,"Episode_95: 中間抽象度, 集約的 (dims: [106, 62, 379, 367, 71])"
476,cybersecurity,Explainable AI,10,2025-06-18T13:59:19.046845,0.0,1.911033272743225,medical diagnosis,unknown,True,"Episode_0: 中間抽象度, 集約的 (dims: [13, 282, 58, 91, 281])",,,,,,,,,,,,,,,,,,,,,,,,,,,,,,,,,,,,,,,,,,,,,,,,,,,,,,
476,cybersecurity,Explainable AI,10,2025-06-18T13:59:19.046845,,,,,,,10.0,1.911033272743225,medical diagnosis,unknown,True,"Episode_10: 中間抽象度, 集約的 (dims: [13, 282, 58, 91, 281])",,,,,,,,,,,,,,,,,,,,,,,,,,,,,,,,,,,,,,,,,,,,,,,,
476,cybersecurity,Explainable AI,10,2025-06-18T13:59:19.046845,,,,,,,,,,,,,20.0,1.911033272743225,medical diagnosis,unknown,True,"Episode_20: 中間抽象度, 集約的 (dims: [13, 282, 58, 91, 281])",,,,,,,,,,,,,,,,,,,,,,,,,,,,,,,,,,,,,,,,,,
476,cybersecurity,Explainable AI,10,2025-06-18T13:59:19.046845,,,,,,,,,,,,,,,,,,,30.0,1.911033272743225,medical diagnosis,unknown,True,"Episode_30: 中間抽象度, 集約的 (dims: [13, 282, 58, 91, 281])",,,,,,,,,,,,,,,,,,,,,,,,,,,,,,,,,,,,
476,cybersecurity,Explainable AI,10,2025-06-18T13:59:19.046845,,,,,,,,,,,,,,,,,,,,,,,,,40.0,1.911033272743225,medical diagnosis,unknown,True,"Episode_40: 中間抽象度, 集約的 (dims: [13, 282, 58, 91, 281])",,,,,,,,,,,,,,,,,,,,,,,,,,,,,,
476,cybersecurity,Explainable AI,10,2025-06-18T13:59:19.046845,,,,,,,,,,,,,,,,,,,,,,,,,,,,,,,50.0,1.911033272743225,medical diagnosis,unknown,True,"Episode_50: 中間抽象度, 集約的 (dims: [13, 282, 58, 91, 281])",,,,,,,,,,,,,,,,,,,,,,,,
476,cybersecurity,Explainable AI,10,2025-06-18T13:59:19.046845,,,,,,,,,,,,,,,,,,,,,,,,,,,,,,,,,,,,,60.0,1.911033272743225,medical diagnosis,unknown,True,"Episode_60: 中間抽象度, 集約的 (dims: [13, 282, 58, 91, 281])",,,,,,,,,,,,,,,,,,
476,cybersecurity,Explainable AI,10,2025-06-18T13:59:19.046845,,,,,,,,,,,,,,,,,,,,,,,,,,,,,,,,,,,,,,,,,,,70.0,1.911033272743225,medical diagnosis,unknown,True,"Episode_70: 中間抽象度, 集約的 (dims: [13, 282, 58, 91, 281])",,,,,,,,,,,,
476,cybersecurity,Explainable AI,10,2025-06-18T13:59:19.046845,,,,,,,,,,,,,,,,,,,,,,,,,,,,,,,,,,,,,,,,,,,,,,,,,80.0,1.911033272743225,medical diagnosis,unknown,True,"Episode_80: 中間抽象度, 集約的 (dims: [13, 282, 58, 91, 281])",,,,,,
476,cybersecurity,Explainable AI,10,2025-06-18T13:59:19.046845,,,,,,,,,,,,,,,,,,,,,,,,,,,,,,,,,,,,,,,,,,,,,,,,,,,,,,,90.0,1.911033272743225,medical diagnosis,unknown,True,"Episode_90: 中間抽象度, 集約的 (dims: [13, 282, 58, 91, 281])"
477,climate modeling,Multimodal Learning,10,2025-06-18T13:59:19.092682,5.0,1.9013603925704956,cybersecurity,unknown,True,"Episode_5: 中間抽象度, 集約的 (dims: [106, 62, 379, 367, 71])",,,,,,,,,,,,,,,,,,,,,,,,,,,,,,,,,,,,,,,,,,,,,,,,,,,,,,
477,climate modeling,Multimodal Learning,10,2025-06-18T13:59:19.092682,,,,,,,15.0,1.9013603925704956,cybersecurity,unknown,True,"Episode_15: 中間抽象度, 集約的 (dims: [106, 62, 379, 367, 71])",,,,,,,,,,,,,,,,,,,,,,,,,,,,,,,,,,,,,,,,,,,,,,,,
477,climate modeling,Multimodal Learning,10,2025-06-18T13:59:19.092682,,,,,,,,,,,,,25.0,1.9013603925704956,cybersecurity,unknown,True,"Episode_25: 中間抽象度, 集約的 (dims: [106, 62, 379, 367, 71])",,,,,,,,,,,,,,,,,,,,,,,,,,,,,,,,,,,,,,,,,,
477,climate modeling,Multimodal Learning,10,2025-06-18T13:59:19.092682,,,,,,,,,,,,,,,,,,,35.0,1.9013603925704956,cybersecurity,unknown,True,"Episode_35: 中間抽象度, 集約的 (dims: [106, 62, 379, 367, 71])",,,,,,,,,,,,,,,,,,,,,,,,,,,,,,,,,,,,
477,climate modeling,Multimodal Learning,10,2025-06-18T13:59:19.092682,,,,,,,,,,,,,,,,,,,,,,,,,45.0,1.9013603925704956,cybersecurity,unknown,True,"Episode_45: 中間抽象度, 集約的 (dims: [106, 62, 379, 367, 71])",,,,,,,,,,,,,,,,,,,,,,,,,,,,,,
477,climate modeling,Multimodal Learning,10,2025-06-18T13:59:19.092682,,,,,,,,,,,,,,,,,,,,,,,,,,,,,,,55.0,1.9013603925704956,cybersecurity,unknown,True,"Episode_55: 中間抽象度, 集約的 (dims: [106, 62, 379, 367, 71])",,,,,,,,,,,,,,,,,,,,,,,,
477,climate modeling,Multimodal Learning,10,2025-06-18T13:59:19.092682,,,,,,,,,,,,,,,,,,,,,,,,,,,,,,,,,,,,,65.0,1.9013603925704956,cybersecurity,unknown,True,"Episode_65: 中間抽象度, 集約的 (dims: [106, 62, 379, 367, 71])",,,,,,,,,,,,,,,,,,
477,climate modeling,Multimodal Learning,10,2025-06-18T13:59:19.092682,,,,,,,,,,,,,,,,,,,,,,,,,,,,,,,,,,,,,,,,,,,75.0,1.9013603925704956,cybersecurity,unknown,True,"Episode_75: 中間抽象度, 集約的 (dims: [106, 62, 379, 367, 71])",,,,,,,,,,,,
477,climate modeling,Multimodal Learning,10,2025-06-18T13:59:19.092682,,,,,,,,,,,,,,,,,,,,,,,,,,,,,,,,,,,,,,,,,,,,,,,,,85.0,1.9013603925704956,cybersecurity,unknown,True,"Episode_85: 中間抽象度, 集約的 (dims: [106, 62, 379, 367, 71])",,,,,,
477,climate modeling,Multimodal Learning,10,2025-06-18T13:59:19.092682,,,,,,,,,,,,,,,,,,,,,,,,,,,,,,,,,,,,,,,,,,,,,,,,,,,,,,,95.0,1.9013603925704956,cybersecurity,unknown,True,"Episode_95: 中間抽象度, 集約的 (dims: [106, 62, 379, 367, 71])"
478,drug discovery,Few-shot Learning,10,2025-06-18T13:59:19.138461,0.0,1.9221811294555664,medical diagnosis,unknown,True,"Episode_0: 中間抽象度, 集約的 (dims: [13, 282, 58, 91, 281])",,,,,,,,,,,,,,,,,,,,,,,,,,,,,,,,,,,,,,,,,,,,,,,,,,,,,,
478,drug discovery,Few-shot Learning,10,2025-06-18T13:59:19.138461,,,,,,,10.0,1.9221811294555664,medical diagnosis,unknown,True,"Episode_10: 中間抽象度, 集約的 (dims: [13, 282, 58, 91, 281])",,,,,,,,,,,,,,,,,,,,,,,,,,,,,,,,,,,,,,,,,,,,,,,,
478,drug discovery,Few-shot Learning,10,2025-06-18T13:59:19.138461,,,,,,,,,,,,,20.0,1.9221811294555664,medical diagnosis,unknown,True,"Episode_20: 中間抽象度, 集約的 (dims: [13, 282, 58, 91, 281])",,,,,,,,,,,,,,,,,,,,,,,,,,,,,,,,,,,,,,,,,,
478,drug discovery,Few-shot Learning,10,2025-06-18T13:59:19.138461,,,,,,,,,,,,,,,,,,,30.0,1.9221811294555664,medical diagnosis,unknown,True,"Episode_30: 中間抽象度, 集約的 (dims: [13, 282, 58, 91, 281])",,,,,,,,,,,,,,,,,,,,,,,,,,,,,,,,,,,,
478,drug discovery,Few-shot Learning,10,2025-06-18T13:59:19.138461,,,,,,,,,,,,,,,,,,,,,,,,,40.0,1.9221811294555664,medical diagnosis,unknown,True,"Episode_40: 中間抽象度, 集約的 (dims: [13, 282, 58, 91, 281])",,,,,,,,,,,,,,,,,,,,,,,,,,,,,,
478,drug discovery,Few-shot Learning,10,2025-06-18T13:59:19.138461,,,,,,,,,,,,,,,,,,,,,,,,,,,,,,,50.0,1.9221811294555664,medical diagnosis,unknown,True,"Episode_50: 中間抽象度, 集約的 (dims: [13, 282, 58, 91, 281])",,,,,,,,,,,,,,,,,,,,,,,,
478,drug discovery,Few-shot Learning,10,2025-06-18T13:59:19.138461,,,,,,,,,,,,,,,,,,,,,,,,,,,,,,,,,,,,,60.0,1.9221811294555664,medical diagnosis,unknown,True,"Episode_60: 中間抽象度, 集約的 (dims: [13, 282, 58, 91, 281])",,,,,,,,,,,,,,,,,,
478,drug discovery,Few-shot Learning,10,2025-06-18T13:59:19.138461,,,,,,,,,,,,,,,,,,,,,,,,,,,,,,,,,,,,,,,,,,,70.0,1.9221811294555664,medical diagnosis,unknown,True,"Episode_70: 中間抽象度, 集約的 (dims: [13, 282, 58, 91, 281])",,,,,,,,,,,,
478,drug discovery,Few-shot Learning,10,2025-06-18T13:59:19.138461,,,,,,,,,,,,,,,,,,,,,,,,,,,,,,,,,,,,,,,,,,,,,,,,,80.0,1.9221811294555664,medical diagnosis,unknown,True,"Episode_80: 中間抽象度, 集約的 (dims: [13, 282, 58, 91, 281])",,,,,,
478,drug discovery,Few-shot Learning,10,2025-06-18T13:59:19.138461,,,,,,,,,,,,,,,,,,,,,,,,,,,,,,,,,,,,,,,,,,,,,,,,,,,,,,,90.0,1.9221811294555664,medical diagnosis,unknown,True,"Episode_90: 中間抽象度, 集約的 (dims: [13, 282, 58, 91, 281])"
479,financial prediction,Transfer Learning,10,2025-06-18T13:59:19.183466,0.0,1.9256962537765503,medical diagnosis,unknown,True,"Episode_0: 中間抽象度, 集約的 (dims: [13, 282, 58, 91, 281])",,,,,,,,,,,,,,,,,,,,,,,,,,,,,,,,,,,,,,,,,,,,,,,,,,,,,,
479,financial prediction,Transfer Learning,10,2025-06-18T13:59:19.183466,,,,,,,10.0,1.9256962537765503,medical diagnosis,unknown,True,"Episode_10: 中間抽象度, 集約的 (dims: [13, 282, 58, 91, 281])",,,,,,,,,,,,,,,,,,,,,,,,,,,,,,,,,,,,,,,,,,,,,,,,
479,financial prediction,Transfer Learning,10,2025-06-18T13:59:19.183466,,,,,,,,,,,,,20.0,1.9256962537765503,medical diagnosis,unknown,True,"Episode_20: 中間抽象度, 集約的 (dims: [13, 282, 58, 91, 281])",,,,,,,,,,,,,,,,,,,,,,,,,,,,,,,,,,,,,,,,,,
479,financial prediction,Transfer Learning,10,2025-06-18T13:59:19.183466,,,,,,,,,,,,,,,,,,,30.0,1.9256962537765503,medical diagnosis,unknown,True,"Episode_30: 中間抽象度, 集約的 (dims: [13, 282, 58, 91, 281])",,,,,,,,,,,,,,,,,,,,,,,,,,,,,,,,,,,,
479,financial prediction,Transfer Learning,10,2025-06-18T13:59:19.183466,,,,,,,,,,,,,,,,,,,,,,,,,40.0,1.9256962537765503,medical diagnosis,unknown,True,"Episode_40: 中間抽象度, 集約的 (dims: [13, 282, 58, 91, 281])",,,,,,,,,,,,,,,,,,,,,,,,,,,,,,
479,financial prediction,Transfer Learning,10,2025-06-18T13:59:19.183466,,,,,,,,,,,,,,,,,,,,,,,,,,,,,,,50.0,1.9256962537765503,medical diagnosis,unknown,True,"Episode_50: 中間抽象度, 集約的 (dims: [13, 282, 58, 91, 281])",,,,,,,,,,,,,,,,,,,,,,,,
479,financial prediction,Transfer Learning,10,2025-06-18T13:59:19.183466,,,,,,,,,,,,,,,,,,,,,,,,,,,,,,,,,,,,,60.0,1.9256962537765503,medical diagnosis,unknown,True,"Episode_60: 中間抽象度, 集約的 (dims: [13, 282, 58, 91, 281])",,,,,,,,,,,,,,,,,,
479,financial prediction,Transfer Learning,10,2025-06-18T13:59:19.183466,,,,,,,,,,,,,,,,,,,,,,,,,,,,,,,,,,,,,,,,,,,70.0,1.9256962537765503,medical diagnosis,unknown,True,"Episode_70: 中間抽象度, 集約的 (dims: [13, 282, 58, 91, 281])",,,,,,,,,,,,
479,financial prediction,Transfer Learning,10,2025-06-18T13:59:19.183466,,,,,,,,,,,,,,,,,,,,,,,,,,,,,,,,,,,,,,,,,,,,,,,,,80.0,1.9256962537765503,medical diagnosis,unknown,True,"Episode_80: 中間抽象度, 集約的 (dims: [13, 282, 58, 91, 281])",,,,,,
479,financial prediction,Transfer Learning,10,2025-06-18T13:59:19.183466,,,,,,,,,,,,,,,,,,,,,,,,,,,,,,,,,,,,,,,,,,,,,,,,,,,,,,,90.0,1.9256962537765503,medical diagnosis,unknown,True,"Episode_90: 中間抽象度, 集約的 (dims: [13, 282, 58, 91, 281])"
480,educational technology,Adversarial Machine Learning,10,2025-06-18T13:59:19.229319,0.0,1.928670048713684,medical diagnosis,unknown,True,"Episode_0: 中間抽象度, 集約的 (dims: [13, 282, 58, 91, 281])",,,,,,,,,,,,,,,,,,,,,,,,,,,,,,,,,,,,,,,,,,,,,,,,,,,,,,
480,educational technology,Adversarial Machine Learning,10,2025-06-18T13:59:19.229319,,,,,,,10.0,1.928670048713684,medical diagnosis,unknown,True,"Episode_10: 中間抽象度, 集約的 (dims: [13, 282, 58, 91, 281])",,,,,,,,,,,,,,,,,,,,,,,,,,,,,,,,,,,,,,,,,,,,,,,,
480,educational technology,Adversarial Machine Learning,10,2025-06-18T13:59:19.229319,,,,,,,,,,,,,20.0,1.928670048713684,medical diagnosis,unknown,True,"Episode_20: 中間抽象度, 集約的 (dims: [13, 282, 58, 91, 281])",,,,,,,,,,,,,,,,,,,,,,,,,,,,,,,,,,,,,,,,,,
480,educational technology,Adversarial Machine Learning,10,2025-06-18T13:59:19.229319,,,,,,,,,,,,,,,,,,,30.0,1.928670048713684,medical diagnosis,unknown,True,"Episode_30: 中間抽象度, 集約的 (dims: [13, 282, 58, 91, 281])",,,,,,,,,,,,,,,,,,,,,,,,,,,,,,,,,,,,
480,educational technology,Adversarial Machine Learning,10,2025-06-18T13:59:19.229319,,,,,,,,,,,,,,,,,,,,,,,,,40.0,1.928670048713684,medical diagnosis,unknown,True,"Episode_40: 中間抽象度, 集約的 (dims: [13, 282, 58, 91, 281])",,,,,,,,,,,,,,,,,,,,,,,,,,,,,,
480,educational technology,Adversarial Machine Learning,10,2025-06-18T13:59:19.229319,,,,,,,,,,,,,,,,,,,,,,,,,,,,,,,50.0,1.928670048713684,medical diagnosis,unknown,True,"Episode_50: 中間抽象度, 集約的 (dims: [13, 282, 58, 91, 281])",,,,,,,,,,,,,,,,,,,,,,,,
480,educational technology,Adversarial Machine Learning,10,2025-06-18T13:59:19.229319,,,,,,,,,,,,,,,,,,,,,,,,,,,,,,,,,,,,,60.0,1.928670048713684,medical diagnosis,unknown,True,"Episode_60: 中間抽象度, 集約的 (dims: [13, 282, 58, 91, 281])",,,,,,,,,,,,,,,,,,
480,educational technology,Adversarial Machine Learning,10,2025-06-18T13:59:19.229319,,,,,,,,,,,,,,,,,,,,,,,,,,,,,,,,,,,,,,,,,,,70.0,1.928670048713684,medical diagnosis,unknown,True,"Episode_70: 中間抽象度, 集約的 (dims: [13, 282, 58, 91, 281])",,,,,,,,,,,,
480,educational technology,Adversarial Machine Learning,10,2025-06-18T13:59:19.229319,,,,,,,,,,,,,,,,,,,,,,,,,,,,,,,,,,,,,,,,,,,,,,,,,80.0,1.928670048713684,medical diagnosis,unknown,True,"Episode_80: 中間抽象度, 集約的 (dims: [13, 282, 58, 91, 281])",,,,,,
480,educational technology,Adversarial Machine Learning,10,2025-06-18T13:59:19.229319,,,,,,,,,,,,,,,,,,,,,,,,,,,,,,,,,,,,,,,,,,,,,,,,,,,,,,,90.0,1.928670048713684,medical diagnosis,unknown,True,"Episode_90: 中間抽象度, 集約的 (dims: [13, 282, 58, 91, 281])"
481,medical diagnosis,Large Language Models,0,2025-06-18T13:59:19.275652,0.0,1.8874430656433105,medical diagnosis,unknown,False,"Episode_0: 中間抽象度, 集約的 (dims: [13, 282, 58, 91, 281])",,,,,,,,,,,,,,,,,,,,,,,,,,,,,,,,,,,,,,,,,,,,,,,,,,,,,,
481,medical diagnosis,Large Language Models,0,2025-06-18T13:59:19.275652,,,,,,,10.0,1.8874430656433105,medical diagnosis,unknown,False,"Episode_10: 中間抽象度, 集約的 (dims: [13, 282, 58, 91, 281])",,,,,,,,,,,,,,,,,,,,,,,,,,,,,,,,,,,,,,,,,,,,,,,,
481,medical diagnosis,Large Language Models,0,2025-06-18T13:59:19.275652,,,,,,,,,,,,,20.0,1.8874430656433105,medical diagnosis,unknown,False,"Episode_20: 中間抽象度, 集約的 (dims: [13, 282, 58, 91, 281])",,,,,,,,,,,,,,,,,,,,,,,,,,,,,,,,,,,,,,,,,,
481,medical diagnosis,Large Language Models,0,2025-06-18T13:59:19.275652,,,,,,,,,,,,,,,,,,,30.0,1.8874430656433105,medical diagnosis,unknown,False,"Episode_30: 中間抽象度, 集約的 (dims: [13, 282, 58, 91, 281])",,,,,,,,,,,,,,,,,,,,,,,,,,,,,,,,,,,,
481,medical diagnosis,Large Language Models,0,2025-06-18T13:59:19.275652,,,,,,,,,,,,,,,,,,,,,,,,,40.0,1.8874430656433105,medical diagnosis,unknown,False,"Episode_40: 中間抽象度, 集約的 (dims: [13, 282, 58, 91, 281])",,,,,,,,,,,,,,,,,,,,,,,,,,,,,,
481,medical diagnosis,Large Language Models,0,2025-06-18T13:59:19.275652,,,,,,,,,,,,,,,,,,,,,,,,,,,,,,,50.0,1.8874430656433105,medical diagnosis,unknown,False,"Episode_50: 中間抽象度, 集約的 (dims: [13, 282, 58, 91, 281])",,,,,,,,,,,,,,,,,,,,,,,,
481,medical diagnosis,Large Language Models,0,2025-06-18T13:59:19.275652,,,,,,,,,,,,,,,,,,,,,,,,,,,,,,,,,,,,,60.0,1.8874430656433105,medical diagnosis,unknown,False,"Episode_60: 中間抽象度, 集約的 (dims: [13, 282, 58, 91, 281])",,,,,,,,,,,,,,,,,,
481,medical diagnosis,Large Language Models,0,2025-06-18T13:59:19.275652,,,,,,,,,,,,,,,,,,,,,,,,,,,,,,,,,,,,,,,,,,,70.0,1.8874430656433105,medical diagnosis,unknown,False,"Episode_70: 中間抽象度, 集約的 (dims: [13, 282, 58, 91, 281])",,,,,,,,,,,,
481,medical diagnosis,Large Language Models,0,2025-06-18T13:59:19.275652,,,,,,,,,,,,,,,,,,,,,,,,,,,,,,,,,,,,,,,,,,,,,,,,,80.0,1.8874430656433105,medical diagnosis,unknown,False,"Episode_80: 中間抽象度, 集約的 (dims: [13, 282, 58, 91, 281])",,,,,,
481,medical diagnosis,Large Language Models,0,2025-06-18T13:59:19.275652,,,,,,,,,,,,,,,,,,,,,,,,,,,,,,,,,,,,,,,,,,,,,,,,,,,,,,,90.0,1.8874430656433105,medical diagnosis,unknown,False,"Episode_90: 中間抽象度, 集約的 (dims: [13, 282, 58, 91, 281])"
482,autonomous systems,Computer Vision,10,2025-06-18T13:59:19.321179,0.0,1.8768787384033203,medical diagnosis,unknown,True,"Episode_0: 中間抽象度, 集約的 (dims: [13, 282, 58, 91, 281])",,,,,,,,,,,,,,,,,,,,,,,,,,,,,,,,,,,,,,,,,,,,,,,,,,,,,,
482,autonomous systems,Computer Vision,10,2025-06-18T13:59:19.321179,,,,,,,10.0,1.8768787384033203,medical diagnosis,unknown,True,"Episode_10: 中間抽象度, 集約的 (dims: [13, 282, 58, 91, 281])",,,,,,,,,,,,,,,,,,,,,,,,,,,,,,,,,,,,,,,,,,,,,,,,
482,autonomous systems,Computer Vision,10,2025-06-18T13:59:19.321179,,,,,,,,,,,,,20.0,1.8768787384033203,medical diagnosis,unknown,True,"Episode_20: 中間抽象度, 集約的 (dims: [13, 282, 58, 91, 281])",,,,,,,,,,,,,,,,,,,,,,,,,,,,,,,,,,,,,,,,,,
482,autonomous systems,Computer Vision,10,2025-06-18T13:59:19.321179,,,,,,,,,,,,,,,,,,,30.0,1.8768787384033203,medical diagnosis,unknown,True,"Episode_30: 中間抽象度, 集約的 (dims: [13, 282, 58, 91, 281])",,,,,,,,,,,,,,,,,,,,,,,,,,,,,,,,,,,,
482,autonomous systems,Computer Vision,10,2025-06-18T13:59:19.321179,,,,,,,,,,,,,,,,,,,,,,,,,40.0,1.8768787384033203,medical diagnosis,unknown,True,"Episode_40: 中間抽象度, 集約的 (dims: [13, 282, 58, 91, 281])",,,,,,,,,,,,,,,,,,,,,,,,,,,,,,
482,autonomous systems,Computer Vision,10,2025-06-18T13:59:19.321179,,,,,,,,,,,,,,,,,,,,,,,,,,,,,,,50.0,1.8768787384033203,medical diagnosis,unknown,True,"Episode_50: 中間抽象度, 集約的 (dims: [13, 282, 58, 91, 281])",,,,,,,,,,,,,,,,,,,,,,,,
482,autonomous systems,Computer Vision,10,2025-06-18T13:59:19.321179,,,,,,,,,,,,,,,,,,,,,,,,,,,,,,,,,,,,,60.0,1.8768787384033203,medical diagnosis,unknown,True,"Episode_60: 中間抽象度, 集約的 (dims: [13, 282, 58, 91, 281])",,,,,,,,,,,,,,,,,,
482,autonomous systems,Computer Vision,10,2025-06-18T13:59:19.321179,,,,,,,,,,,,,,,,,,,,,,,,,,,,,,,,,,,,,,,,,,,70.0,1.8768787384033203,medical diagnosis,unknown,True,"Episode_70: 中間抽象度, 集約的 (dims: [13, 282, 58, 91, 281])",,,,,,,,,,,,
482,autonomous systems,Computer Vision,10,2025-06-18T13:59:19.321179,,,,,,,,,,,,,,,,,,,,,,,,,,,,,,,,,,,,,,,,,,,,,,,,,80.0,1.8768787384033203,medical diagnosis,unknown,True,"Episode_80: 中間抽象度, 集約的 (dims: [13, 282, 58, 91, 281])",,,,,,
482,autonomous systems,Computer Vision,10,2025-06-18T13:59:19.321179,,,,,,,,,,,,,,,,,,,,,,,,,,,,,,,,,,,,,,,,,,,,,,,,,,,,,,,90.0,1.8768787384033203,medical diagnosis,unknown,True,"Episode_90: 中間抽象度, 集約的 (dims: [13, 282, 58, 91, 281])"
483,natural language processing,Reinforcement Learning,10,2025-06-18T13:59:19.364917,5.0,1.8832250833511353,cybersecurity,unknown,True,"Episode_5: 中間抽象度, 集約的 (dims: [106, 62, 379, 367, 71])",,,,,,,,,,,,,,,,,,,,,,,,,,,,,,,,,,,,,,,,,,,,,,,,,,,,,,
483,natural language processing,Reinforcement Learning,10,2025-06-18T13:59:19.364917,,,,,,,15.0,1.8832250833511353,cybersecurity,unknown,True,"Episode_15: 中間抽象度, 集約的 (dims: [106, 62, 379, 367, 71])",,,,,,,,,,,,,,,,,,,,,,,,,,,,,,,,,,,,,,,,,,,,,,,,
483,natural language processing,Reinforcement Learning,10,2025-06-18T13:59:19.364917,,,,,,,,,,,,,25.0,1.8832250833511353,cybersecurity,unknown,True,"Episode_25: 中間抽象度, 集約的 (dims: [106, 62, 379, 367, 71])",,,,,,,,,,,,,,,,,,,,,,,,,,,,,,,,,,,,,,,,,,
483,natural language processing,Reinforcement Learning,10,2025-06-18T13:59:19.364917,,,,,,,,,,,,,,,,,,,35.0,1.8832250833511353,cybersecurity,unknown,True,"Episode_35: 中間抽象度, 集約的 (dims: [106, 62, 379, 367, 71])",,,,,,,,,,,,,,,,,,,,,,,,,,,,,,,,,,,,
483,natural language processing,Reinforcement Learning,10,2025-06-18T13:59:19.364917,,,,,,,,,,,,,,,,,,,,,,,,,45.0,1.8832250833511353,cybersecurity,unknown,True,"Episode_45: 中間抽象度, 集約的 (dims: [106, 62, 379, 367, 71])",,,,,,,,,,,,,,,,,,,,,,,,,,,,,,
483,natural language processing,Reinforcement Learning,10,2025-06-18T13:59:19.364917,,,,,,,,,,,,,,,,,,,,,,,,,,,,,,,55.0,1.8832250833511353,cybersecurity,unknown,True,"Episode_55: 中間抽象度, 集約的 (dims: [106, 62, 379, 367, 71])",,,,,,,,,,,,,,,,,,,,,,,,
483,natural language processing,Reinforcement Learning,10,2025-06-18T13:59:19.364917,,,,,,,,,,,,,,,,,,,,,,,,,,,,,,,,,,,,,65.0,1.8832250833511353,cybersecurity,unknown,True,"Episode_65: 中間抽象度, 集約的 (dims: [106, 62, 379, 367, 71])",,,,,,,,,,,,,,,,,,
483,natural language processing,Reinforcement Learning,10,2025-06-18T13:59:19.364917,,,,,,,,,,,,,,,,,,,,,,,,,,,,,,,,,,,,,,,,,,,75.0,1.8832250833511353,cybersecurity,unknown,True,"Episode_75: 中間抽象度, 集約的 (dims: [106, 62, 379, 367, 71])",,,,,,,,,,,,
483,natural language processing,Reinforcement Learning,10,2025-06-18T13:59:19.364917,,,,,,,,,,,,,,,,,,,,,,,,,,,,,,,,,,,,,,,,,,,,,,,,,85.0,1.8832250833511353,cybersecurity,unknown,True,"Episode_85: 中間抽象度, 集約的 (dims: [106, 62, 379, 367, 71])",,,,,,
483,natural language processing,Reinforcement Learning,10,2025-06-18T13:59:19.364917,,,,,,,,,,,,,,,,,,,,,,,,,,,,,,,,,,,,,,,,,,,,,,,,,,,,,,,95.0,1.8832250833511353,cybersecurity,unknown,True,"Episode_95: 中間抽象度, 集約的 (dims: [106, 62, 379, 367, 71])"
484,computer vision,Graph Neural Networks,10,2025-06-18T13:59:19.409266,0.0,1.894721269607544,medical diagnosis,unknown,True,"Episode_0: 中間抽象度, 集約的 (dims: [13, 282, 58, 91, 281])",,,,,,,,,,,,,,,,,,,,,,,,,,,,,,,,,,,,,,,,,,,,,,,,,,,,,,
484,computer vision,Graph Neural Networks,10,2025-06-18T13:59:19.409266,,,,,,,10.0,1.894721269607544,medical diagnosis,unknown,True,"Episode_10: 中間抽象度, 集約的 (dims: [13, 282, 58, 91, 281])",,,,,,,,,,,,,,,,,,,,,,,,,,,,,,,,,,,,,,,,,,,,,,,,
484,computer vision,Graph Neural Networks,10,2025-06-18T13:59:19.409266,,,,,,,,,,,,,20.0,1.894721269607544,medical diagnosis,unknown,True,"Episode_20: 中間抽象度, 集約的 (dims: [13, 282, 58, 91, 281])",,,,,,,,,,,,,,,,,,,,,,,,,,,,,,,,,,,,,,,,,,
484,computer vision,Graph Neural Networks,10,2025-06-18T13:59:19.409266,,,,,,,,,,,,,,,,,,,30.0,1.894721269607544,medical diagnosis,unknown,True,"Episode_30: 中間抽象度, 集約的 (dims: [13, 282, 58, 91, 281])",,,,,,,,,,,,,,,,,,,,,,,,,,,,,,,,,,,,
484,computer vision,Graph Neural Networks,10,2025-06-18T13:59:19.409266,,,,,,,,,,,,,,,,,,,,,,,,,40.0,1.894721269607544,medical diagnosis,unknown,True,"Episode_40: 中間抽象度, 集約的 (dims: [13, 282, 58, 91, 281])",,,,,,,,,,,,,,,,,,,,,,,,,,,,,,
484,computer vision,Graph Neural Networks,10,2025-06-18T13:59:19.409266,,,,,,,,,,,,,,,,,,,,,,,,,,,,,,,50.0,1.894721269607544,medical diagnosis,unknown,True,"Episode_50: 中間抽象度, 集約的 (dims: [13, 282, 58, 91, 281])",,,,,,,,,,,,,,,,,,,,,,,,
484,computer vision,Graph Neural Networks,10,2025-06-18T13:59:19.409266,,,,,,,,,,,,,,,,,,,,,,,,,,,,,,,,,,,,,60.0,1.894721269607544,medical diagnosis,unknown,True,"Episode_60: 中間抽象度, 集約的 (dims: [13, 282, 58, 91, 281])",,,,,,,,,,,,,,,,,,
484,computer vision,Graph Neural Networks,10,2025-06-18T13:59:19.409266,,,,,,,,,,,,,,,,,,,,,,,,,,,,,,,,,,,,,,,,,,,70.0,1.894721269607544,medical diagnosis,unknown,True,"Episode_70: 中間抽象度, 集約的 (dims: [13, 282, 58, 91, 281])",,,,,,,,,,,,
484,computer vision,Graph Neural Networks,10,2025-06-18T13:59:19.409266,,,,,,,,,,,,,,,,,,,,,,,,,,,,,,,,,,,,,,,,,,,,,,,,,80.0,1.894721269607544,medical diagnosis,unknown,True,"Episode_80: 中間抽象度, 集約的 (dims: [13, 282, 58, 91, 281])",,,,,,
484,computer vision,Graph Neural Networks,10,2025-06-18T13:59:19.409266,,,,,,,,,,,,,,,,,,,,,,,,,,,,,,,,,,,,,,,,,,,,,,,,,,,,,,,90.0,1.894721269607544,medical diagnosis,unknown,True,"Episode_90: 中間抽象度, 集約的 (dims: [13, 282, 58, 91, 281])"
485,robotics,Federated Learning,10,2025-06-18T13:59:19.453817,5.0,1.8728573322296143,cybersecurity,unknown,True,"Episode_5: 中間抽象度, 集約的 (dims: [106, 62, 379, 367, 71])",,,,,,,,,,,,,,,,,,,,,,,,,,,,,,,,,,,,,,,,,,,,,,,,,,,,,,
485,robotics,Federated Learning,10,2025-06-18T13:59:19.453817,,,,,,,15.0,1.8728573322296143,cybersecurity,unknown,True,"Episode_15: 中間抽象度, 集約的 (dims: [106, 62, 379, 367, 71])",,,,,,,,,,,,,,,,,,,,,,,,,,,,,,,,,,,,,,,,,,,,,,,,
485,robotics,Federated Learning,10,2025-06-18T13:59:19.453817,,,,,,,,,,,,,25.0,1.8728573322296143,cybersecurity,unknown,True,"Episode_25: 中間抽象度, 集約的 (dims: [106, 62, 379, 367, 71])",,,,,,,,,,,,,,,,,,,,,,,,,,,,,,,,,,,,,,,,,,
485,robotics,Federated Learning,10,2025-06-18T13:59:19.453817,,,,,,,,,,,,,,,,,,,35.0,1.8728573322296143,cybersecurity,unknown,True,"Episode_35: 中間抽象度, 集約的 (dims: [106, 62, 379, 367, 71])",,,,,,,,,,,,,,,,,,,,,,,,,,,,,,,,,,,,
485,robotics,Federated Learning,10,2025-06-18T13:59:19.453817,,,,,,,,,,,,,,,,,,,,,,,,,45.0,1.8728573322296143,cybersecurity,unknown,True,"Episode_45: 中間抽象度, 集約的 (dims: [106, 62, 379, 367, 71])",,,,,,,,,,,,,,,,,,,,,,,,,,,,,,
485,robotics,Federated Learning,10,2025-06-18T13:59:19.453817,,,,,,,,,,,,,,,,,,,,,,,,,,,,,,,55.0,1.8728573322296143,cybersecurity,unknown,True,"Episode_55: 中間抽象度, 集約的 (dims: [106, 62, 379, 367, 71])",,,,,,,,,,,,,,,,,,,,,,,,
485,robotics,Federated Learning,10,2025-06-18T13:59:19.453817,,,,,,,,,,,,,,,,,,,,,,,,,,,,,,,,,,,,,65.0,1.8728573322296143,cybersecurity,unknown,True,"Episode_65: 中間抽象度, 集約的 (dims: [106, 62, 379, 367, 71])",,,,,,,,,,,,,,,,,,
485,robotics,Federated Learning,10,2025-06-18T13:59:19.453817,,,,,,,,,,,,,,,,,,,,,,,,,,,,,,,,,,,,,,,,,,,75.0,1.8728573322296143,cybersecurity,unknown,True,"Episode_75: 中間抽象度, 集約的 (dims: [106, 62, 379, 367, 71])",,,,,,,,,,,,
485,robotics,Federated Learning,10,2025-06-18T13:59:19.453817,,,,,,,,,,,,,,,,,,,,,,,,,,,,,,,,,,,,,,,,,,,,,,,,,85.0,1.8728573322296143,cybersecurity,unknown,True,"Episode_85: 中間抽象度, 集約的 (dims: [106, 62, 379, 367, 71])",,,,,,
485,robotics,Federated Learning,10,2025-06-18T13:59:19.453817,,,,,,,,,,,,,,,,,,,,,,,,,,,,,,,,,,,,,,,,,,,,,,,,,,,,,,,95.0,1.8728573322296143,cybersecurity,unknown,True,"Episode_95: 中間抽象度, 集約的 (dims: [106, 62, 379, 367, 71])"
486,cybersecurity,Explainable AI,10,2025-06-18T13:59:19.499456,0.0,1.911033272743225,medical diagnosis,unknown,True,"Episode_0: 中間抽象度, 集約的 (dims: [13, 282, 58, 91, 281])",,,,,,,,,,,,,,,,,,,,,,,,,,,,,,,,,,,,,,,,,,,,,,,,,,,,,,
486,cybersecurity,Explainable AI,10,2025-06-18T13:59:19.499456,,,,,,,10.0,1.911033272743225,medical diagnosis,unknown,True,"Episode_10: 中間抽象度, 集約的 (dims: [13, 282, 58, 91, 281])",,,,,,,,,,,,,,,,,,,,,,,,,,,,,,,,,,,,,,,,,,,,,,,,
486,cybersecurity,Explainable AI,10,2025-06-18T13:59:19.499456,,,,,,,,,,,,,20.0,1.911033272743225,medical diagnosis,unknown,True,"Episode_20: 中間抽象度, 集約的 (dims: [13, 282, 58, 91, 281])",,,,,,,,,,,,,,,,,,,,,,,,,,,,,,,,,,,,,,,,,,
486,cybersecurity,Explainable AI,10,2025-06-18T13:59:19.499456,,,,,,,,,,,,,,,,,,,30.0,1.911033272743225,medical diagnosis,unknown,True,"Episode_30: 中間抽象度, 集約的 (dims: [13, 282, 58, 91, 281])",,,,,,,,,,,,,,,,,,,,,,,,,,,,,,,,,,,,
486,cybersecurity,Explainable AI,10,2025-06-18T13:59:19.499456,,,,,,,,,,,,,,,,,,,,,,,,,40.0,1.911033272743225,medical diagnosis,unknown,True,"Episode_40: 中間抽象度, 集約的 (dims: [13, 282, 58, 91, 281])",,,,,,,,,,,,,,,,,,,,,,,,,,,,,,
486,cybersecurity,Explainable AI,10,2025-06-18T13:59:19.499456,,,,,,,,,,,,,,,,,,,,,,,,,,,,,,,50.0,1.911033272743225,medical diagnosis,unknown,True,"Episode_50: 中間抽象度, 集約的 (dims: [13, 282, 58, 91, 281])",,,,,,,,,,,,,,,,,,,,,,,,
486,cybersecurity,Explainable AI,10,2025-06-18T13:59:19.499456,,,,,,,,,,,,,,,,,,,,,,,,,,,,,,,,,,,,,60.0,1.911033272743225,medical diagnosis,unknown,True,"Episode_60: 中間抽象度, 集約的 (dims: [13, 282, 58, 91, 281])",,,,,,,,,,,,,,,,,,
486,cybersecurity,Explainable AI,10,2025-06-18T13:59:19.499456,,,,,,,,,,,,,,,,,,,,,,,,,,,,,,,,,,,,,,,,,,,70.0,1.911033272743225,medical diagnosis,unknown,True,"Episode_70: 中間抽象度, 集約的 (dims: [13, 282, 58, 91, 281])",,,,,,,,,,,,
486,cybersecurity,Explainable AI,10,2025-06-18T13:59:19.499456,,,,,,,,,,,,,,,,,,,,,,,,,,,,,,,,,,,,,,,,,,,,,,,,,80.0,1.911033272743225,medical diagnosis,unknown,True,"Episode_80: 中間抽象度, 集約的 (dims: [13, 282, 58, 91, 281])",,,,,,
486,cybersecurity,Explainable AI,10,2025-06-18T13:59:19.499456,,,,,,,,,,,,,,,,,,,,,,,,,,,,,,,,,,,,,,,,,,,,,,,,,,,,,,,90.0,1.911033272743225,medical diagnosis,unknown,True,"Episode_90: 中間抽象度, 集約的 (dims: [13, 282, 58, 91, 281])"
487,climate modeling,Multimodal Learning,10,2025-06-18T13:59:19.544266,5.0,1.9013603925704956,cybersecurity,unknown,True,"Episode_5: 中間抽象度, 集約的 (dims: [106, 62, 379, 367, 71])",,,,,,,,,,,,,,,,,,,,,,,,,,,,,,,,,,,,,,,,,,,,,,,,,,,,,,
487,climate modeling,Multimodal Learning,10,2025-06-18T13:59:19.544266,,,,,,,15.0,1.9013603925704956,cybersecurity,unknown,True,"Episode_15: 中間抽象度, 集約的 (dims: [106, 62, 379, 367, 71])",,,,,,,,,,,,,,,,,,,,,,,,,,,,,,,,,,,,,,,,,,,,,,,,
487,climate modeling,Multimodal Learning,10,2025-06-18T13:59:19.544266,,,,,,,,,,,,,25.0,1.9013603925704956,cybersecurity,unknown,True,"Episode_25: 中間抽象度, 集約的 (dims: [106, 62, 379, 367, 71])",,,,,,,,,,,,,,,,,,,,,,,,,,,,,,,,,,,,,,,,,,
487,climate modeling,Multimodal Learning,10,2025-06-18T13:59:19.544266,,,,,,,,,,,,,,,,,,,35.0,1.9013603925704956,cybersecurity,unknown,True,"Episode_35: 中間抽象度, 集約的 (dims: [106, 62, 379, 367, 71])",,,,,,,,,,,,,,,,,,,,,,,,,,,,,,,,,,,,
487,climate modeling,Multimodal Learning,10,2025-06-18T13:59:19.544266,,,,,,,,,,,,,,,,,,,,,,,,,45.0,1.9013603925704956,cybersecurity,unknown,True,"Episode_45: 中間抽象度, 集約的 (dims: [106, 62, 379, 367, 71])",,,,,,,,,,,,,,,,,,,,,,,,,,,,,,
487,climate modeling,Multimodal Learning,10,2025-06-18T13:59:19.544266,,,,,,,,,,,,,,,,,,,,,,,,,,,,,,,55.0,1.9013603925704956,cybersecurity,unknown,True,"Episode_55: 中間抽象度, 集約的 (dims: [106, 62, 379, 367, 71])",,,,,,,,,,,,,,,,,,,,,,,,
487,climate modeling,Multimodal Learning,10,2025-06-18T13:59:19.544266,,,,,,,,,,,,,,,,,,,,,,,,,,,,,,,,,,,,,65.0,1.9013603925704956,cybersecurity,unknown,True,"Episode_65: 中間抽象度, 集約的 (dims: [106, 62, 379, 367, 71])",,,,,,,,,,,,,,,,,,
487,climate modeling,Multimodal Learning,10,2025-06-18T13:59:19.544266,,,,,,,,,,,,,,,,,,,,,,,,,,,,,,,,,,,,,,,,,,,75.0,1.9013603925704956,cybersecurity,unknown,True,"Episode_75: 中間抽象度, 集約的 (dims: [106, 62, 379, 367, 71])",,,,,,,,,,,,
487,climate modeling,Multimodal Learning,10,2025-06-18T13:59:19.544266,,,,,,,,,,,,,,,,,,,,,,,,,,,,,,,,,,,,,,,,,,,,,,,,,85.0,1.9013603925704956,cybersecurity,unknown,True,"Episode_85: 中間抽象度, 集約的 (dims: [106, 62, 379, 367, 71])",,,,,,
487,climate modeling,Multimodal Learning,10,2025-06-18T13:59:19.544266,,,,,,,,,,,,,,,,,,,,,,,,,,,,,,,,,,,,,,,,,,,,,,,,,,,,,,,95.0,1.9013603925704956,cybersecurity,unknown,True,"Episode_95: 中間抽象度, 集約的 (dims: [106, 62, 379, 367, 71])"
488,drug discovery,Few-shot Learning,10,2025-06-18T13:59:19.590542,0.0,1.9221811294555664,medical diagnosis,unknown,True,"Episode_0: 中間抽象度, 集約的 (dims: [13, 282, 58, 91, 281])",,,,,,,,,,,,,,,,,,,,,,,,,,,,,,,,,,,,,,,,,,,,,,,,,,,,,,
488,drug discovery,Few-shot Learning,10,2025-06-18T13:59:19.590542,,,,,,,10.0,1.9221811294555664,medical diagnosis,unknown,True,"Episode_10: 中間抽象度, 集約的 (dims: [13, 282, 58, 91, 281])",,,,,,,,,,,,,,,,,,,,,,,,,,,,,,,,,,,,,,,,,,,,,,,,
488,drug discovery,Few-shot Learning,10,2025-06-18T13:59:19.590542,,,,,,,,,,,,,20.0,1.9221811294555664,medical diagnosis,unknown,True,"Episode_20: 中間抽象度, 集約的 (dims: [13, 282, 58, 91, 281])",,,,,,,,,,,,,,,,,,,,,,,,,,,,,,,,,,,,,,,,,,
488,drug discovery,Few-shot Learning,10,2025-06-18T13:59:19.590542,,,,,,,,,,,,,,,,,,,30.0,1.9221811294555664,medical diagnosis,unknown,True,"Episode_30: 中間抽象度, 集約的 (dims: [13, 282, 58, 91, 281])",,,,,,,,,,,,,,,,,,,,,,,,,,,,,,,,,,,,
488,drug discovery,Few-shot Learning,10,2025-06-18T13:59:19.590542,,,,,,,,,,,,,,,,,,,,,,,,,40.0,1.9221811294555664,medical diagnosis,unknown,True,"Episode_40: 中間抽象度, 集約的 (dims: [13, 282, 58, 91, 281])",,,,,,,,,,,,,,,,,,,,,,,,,,,,,,
488,drug discovery,Few-shot Learning,10,2025-06-18T13:59:19.590542,,,,,,,,,,,,,,,,,,,,,,,,,,,,,,,50.0,1.9221811294555664,medical diagnosis,unknown,True,"Episode_50: 中間抽象度, 集約的 (dims: [13, 282, 58, 91, 281])",,,,,,,,,,,,,,,,,,,,,,,,
488,drug discovery,Few-shot Learning,10,2025-06-18T13:59:19.590542,,,,,,,,,,,,,,,,,,,,,,,,,,,,,,,,,,,,,60.0,1.9221811294555664,medical diagnosis,unknown,True,"Episode_60: 中間抽象度, 集約的 (dims: [13, 282, 58, 91, 281])",,,,,,,,,,,,,,,,,,
488,drug discovery,Few-shot Learning,10,2025-06-18T13:59:19.590542,,,,,,,,,,,,,,,,,,,,,,,,,,,,,,,,,,,,,,,,,,,70.0,1.9221811294555664,medical diagnosis,unknown,True,"Episode_70: 中間抽象度, 集約的 (dims: [13, 282, 58, 91, 281])",,,,,,,,,,,,
488,drug discovery,Few-shot Learning,10,2025-06-18T13:59:19.590542,,,,,,,,,,,,,,,,,,,,,,,,,,,,,,,,,,,,,,,,,,,,,,,,,80.0,1.9221811294555664,medical diagnosis,unknown,True,"Episode_80: 中間抽象度, 集約的 (dims: [13, 282, 58, 91, 281])",,,,,,
488,drug discovery,Few-shot Learning,10,2025-06-18T13:59:19.590542,,,,,,,,,,,,,,,,,,,,,,,,,,,,,,,,,,,,,,,,,,,,,,,,,,,,,,,90.0,1.9221811294555664,medical diagnosis,unknown,True,"Episode_90: 中間抽象度, 集約的 (dims: [13, 282, 58, 91, 281])"
489,financial prediction,Transfer Learning,10,2025-06-18T13:59:19.636226,0.0,1.9256962537765503,medical diagnosis,unknown,True,"Episode_0: 中間抽象度, 集約的 (dims: [13, 282, 58, 91, 281])",,,,,,,,,,,,,,,,,,,,,,,,,,,,,,,,,,,,,,,,,,,,,,,,,,,,,,
489,financial prediction,Transfer Learning,10,2025-06-18T13:59:19.636226,,,,,,,10.0,1.9256962537765503,medical diagnosis,unknown,True,"Episode_10: 中間抽象度, 集約的 (dims: [13, 282, 58, 91, 281])",,,,,,,,,,,,,,,,,,,,,,,,,,,,,,,,,,,,,,,,,,,,,,,,
489,financial prediction,Transfer Learning,10,2025-06-18T13:59:19.636226,,,,,,,,,,,,,20.0,1.9256962537765503,medical diagnosis,unknown,True,"Episode_20: 中間抽象度, 集約的 (dims: [13, 282, 58, 91, 281])",,,,,,,,,,,,,,,,,,,,,,,,,,,,,,,,,,,,,,,,,,
489,financial prediction,Transfer Learning,10,2025-06-18T13:59:19.636226,,,,,,,,,,,,,,,,,,,30.0,1.9256962537765503,medical diagnosis,unknown,True,"Episode_30: 中間抽象度, 集約的 (dims: [13, 282, 58, 91, 281])",,,,,,,,,,,,,,,,,,,,,,,,,,,,,,,,,,,,
489,financial prediction,Transfer Learning,10,2025-06-18T13:59:19.636226,,,,,,,,,,,,,,,,,,,,,,,,,40.0,1.9256962537765503,medical diagnosis,unknown,True,"Episode_40: 中間抽象度, 集約的 (dims: [13, 282, 58, 91, 281])",,,,,,,,,,,,,,,,,,,,,,,,,,,,,,
489,financial prediction,Transfer Learning,10,2025-06-18T13:59:19.636226,,,,,,,,,,,,,,,,,,,,,,,,,,,,,,,50.0,1.9256962537765503,medical diagnosis,unknown,True,"Episode_50: 中間抽象度, 集約的 (dims: [13, 282, 58, 91, 281])",,,,,,,,,,,,,,,,,,,,,,,,
489,financial prediction,Transfer Learning,10,2025-06-18T13:59:19.636226,,,,,,,,,,,,,,,,,,,,,,,,,,,,,,,,,,,,,60.0,1.9256962537765503,medical diagnosis,unknown,True,"Episode_60: 中間抽象度, 集約的 (dims: [13, 282, 58, 91, 281])",,,,,,,,,,,,,,,,,,
489,financial prediction,Transfer Learning,10,2025-06-18T13:59:19.636226,,,,,,,,,,,,,,,,,,,,,,,,,,,,,,,,,,,,,,,,,,,70.0,1.9256962537765503,medical diagnosis,unknown,True,"Episode_70: 中間抽象度, 集約的 (dims: [13, 282, 58, 91, 281])",,,,,,,,,,,,
489,financial prediction,Transfer Learning,10,2025-06-18T13:59:19.636226,,,,,,,,,,,,,,,,,,,,,,,,,,,,,,,,,,,,,,,,,,,,,,,,,80.0,1.9256962537765503,medical diagnosis,unknown,True,"Episode_80: 中間抽象度, 集約的 (dims: [13, 282, 58, 91, 281])",,,,,,
489,financial prediction,Transfer Learning,10,2025-06-18T13:59:19.636226,,,,,,,,,,,,,,,,,,,,,,,,,,,,,,,,,,,,,,,,,,,,,,,,,,,,,,,90.0,1.9256962537765503,medical diagnosis,unknown,True,"Episode_90: 中間抽象度, 集約的 (dims: [13, 282, 58, 91, 281])"
490,educational technology,Adversarial Machine Learning,10,2025-06-18T13:59:19.682636,0.0,1.928670048713684,medical diagnosis,unknown,True,"Episode_0: 中間抽象度, 集約的 (dims: [13, 282, 58, 91, 281])",,,,,,,,,,,,,,,,,,,,,,,,,,,,,,,,,,,,,,,,,,,,,,,,,,,,,,
490,educational technology,Adversarial Machine Learning,10,2025-06-18T13:59:19.682636,,,,,,,10.0,1.928670048713684,medical diagnosis,unknown,True,"Episode_10: 中間抽象度, 集約的 (dims: [13, 282, 58, 91, 281])",,,,,,,,,,,,,,,,,,,,,,,,,,,,,,,,,,,,,,,,,,,,,,,,
490,educational technology,Adversarial Machine Learning,10,2025-06-18T13:59:19.682636,,,,,,,,,,,,,20.0,1.928670048713684,medical diagnosis,unknown,True,"Episode_20: 中間抽象度, 集約的 (dims: [13, 282, 58, 91, 281])",,,,,,,,,,,,,,,,,,,,,,,,,,,,,,,,,,,,,,,,,,
490,educational technology,Adversarial Machine Learning,10,2025-06-18T13:59:19.682636,,,,,,,,,,,,,,,,,,,30.0,1.928670048713684,medical diagnosis,unknown,True,"Episode_30: 中間抽象度, 集約的 (dims: [13, 282, 58, 91, 281])",,,,,,,,,,,,,,,,,,,,,,,,,,,,,,,,,,,,
490,educational technology,Adversarial Machine Learning,10,2025-06-18T13:59:19.682636,,,,,,,,,,,,,,,,,,,,,,,,,40.0,1.928670048713684,medical diagnosis,unknown,True,"Episode_40: 中間抽象度, 集約的 (dims: [13, 282, 58, 91, 281])",,,,,,,,,,,,,,,,,,,,,,,,,,,,,,
490,educational technology,Adversarial Machine Learning,10,2025-06-18T13:59:19.682636,,,,,,,,,,,,,,,,,,,,,,,,,,,,,,,50.0,1.928670048713684,medical diagnosis,unknown,True,"Episode_50: 中間抽象度, 集約的 (dims: [13, 282, 58, 91, 281])",,,,,,,,,,,,,,,,,,,,,,,,
490,educational technology,Adversarial Machine Learning,10,2025-06-18T13:59:19.682636,,,,,,,,,,,,,,,,,,,,,,,,,,,,,,,,,,,,,60.0,1.928670048713684,medical diagnosis,unknown,True,"Episode_60: 中間抽象度, 集約的 (dims: [13, 282, 58, 91, 281])",,,,,,,,,,,,,,,,,,
490,educational technology,Adversarial Machine Learning,10,2025-06-18T13:59:19.682636,,,,,,,,,,,,,,,,,,,,,,,,,,,,,,,,,,,,,,,,,,,70.0,1.928670048713684,medical diagnosis,unknown,True,"Episode_70: 中間抽象度, 集約的 (dims: [13, 282, 58, 91, 281])",,,,,,,,,,,,
490,educational technology,Adversarial Machine Learning,10,2025-06-18T13:59:19.682636,,,,,,,,,,,,,,,,,,,,,,,,,,,,,,,,,,,,,,,,,,,,,,,,,80.0,1.928670048713684,medical diagnosis,unknown,True,"Episode_80: 中間抽象度, 集約的 (dims: [13, 282, 58, 91, 281])",,,,,,
490,educational technology,Adversarial Machine Learning,10,2025-06-18T13:59:19.682636,,,,,,,,,,,,,,,,,,,,,,,,,,,,,,,,,,,,,,,,,,,,,,,,,,,,,,,90.0,1.928670048713684,medical diagnosis,unknown,True,"Episode_90: 中間抽象度, 集約的 (dims: [13, 282, 58, 91, 281])"
491,medical diagnosis,Large Language Models,0,2025-06-18T13:59:19.729688,0.0,1.8874430656433105,medical diagnosis,unknown,False,"Episode_0: 中間抽象度, 集約的 (dims: [13, 282, 58, 91, 281])",,,,,,,,,,,,,,,,,,,,,,,,,,,,,,,,,,,,,,,,,,,,,,,,,,,,,,
491,medical diagnosis,Large Language Models,0,2025-06-18T13:59:19.729688,,,,,,,10.0,1.8874430656433105,medical diagnosis,unknown,False,"Episode_10: 中間抽象度, 集約的 (dims: [13, 282, 58, 91, 281])",,,,,,,,,,,,,,,,,,,,,,,,,,,,,,,,,,,,,,,,,,,,,,,,
491,medical diagnosis,Large Language Models,0,2025-06-18T13:59:19.729688,,,,,,,,,,,,,20.0,1.8874430656433105,medical diagnosis,unknown,False,"Episode_20: 中間抽象度, 集約的 (dims: [13, 282, 58, 91, 281])",,,,,,,,,,,,,,,,,,,,,,,,,,,,,,,,,,,,,,,,,,
491,medical diagnosis,Large Language Models,0,2025-06-18T13:59:19.729688,,,,,,,,,,,,,,,,,,,30.0,1.8874430656433105,medical diagnosis,unknown,False,"Episode_30: 中間抽象度, 集約的 (dims: [13, 282, 58, 91, 281])",,,,,,,,,,,,,,,,,,,,,,,,,,,,,,,,,,,,
491,medical diagnosis,Large Language Models,0,2025-06-18T13:59:19.729688,,,,,,,,,,,,,,,,,,,,,,,,,40.0,1.8874430656433105,medical diagnosis,unknown,False,"Episode_40: 中間抽象度, 集約的 (dims: [13, 282, 58, 91, 281])",,,,,,,,,,,,,,,,,,,,,,,,,,,,,,
491,medical diagnosis,Large Language Models,0,2025-06-18T13:59:19.729688,,,,,,,,,,,,,,,,,,,,,,,,,,,,,,,50.0,1.8874430656433105,medical diagnosis,unknown,False,"Episode_50: 中間抽象度, 集約的 (dims: [13, 282, 58, 91, 281])",,,,,,,,,,,,,,,,,,,,,,,,
491,medical diagnosis,Large Language Models,0,2025-06-18T13:59:19.729688,,,,,,,,,,,,,,,,,,,,,,,,,,,,,,,,,,,,,60.0,1.8874430656433105,medical diagnosis,unknown,False,"Episode_60: 中間抽象度, 集約的 (dims: [13, 282, 58, 91, 281])",,,,,,,,,,,,,,,,,,
491,medical diagnosis,Large Language Models,0,2025-06-18T13:59:19.729688,,,,,,,,,,,,,,,,,,,,,,,,,,,,,,,,,,,,,,,,,,,70.0,1.8874430656433105,medical diagnosis,unknown,False,"Episode_70: 中間抽象度, 集約的 (dims: [13, 282, 58, 91, 281])",,,,,,,,,,,,
491,medical diagnosis,Large Language Models,0,2025-06-18T13:59:19.729688,,,,,,,,,,,,,,,,,,,,,,,,,,,,,,,,,,,,,,,,,,,,,,,,,80.0,1.8874430656433105,medical diagnosis,unknown,False,"Episode_80: 中間抽象度, 集約的 (dims: [13, 282, 58, 91, 281])",,,,,,
491,medical diagnosis,Large Language Models,0,2025-06-18T13:59:19.729688,,,,,,,,,,,,,,,,,,,,,,,,,,,,,,,,,,,,,,,,,,,,,,,,,,,,,,,90.0,1.8874430656433105,medical diagnosis,unknown,False,"Episode_90: 中間抽象度, 集約的 (dims: [13, 282, 58, 91, 281])"
492,autonomous systems,Computer Vision,10,2025-06-18T13:59:19.774908,0.0,1.8768787384033203,medical diagnosis,unknown,True,"Episode_0: 中間抽象度, 集約的 (dims: [13, 282, 58, 91, 281])",,,,,,,,,,,,,,,,,,,,,,,,,,,,,,,,,,,,,,,,,,,,,,,,,,,,,,
492,autonomous systems,Computer Vision,10,2025-06-18T13:59:19.774908,,,,,,,10.0,1.8768787384033203,medical diagnosis,unknown,True,"Episode_10: 中間抽象度, 集約的 (dims: [13, 282, 58, 91, 281])",,,,,,,,,,,,,,,,,,,,,,,,,,,,,,,,,,,,,,,,,,,,,,,,
492,autonomous systems,Computer Vision,10,2025-06-18T13:59:19.774908,,,,,,,,,,,,,20.0,1.8768787384033203,medical diagnosis,unknown,True,"Episode_20: 中間抽象度, 集約的 (dims: [13, 282, 58, 91, 281])",,,,,,,,,,,,,,,,,,,,,,,,,,,,,,,,,,,,,,,,,,
492,autonomous systems,Computer Vision,10,2025-06-18T13:59:19.774908,,,,,,,,,,,,,,,,,,,30.0,1.8768787384033203,medical diagnosis,unknown,True,"Episode_30: 中間抽象度, 集約的 (dims: [13, 282, 58, 91, 281])",,,,,,,,,,,,,,,,,,,,,,,,,,,,,,,,,,,,
492,autonomous systems,Computer Vision,10,2025-06-18T13:59:19.774908,,,,,,,,,,,,,,,,,,,,,,,,,40.0,1.8768787384033203,medical diagnosis,unknown,True,"Episode_40: 中間抽象度, 集約的 (dims: [13, 282, 58, 91, 281])",,,,,,,,,,,,,,,,,,,,,,,,,,,,,,
492,autonomous systems,Computer Vision,10,2025-06-18T13:59:19.774908,,,,,,,,,,,,,,,,,,,,,,,,,,,,,,,50.0,1.8768787384033203,medical diagnosis,unknown,True,"Episode_50: 中間抽象度, 集約的 (dims: [13, 282, 58, 91, 281])",,,,,,,,,,,,,,,,,,,,,,,,
492,autonomous systems,Computer Vision,10,2025-06-18T13:59:19.774908,,,,,,,,,,,,,,,,,,,,,,,,,,,,,,,,,,,,,60.0,1.8768787384033203,medical diagnosis,unknown,True,"Episode_60: 中間抽象度, 集約的 (dims: [13, 282, 58, 91, 281])",,,,,,,,,,,,,,,,,,
492,autonomous systems,Computer Vision,10,2025-06-18T13:59:19.774908,,,,,,,,,,,,,,,,,,,,,,,,,,,,,,,,,,,,,,,,,,,70.0,1.8768787384033203,medical diagnosis,unknown,True,"Episode_70: 中間抽象度, 集約的 (dims: [13, 282, 58, 91, 281])",,,,,,,,,,,,
492,autonomous systems,Computer Vision,10,2025-06-18T13:59:19.774908,,,,,,,,,,,,,,,,,,,,,,,,,,,,,,,,,,,,,,,,,,,,,,,,,80.0,1.8768787384033203,medical diagnosis,unknown,True,"Episode_80: 中間抽象度, 集約的 (dims: [13, 282, 58, 91, 281])",,,,,,
492,autonomous systems,Computer Vision,10,2025-06-18T13:59:19.774908,,,,,,,,,,,,,,,,,,,,,,,,,,,,,,,,,,,,,,,,,,,,,,,,,,,,,,,90.0,1.8768787384033203,medical diagnosis,unknown,True,"Episode_90: 中間抽象度, 集約的 (dims: [13, 282, 58, 91, 281])"
493,natural language processing,Reinforcement Learning,10,2025-06-18T13:59:19.821232,5.0,1.8832250833511353,cybersecurity,unknown,True,"Episode_5: 中間抽象度, 集約的 (dims: [106, 62, 379, 367, 71])",,,,,,,,,,,,,,,,,,,,,,,,,,,,,,,,,,,,,,,,,,,,,,,,,,,,,,
493,natural language processing,Reinforcement Learning,10,2025-06-18T13:59:19.821232,,,,,,,15.0,1.8832250833511353,cybersecurity,unknown,True,"Episode_15: 中間抽象度, 集約的 (dims: [106, 62, 379, 367, 71])",,,,,,,,,,,,,,,,,,,,,,,,,,,,,,,,,,,,,,,,,,,,,,,,
493,natural language processing,Reinforcement Learning,10,2025-06-18T13:59:19.821232,,,,,,,,,,,,,25.0,1.8832250833511353,cybersecurity,unknown,True,"Episode_25: 中間抽象度, 集約的 (dims: [106, 62, 379, 367, 71])",,,,,,,,,,,,,,,,,,,,,,,,,,,,,,,,,,,,,,,,,,
493,natural language processing,Reinforcement Learning,10,2025-06-18T13:59:19.821232,,,,,,,,,,,,,,,,,,,35.0,1.8832250833511353,cybersecurity,unknown,True,"Episode_35: 中間抽象度, 集約的 (dims: [106, 62, 379, 367, 71])",,,,,,,,,,,,,,,,,,,,,,,,,,,,,,,,,,,,
493,natural language processing,Reinforcement Learning,10,2025-06-18T13:59:19.821232,,,,,,,,,,,,,,,,,,,,,,,,,45.0,1.8832250833511353,cybersecurity,unknown,True,"Episode_45: 中間抽象度, 集約的 (dims: [106, 62, 379, 367, 71])",,,,,,,,,,,,,,,,,,,,,,,,,,,,,,
493,natural language processing,Reinforcement Learning,10,2025-06-18T13:59:19.821232,,,,,,,,,,,,,,,,,,,,,,,,,,,,,,,55.0,1.8832250833511353,cybersecurity,unknown,True,"Episode_55: 中間抽象度, 集約的 (dims: [106, 62, 379, 367, 71])",,,,,,,,,,,,,,,,,,,,,,,,
493,natural language processing,Reinforcement Learning,10,2025-06-18T13:59:19.821232,,,,,,,,,,,,,,,,,,,,,,,,,,,,,,,,,,,,,65.0,1.8832250833511353,cybersecurity,unknown,True,"Episode_65: 中間抽象度, 集約的 (dims: [106, 62, 379, 367, 71])",,,,,,,,,,,,,,,,,,
493,natural language processing,Reinforcement Learning,10,2025-06-18T13:59:19.821232,,,,,,,,,,,,,,,,,,,,,,,,,,,,,,,,,,,,,,,,,,,75.0,1.8832250833511353,cybersecurity,unknown,True,"Episode_75: 中間抽象度, 集約的 (dims: [106, 62, 379, 367, 71])",,,,,,,,,,,,
493,natural language processing,Reinforcement Learning,10,2025-06-18T13:59:19.821232,,,,,,,,,,,,,,,,,,,,,,,,,,,,,,,,,,,,,,,,,,,,,,,,,85.0,1.8832250833511353,cybersecurity,unknown,True,"Episode_85: 中間抽象度, 集約的 (dims: [106, 62, 379, 367, 71])",,,,,,
493,natural language processing,Reinforcement Learning,10,2025-06-18T13:59:19.821232,,,,,,,,,,,,,,,,,,,,,,,,,,,,,,,,,,,,,,,,,,,,,,,,,,,,,,,95.0,1.8832250833511353,cybersecurity,unknown,True,"Episode_95: 中間抽象度, 集約的 (dims: [106, 62, 379, 367, 71])"
494,computer vision,Graph Neural Networks,10,2025-06-18T13:59:19.866428,0.0,1.894721269607544,medical diagnosis,unknown,True,"Episode_0: 中間抽象度, 集約的 (dims: [13, 282, 58, 91, 281])",,,,,,,,,,,,,,,,,,,,,,,,,,,,,,,,,,,,,,,,,,,,,,,,,,,,,,
494,computer vision,Graph Neural Networks,10,2025-06-18T13:59:19.866428,,,,,,,10.0,1.894721269607544,medical diagnosis,unknown,True,"Episode_10: 中間抽象度, 集約的 (dims: [13, 282, 58, 91, 281])",,,,,,,,,,,,,,,,,,,,,,,,,,,,,,,,,,,,,,,,,,,,,,,,
494,computer vision,Graph Neural Networks,10,2025-06-18T13:59:19.866428,,,,,,,,,,,,,20.0,1.894721269607544,medical diagnosis,unknown,True,"Episode_20: 中間抽象度, 集約的 (dims: [13, 282, 58, 91, 281])",,,,,,,,,,,,,,,,,,,,,,,,,,,,,,,,,,,,,,,,,,
494,computer vision,Graph Neural Networks,10,2025-06-18T13:59:19.866428,,,,,,,,,,,,,,,,,,,30.0,1.894721269607544,medical diagnosis,unknown,True,"Episode_30: 中間抽象度, 集約的 (dims: [13, 282, 58, 91, 281])",,,,,,,,,,,,,,,,,,,,,,,,,,,,,,,,,,,,
494,computer vision,Graph Neural Networks,10,2025-06-18T13:59:19.866428,,,,,,,,,,,,,,,,,,,,,,,,,40.0,1.894721269607544,medical diagnosis,unknown,True,"Episode_40: 中間抽象度, 集約的 (dims: [13, 282, 58, 91, 281])",,,,,,,,,,,,,,,,,,,,,,,,,,,,,,
494,computer vision,Graph Neural Networks,10,2025-06-18T13:59:19.866428,,,,,,,,,,,,,,,,,,,,,,,,,,,,,,,50.0,1.894721269607544,medical diagnosis,unknown,True,"Episode_50: 中間抽象度, 集約的 (dims: [13, 282, 58, 91, 281])",,,,,,,,,,,,,,,,,,,,,,,,
494,computer vision,Graph Neural Networks,10,2025-06-18T13:59:19.866428,,,,,,,,,,,,,,,,,,,,,,,,,,,,,,,,,,,,,60.0,1.894721269607544,medical diagnosis,unknown,True,"Episode_60: 中間抽象度, 集約的 (dims: [13, 282, 58, 91, 281])",,,,,,,,,,,,,,,,,,
494,computer vision,Graph Neural Networks,10,2025-06-18T13:59:19.866428,,,,,,,,,,,,,,,,,,,,,,,,,,,,,,,,,,,,,,,,,,,70.0,1.894721269607544,medical diagnosis,unknown,True,"Episode_70: 中間抽象度, 集約的 (dims: [13, 282, 58, 91, 281])",,,,,,,,,,,,
494,computer vision,Graph Neural Networks,10,2025-06-18T13:59:19.866428,,,,,,,,,,,,,,,,,,,,,,,,,,,,,,,,,,,,,,,,,,,,,,,,,80.0,1.894721269607544,medical diagnosis,unknown,True,"Episode_80: 中間抽象度, 集約的 (dims: [13, 282, 58, 91, 281])",,,,,,
494,computer vision,Graph Neural Networks,10,2025-06-18T13:59:19.866428,,,,,,,,,,,,,,,,,,,,,,,,,,,,,,,,,,,,,,,,,,,,,,,,,,,,,,,90.0,1.894721269607544,medical diagnosis,unknown,True,"Episode_90: 中間抽象度, 集約的 (dims: [13, 282, 58, 91, 281])"
495,robotics,Federated Learning,10,2025-06-18T13:59:19.911036,5.0,1.8728573322296143,cybersecurity,unknown,True,"Episode_5: 中間抽象度, 集約的 (dims: [106, 62, 379, 367, 71])",,,,,,,,,,,,,,,,,,,,,,,,,,,,,,,,,,,,,,,,,,,,,,,,,,,,,,
495,robotics,Federated Learning,10,2025-06-18T13:59:19.911036,,,,,,,15.0,1.8728573322296143,cybersecurity,unknown,True,"Episode_15: 中間抽象度, 集約的 (dims: [106, 62, 379, 367, 71])",,,,,,,,,,,,,,,,,,,,,,,,,,,,,,,,,,,,,,,,,,,,,,,,
495,robotics,Federated Learning,10,2025-06-18T13:59:19.911036,,,,,,,,,,,,,25.0,1.8728573322296143,cybersecurity,unknown,True,"Episode_25: 中間抽象度, 集約的 (dims: [106, 62, 379, 367, 71])",,,,,,,,,,,,,,,,,,,,,,,,,,,,,,,,,,,,,,,,,,
495,robotics,Federated Learning,10,2025-06-18T13:59:19.911036,,,,,,,,,,,,,,,,,,,35.0,1.8728573322296143,cybersecurity,unknown,True,"Episode_35: 中間抽象度, 集約的 (dims: [106, 62, 379, 367, 71])",,,,,,,,,,,,,,,,,,,,,,,,,,,,,,,,,,,,
495,robotics,Federated Learning,10,2025-06-18T13:59:19.911036,,,,,,,,,,,,,,,,,,,,,,,,,45.0,1.8728573322296143,cybersecurity,unknown,True,"Episode_45: 中間抽象度, 集約的 (dims: [106, 62, 379, 367, 71])",,,,,,,,,,,,,,,,,,,,,,,,,,,,,,
495,robotics,Federated Learning,10,2025-06-18T13:59:19.911036,,,,,,,,,,,,,,,,,,,,,,,,,,,,,,,55.0,1.8728573322296143,cybersecurity,unknown,True,"Episode_55: 中間抽象度, 集約的 (dims: [106, 62, 379, 367, 71])",,,,,,,,,,,,,,,,,,,,,,,,
495,robotics,Federated Learning,10,2025-06-18T13:59:19.911036,,,,,,,,,,,,,,,,,,,,,,,,,,,,,,,,,,,,,65.0,1.8728573322296143,cybersecurity,unknown,True,"Episode_65: 中間抽象度, 集約的 (dims: [106, 62, 379, 367, 71])",,,,,,,,,,,,,,,,,,
495,robotics,Federated Learning,10,2025-06-18T13:59:19.911036,,,,,,,,,,,,,,,,,,,,,,,,,,,,,,,,,,,,,,,,,,,75.0,1.8728573322296143,cybersecurity,unknown,True,"Episode_75: 中間抽象度, 集約的 (dims: [106, 62, 379, 367, 71])",,,,,,,,,,,,
495,robotics,Federated Learning,10,2025-06-18T13:59:19.911036,,,,,,,,,,,,,,,,,,,,,,,,,,,,,,,,,,,,,,,,,,,,,,,,,85.0,1.8728573322296143,cybersecurity,unknown,True,"Episode_85: 中間抽象度, 集約的 (dims: [106, 62, 379, 367, 71])",,,,,,
495,robotics,Federated Learning,10,2025-06-18T13:59:19.911036,,,,,,,,,,,,,,,,,,,,,,,,,,,,,,,,,,,,,,,,,,,,,,,,,,,,,,,95.0,1.8728573322296143,cybersecurity,unknown,True,"Episode_95: 中間抽象度, 集約的 (dims: [106, 62, 379, 367, 71])"
496,cybersecurity,Explainable AI,10,2025-06-18T13:59:19.957563,0.0,1.911033272743225,medical diagnosis,unknown,True,"Episode_0: 中間抽象度, 集約的 (dims: [13, 282, 58, 91, 281])",,,,,,,,,,,,,,,,,,,,,,,,,,,,,,,,,,,,,,,,,,,,,,,,,,,,,,
496,cybersecurity,Explainable AI,10,2025-06-18T13:59:19.957563,,,,,,,10.0,1.911033272743225,medical diagnosis,unknown,True,"Episode_10: 中間抽象度, 集約的 (dims: [13, 282, 58, 91, 281])",,,,,,,,,,,,,,,,,,,,,,,,,,,,,,,,,,,,,,,,,,,,,,,,
496,cybersecurity,Explainable AI,10,2025-06-18T13:59:19.957563,,,,,,,,,,,,,20.0,1.911033272743225,medical diagnosis,unknown,True,"Episode_20: 中間抽象度, 集約的 (dims: [13, 282, 58, 91, 281])",,,,,,,,,,,,,,,,,,,,,,,,,,,,,,,,,,,,,,,,,,
496,cybersecurity,Explainable AI,10,2025-06-18T13:59:19.957563,,,,,,,,,,,,,,,,,,,30.0,1.911033272743225,medical diagnosis,unknown,True,"Episode_30: 中間抽象度, 集約的 (dims: [13, 282, 58, 91, 281])",,,,,,,,,,,,,,,,,,,,,,,,,,,,,,,,,,,,
496,cybersecurity,Explainable AI,10,2025-06-18T13:59:19.957563,,,,,,,,,,,,,,,,,,,,,,,,,40.0,1.911033272743225,medical diagnosis,unknown,True,"Episode_40: 中間抽象度, 集約的 (dims: [13, 282, 58, 91, 281])",,,,,,,,,,,,,,,,,,,,,,,,,,,,,,
496,cybersecurity,Explainable AI,10,2025-06-18T13:59:19.957563,,,,,,,,,,,,,,,,,,,,,,,,,,,,,,,50.0,1.911033272743225,medical diagnosis,unknown,True,"Episode_50: 中間抽象度, 集約的 (dims: [13, 282, 58, 91, 281])",,,,,,,,,,,,,,,,,,,,,,,,
496,cybersecurity,Explainable AI,10,2025-06-18T13:59:19.957563,,,,,,,,,,,,,,,,,,,,,,,,,,,,,,,,,,,,,60.0,1.911033272743225,medical diagnosis,unknown,True,"Episode_60: 中間抽象度, 集約的 (dims: [13, 282, 58, 91, 281])",,,,,,,,,,,,,,,,,,
496,cybersecurity,Explainable AI,10,2025-06-18T13:59:19.957563,,,,,,,,,,,,,,,,,,,,,,,,,,,,,,,,,,,,,,,,,,,70.0,1.911033272743225,medical diagnosis,unknown,True,"Episode_70: 中間抽象度, 集約的 (dims: [13, 282, 58, 91, 281])",,,,,,,,,,,,
496,cybersecurity,Explainable AI,10,2025-06-18T13:59:19.957563,,,,,,,,,,,,,,,,,,,,,,,,,,,,,,,,,,,,,,,,,,,,,,,,,80.0,1.911033272743225,medical diagnosis,unknown,True,"Episode_80: 中間抽象度, 集約的 (dims: [13, 282, 58, 91, 281])",,,,,,
496,cybersecurity,Explainable AI,10,2025-06-18T13:59:19.957563,,,,,,,,,,,,,,,,,,,,,,,,,,,,,,,,,,,,,,,,,,,,,,,,,,,,,,,90.0,1.911033272743225,medical diagnosis,unknown,True,"Episode_90: 中間抽象度, 集約的 (dims: [13, 282, 58, 91, 281])"
497,climate modeling,Multimodal Learning,10,2025-06-18T13:59:20.002275,5.0,1.9013603925704956,cybersecurity,unknown,True,"Episode_5: 中間抽象度, 集約的 (dims: [106, 62, 379, 367, 71])",,,,,,,,,,,,,,,,,,,,,,,,,,,,,,,,,,,,,,,,,,,,,,,,,,,,,,
497,climate modeling,Multimodal Learning,10,2025-06-18T13:59:20.002275,,,,,,,15.0,1.9013603925704956,cybersecurity,unknown,True,"Episode_15: 中間抽象度, 集約的 (dims: [106, 62, 379, 367, 71])",,,,,,,,,,,,,,,,,,,,,,,,,,,,,,,,,,,,,,,,,,,,,,,,
497,climate modeling,Multimodal Learning,10,2025-06-18T13:59:20.002275,,,,,,,,,,,,,25.0,1.9013603925704956,cybersecurity,unknown,True,"Episode_25: 中間抽象度, 集約的 (dims: [106, 62, 379, 367, 71])",,,,,,,,,,,,,,,,,,,,,,,,,,,,,,,,,,,,,,,,,,
497,climate modeling,Multimodal Learning,10,2025-06-18T13:59:20.002275,,,,,,,,,,,,,,,,,,,35.0,1.9013603925704956,cybersecurity,unknown,True,"Episode_35: 中間抽象度, 集約的 (dims: [106, 62, 379, 367, 71])",,,,,,,,,,,,,,,,,,,,,,,,,,,,,,,,,,,,
497,climate modeling,Multimodal Learning,10,2025-06-18T13:59:20.002275,,,,,,,,,,,,,,,,,,,,,,,,,45.0,1.9013603925704956,cybersecurity,unknown,True,"Episode_45: 中間抽象度, 集約的 (dims: [106, 62, 379, 367, 71])",,,,,,,,,,,,,,,,,,,,,,,,,,,,,,
497,climate modeling,Multimodal Learning,10,2025-06-18T13:59:20.002275,,,,,,,,,,,,,,,,,,,,,,,,,,,,,,,55.0,1.9013603925704956,cybersecurity,unknown,True,"Episode_55: 中間抽象度, 集約的 (dims: [106, 62, 379, 367, 71])",,,,,,,,,,,,,,,,,,,,,,,,
497,climate modeling,Multimodal Learning,10,2025-06-18T13:59:20.002275,,,,,,,,,,,,,,,,,,,,,,,,,,,,,,,,,,,,,65.0,1.9013603925704956,cybersecurity,unknown,True,"Episode_65: 中間抽象度, 集約的 (dims: [106, 62, 379, 367, 71])",,,,,,,,,,,,,,,,,,
497,climate modeling,Multimodal Learning,10,2025-06-18T13:59:20.002275,,,,,,,,,,,,,,,,,,,,,,,,,,,,,,,,,,,,,,,,,,,75.0,1.9013603925704956,cybersecurity,unknown,True,"Episode_75: 中間抽象度, 集約的 (dims: [106, 62, 379, 367, 71])",,,,,,,,,,,,
497,climate modeling,Multimodal Learning,10,2025-06-18T13:59:20.002275,,,,,,,,,,,,,,,,,,,,,,,,,,,,,,,,,,,,,,,,,,,,,,,,,85.0,1.9013603925704956,cybersecurity,unknown,True,"Episode_85: 中間抽象度, 集約的 (dims: [106, 62, 379, 367, 71])",,,,,,
497,climate modeling,Multimodal Learning,10,2025-06-18T13:59:20.002275,,,,,,,,,,,,,,,,,,,,,,,,,,,,,,,,,,,,,,,,,,,,,,,,,,,,,,,95.0,1.9013603925704956,cybersecurity,unknown,True,"Episode_95: 中間抽象度, 集約的 (dims: [106, 62, 379, 367, 71])"
498,drug discovery,Few-shot Learning,10,2025-06-18T13:59:20.048109,0.0,1.9221811294555664,medical diagnosis,unknown,True,"Episode_0: 中間抽象度, 集約的 (dims: [13, 282, 58, 91, 281])",,,,,,,,,,,,,,,,,,,,,,,,,,,,,,,,,,,,,,,,,,,,,,,,,,,,,,
498,drug discovery,Few-shot Learning,10,2025-06-18T13:59:20.048109,,,,,,,10.0,1.9221811294555664,medical diagnosis,unknown,True,"Episode_10: 中間抽象度, 集約的 (dims: [13, 282, 58, 91, 281])",,,,,,,,,,,,,,,,,,,,,,,,,,,,,,,,,,,,,,,,,,,,,,,,
498,drug discovery,Few-shot Learning,10,2025-06-18T13:59:20.048109,,,,,,,,,,,,,20.0,1.9221811294555664,medical diagnosis,unknown,True,"Episode_20: 中間抽象度, 集約的 (dims: [13, 282, 58, 91, 281])",,,,,,,,,,,,,,,,,,,,,,,,,,,,,,,,,,,,,,,,,,
498,drug discovery,Few-shot Learning,10,2025-06-18T13:59:20.048109,,,,,,,,,,,,,,,,,,,30.0,1.9221811294555664,medical diagnosis,unknown,True,"Episode_30: 中間抽象度, 集約的 (dims: [13, 282, 58, 91, 281])",,,,,,,,,,,,,,,,,,,,,,,,,,,,,,,,,,,,
498,drug discovery,Few-shot Learning,10,2025-06-18T13:59:20.048109,,,,,,,,,,,,,,,,,,,,,,,,,40.0,1.9221811294555664,medical diagnosis,unknown,True,"Episode_40: 中間抽象度, 集約的 (dims: [13, 282, 58, 91, 281])",,,,,,,,,,,,,,,,,,,,,,,,,,,,,,
498,drug discovery,Few-shot Learning,10,2025-06-18T13:59:20.048109,,,,,,,,,,,,,,,,,,,,,,,,,,,,,,,50.0,1.9221811294555664,medical diagnosis,unknown,True,"Episode_50: 中間抽象度, 集約的 (dims: [13, 282, 58, 91, 281])",,,,,,,,,,,,,,,,,,,,,,,,
498,drug discovery,Few-shot Learning,10,2025-06-18T13:59:20.048109,,,,,,,,,,,,,,,,,,,,,,,,,,,,,,,,,,,,,60.0,1.9221811294555664,medical diagnosis,unknown,True,"Episode_60: 中間抽象度, 集約的 (dims: [13, 282, 58, 91, 281])",,,,,,,,,,,,,,,,,,
498,drug discovery,Few-shot Learning,10,2025-06-18T13:59:20.048109,,,,,,,,,,,,,,,,,,,,,,,,,,,,,,,,,,,,,,,,,,,70.0,1.9221811294555664,medical diagnosis,unknown,True,"Episode_70: 中間抽象度, 集約的 (dims: [13, 282, 58, 91, 281])",,,,,,,,,,,,
498,drug discovery,Few-shot Learning,10,2025-06-18T13:59:20.048109,,,,,,,,,,,,,,,,,,,,,,,,,,,,,,,,,,,,,,,,,,,,,,,,,80.0,1.9221811294555664,medical diagnosis,unknown,True,"Episode_80: 中間抽象度, 集約的 (dims: [13, 282, 58, 91, 281])",,,,,,
498,drug discovery,Few-shot Learning,10,2025-06-18T13:59:20.048109,,,,,,,,,,,,,,,,,,,,,,,,,,,,,,,,,,,,,,,,,,,,,,,,,,,,,,,90.0,1.9221811294555664,medical diagnosis,unknown,True,"Episode_90: 中間抽象度, 集約的 (dims: [13, 282, 58, 91, 281])"
499,financial prediction,Transfer Learning,10,2025-06-18T13:59:20.093795,0.0,1.9256962537765503,medical diagnosis,unknown,True,"Episode_0: 中間抽象度, 集約的 (dims: [13, 282, 58, 91, 281])",,,,,,,,,,,,,,,,,,,,,,,,,,,,,,,,,,,,,,,,,,,,,,,,,,,,,,
499,financial prediction,Transfer Learning,10,2025-06-18T13:59:20.093795,,,,,,,10.0,1.9256962537765503,medical diagnosis,unknown,True,"Episode_10: 中間抽象度, 集約的 (dims: [13, 282, 58, 91, 281])",,,,,,,,,,,,,,,,,,,,,,,,,,,,,,,,,,,,,,,,,,,,,,,,
499,financial prediction,Transfer Learning,10,2025-06-18T13:59:20.093795,,,,,,,,,,,,,20.0,1.9256962537765503,medical diagnosis,unknown,True,"Episode_20: 中間抽象度, 集約的 (dims: [13, 282, 58, 91, 281])",,,,,,,,,,,,,,,,,,,,,,,,,,,,,,,,,,,,,,,,,,
499,financial prediction,Transfer Learning,10,2025-06-18T13:59:20.093795,,,,,,,,,,,,,,,,,,,30.0,1.9256962537765503,medical diagnosis,unknown,True,"Episode_30: 中間抽象度, 集約的 (dims: [13, 282, 58, 91, 281])",,,,,,,,,,,,,,,,,,,,,,,,,,,,,,,,,,,,
499,financial prediction,Transfer Learning,10,2025-06-18T13:59:20.093795,,,,,,,,,,,,,,,,,,,,,,,,,40.0,1.9256962537765503,medical diagnosis,unknown,True,"Episode_40: 中間抽象度, 集約的 (dims: [13, 282, 58, 91, 281])",,,,,,,,,,,,,,,,,,,,,,,,,,,,,,
499,financial prediction,Transfer Learning,10,2025-06-18T13:59:20.093795,,,,,,,,,,,,,,,,,,,,,,,,,,,,,,,50.0,1.9256962537765503,medical diagnosis,unknown,True,"Episode_50: 中間抽象度, 集約的 (dims: [13, 282, 58, 91, 281])",,,,,,,,,,,,,,,,,,,,,,,,
499,financial prediction,Transfer Learning,10,2025-06-18T13:59:20.093795,,,,,,,,,,,,,,,,,,,,,,,,,,,,,,,,,,,,,60.0,1.9256962537765503,medical diagnosis,unknown,True,"Episode_60: 中間抽象度, 集約的 (dims: [13, 282, 58, 91, 281])",,,,,,,,,,,,,,,,,,
499,financial prediction,Transfer Learning,10,2025-06-18T13:59:20.093795,,,,,,,,,,,,,,,,,,,,,,,,,,,,,,,,,,,,,,,,,,,70.0,1.9256962537765503,medical diagnosis,unknown,True,"Episode_70: 中間抽象度, 集約的 (dims: [13, 282, 58, 91, 281])",,,,,,,,,,,,
499,financial prediction,Transfer Learning,10,2025-06-18T13:59:20.093795,,,,,,,,,,,,,,,,,,,,,,,,,,,,,,,,,,,,,,,,,,,,,,,,,80.0,1.9256962537765503,medical diagnosis,unknown,True,"Episode_80: 中間抽象度, 集約的 (dims: [13, 282, 58, 91, 281])",,,,,,
499,financial prediction,Transfer Learning,10,2025-06-18T13:59:20.093795,,,,,,,,,,,,,,,,,,,,,,,,,,,,,,,,,,,,,,,,,,,,,,,,,,,,,,,90.0,1.9256962537765503,medical diagnosis,unknown,True,"Episode_90: 中間抽象度, 集約的 (dims: [13, 282, 58, 91, 281])"
500,educational technology,Adversarial Machine Learning,10,2025-06-18T13:59:20.139795,0.0,1.928670048713684,medical diagnosis,unknown,True,"Episode_0: 中間抽象度, 集約的 (dims: [13, 282, 58, 91, 281])",,,,,,,,,,,,,,,,,,,,,,,,,,,,,,,,,,,,,,,,,,,,,,,,,,,,,,
500,educational technology,Adversarial Machine Learning,10,2025-06-18T13:59:20.139795,,,,,,,10.0,1.928670048713684,medical diagnosis,unknown,True,"Episode_10: 中間抽象度, 集約的 (dims: [13, 282, 58, 91, 281])",,,,,,,,,,,,,,,,,,,,,,,,,,,,,,,,,,,,,,,,,,,,,,,,
500,educational technology,Adversarial Machine Learning,10,2025-06-18T13:59:20.139795,,,,,,,,,,,,,20.0,1.928670048713684,medical diagnosis,unknown,True,"Episode_20: 中間抽象度, 集約的 (dims: [13, 282, 58, 91, 281])",,,,,,,,,,,,,,,,,,,,,,,,,,,,,,,,,,,,,,,,,,
500,educational technology,Adversarial Machine Learning,10,2025-06-18T13:59:20.139795,,,,,,,,,,,,,,,,,,,30.0,1.928670048713684,medical diagnosis,unknown,True,"Episode_30: 中間抽象度, 集約的 (dims: [13, 282, 58, 91, 281])",,,,,,,,,,,,,,,,,,,,,,,,,,,,,,,,,,,,
500,educational technology,Adversarial Machine Learning,10,2025-06-18T13:59:20.139795,,,,,,,,,,,,,,,,,,,,,,,,,40.0,1.928670048713684,medical diagnosis,unknown,True,"Episode_40: 中間抽象度, 集約的 (dims: [13, 282, 58, 91, 281])",,,,,,,,,,,,,,,,,,,,,,,,,,,,,,
500,educational technology,Adversarial Machine Learning,10,2025-06-18T13:59:20.139795,,,,,,,,,,,,,,,,,,,,,,,,,,,,,,,50.0,1.928670048713684,medical diagnosis,unknown,True,"Episode_50: 中間抽象度, 集約的 (dims: [13, 282, 58, 91, 281])",,,,,,,,,,,,,,,,,,,,,,,,
500,educational technology,Adversarial Machine Learning,10,2025-06-18T13:59:20.139795,,,,,,,,,,,,,,,,,,,,,,,,,,,,,,,,,,,,,60.0,1.928670048713684,medical diagnosis,unknown,True,"Episode_60: 中間抽象度, 集約的 (dims: [13, 282, 58, 91, 281])",,,,,,,,,,,,,,,,,,
500,educational technology,Adversarial Machine Learning,10,2025-06-18T13:59:20.139795,,,,,,,,,,,,,,,,,,,,,,,,,,,,,,,,,,,,,,,,,,,70.0,1.928670048713684,medical diagnosis,unknown,True,"Episode_70: 中間抽象度, 集約的 (dims: [13, 282, 58, 91, 281])",,,,,,,,,,,,
500,educational technology,Adversarial Machine Learning,10,2025-06-18T13:59:20.139795,,,,,,,,,,,,,,,,,,,,,,,,,,,,,,,,,,,,,,,,,,,,,,,,,80.0,1.928670048713684,medical diagnosis,unknown,True,"Episode_80: 中間抽象度, 集約的 (dims: [13, 282, 58, 91, 281])",,,,,,
500,educational technology,Adversarial Machine Learning,10,2025-06-18T13:59:20.139795,,,,,,,,,,,,,,,,,,,,,,,,,,,,,,,,,,,,,,,,,,,,,,,,,,,,,,,90.0,1.928670048713684,medical diagnosis,unknown,True,"Episode_90: 中間抽象度, 集約的 (dims: [13, 282, 58, 91, 281])"
